780 23240 16420 23800 1 2
780 23240 16420 23800 2 2
760 23240 16440 23800 0 2
760 23240 16440 23800 1 2
780 35000 16420 35560 1 2
780 35000 16420 35560 2 2
760 35000 16440 35560 0 2
760 35000 16440 35560 1 2
780 46760 16420 47320 1 2
780 46760 16420 47320 2 2
760 46760 16440 47320 0 2
760 46760 16440 47320 1 2
780 58520 16420 59080 1 2
780 58520 16420 59080 2 2
760 58520 16440 59080 0 2
760 58520 16440 59080 1 2
780 63560 16420 64120 1 2
780 63560 16420 64120 2 2
760 63560 16440 64120 0 2
760 63560 16440 64120 1 2
1470 17860 1970 25820 0 2
1470 17860 1970 25820 1 2
1470 29620 1970 37580 0 2
1470 29620 1970 37580 1 2
1470 41380 1970 49340 0 2
1470 41380 1970 49340 1 2
1470 53140 1970 61100 0 2
1470 53140 1970 61100 1 2
1470 61540 1970 69500 0 2
1470 61540 1970 69500 1 2
2030 16840 4850 18440 3 2
2030 16840 4850 18440 4 2
2030 16840 4850 18440 2 2
2030 16840 4850 18440 3 2
2500 12320 14700 12880 1 2
2500 12320 14700 12880 2 2
2480 12320 14720 12880 0 2
2480 12320 14720 12880 1 2
2500 16520 14700 17080 1 2
2500 16520 14700 17080 2 2
2480 16520 14720 17080 0 2
2480 16520 14720 17080 1 2
2500 24080 14700 24640 1 2
2500 24080 14700 24640 2 2
2480 24080 14720 24640 0 2
2480 24080 14720 24640 1 2
2500 28280 14700 28840 1 2
2500 28280 14700 28840 2 2
2480 28280 14720 28840 0 2
2480 28280 14720 28840 1 2
2500 36680 14700 37240 1 2
2500 36680 14700 37240 2 2
2480 36680 14720 37240 0 2
2480 36680 14720 37240 1 2
2500 40040 14700 40600 1 2
2500 40040 14700 40600 2 2
2480 40040 14720 40600 0 2
2480 40040 14720 40600 1 2
2500 47600 14700 48160 1 2
2500 47600 14700 48160 2 2
2480 47600 14720 48160 0 2
2480 47600 14720 48160 1 2
2500 51800 14700 52360 1 2
2500 51800 14700 52360 2 2
2480 51800 14720 52360 0 2
2480 51800 14720 52360 1 2
2500 60200 14700 60760 1 2
2500 60200 14700 60760 2 2
2480 60200 14720 60760 0 2
2480 60200 14720 60760 1 2
2500 61880 14700 62440 1 2
2500 61880 14700 62440 2 2
2480 61880 14720 62440 0 2
2480 61880 14720 62440 1 2
2500 70280 14700 70840 1 2
2500 70280 14700 70840 2 2
2480 70280 14720 70840 0 2
2480 70280 14720 70840 1 2
2500 74480 14700 75040 1 2
2500 74480 14700 75040 2 2
2480 74480 14720 75040 0 2
2480 74480 14720 75040 1 2
2520 12320 4360 12880 1 2
2520 12320 4360 12880 2 2
2500 12320 4380 12880 0 2
2500 12320 4380 12880 1 2
3160 11630 3720 13570 2 2
3160 11630 3720 13570 3 2
3160 11680 3720 13520 1 2
3160 11680 3720 13520 2 2
2560 12320 4320 12880 1 2
2560 12320 4320 12880 2 2
2540 12320 4340 12880 0 2
2540 12320 4340 12880 1 2
3160 11950 3720 18290 2 2
3160 11950 3720 18290 3 2
3160 12000 3720 18240 1 2
3160 12000 3720 18240 2 2
3160 16620 3720 18660 2 2
3160 16620 3720 18660 3 2
3160 16670 3720 18610 1 2
3160 16670 3720 18610 2 2
3190 11140 3690 14060 0 2
3190 11140 3690 14060 1 2
3190 15340 3690 18260 0 2
3190 15340 3690 18260 1 2
3190 17860 3690 25820 0 2
3190 17860 3690 25820 1 2
3190 27100 3690 30020 0 2
3190 27100 3690 30020 1 2
3190 29620 3690 37580 0 2
3190 29620 3690 37580 1 2
3190 38860 3690 41780 0 2
3190 38860 3690 41780 1 2
3190 41380 3690 49340 0 2
3190 41380 3690 49340 1 2
3190 50620 3690 53540 0 2
3190 50620 3690 53540 1 2
3190 53140 3690 61100 0 2
3190 53140 3690 61100 1 2
3190 61540 3690 69500 0 2
3190 61540 3690 69500 1 2
3190 69100 3690 72020 0 2
3190 69100 3690 72020 1 2
3190 73300 3690 76220 0 2
3190 73300 3690 76220 1 2
4910 17860 5410 25820 0 2
4910 17860 5410 25820 1 2
4910 29620 5410 37580 0 2
4910 29620 5410 37580 1 2
4910 41380 5410 49340 0 2
4910 41380 5410 49340 1 2
4910 53140 5410 61100 0 2
4910 53140 5410 61100 1 2
4910 61540 5410 69500 0 2
4910 61540 5410 69500 1 2
5940 24920 11260 25480 1 2
5940 24920 11260 25480 2 2
5920 24920 11280 25480 0 2
5920 24920 11280 25480 1 2
5940 35840 11260 36400 1 2
5940 35840 11260 36400 2 2
5920 35840 11280 36400 0 2
5920 35840 11280 36400 1 2
5940 48440 11260 49000 1 2
5940 48440 11260 49000 2 2
5920 48440 11280 49000 0 2
5920 48440 11280 49000 1 2
5940 59360 11260 59920 1 2
5940 59360 11260 59920 2 2
5920 59360 11280 59920 0 2
5920 59360 11280 59920 1 2
5940 62720 11260 63280 1 2
5940 62720 11260 63280 2 2
5920 62720 11280 63280 0 2
5920 62720 11280 63280 1 2
6630 11140 7130 14060 0 2
6630 11140 7130 14060 1 2
6630 15340 7130 18260 0 2
6630 15340 7130 18260 1 2
6630 17860 7130 25820 0 2
6630 17860 7130 25820 1 2
6630 27100 7130 30020 0 2
6630 27100 7130 30020 1 2
6630 29620 7130 37580 0 2
6630 29620 7130 37580 1 2
6630 38860 7130 41780 0 2
6630 38860 7130 41780 1 2
6630 41380 7130 49340 0 2
6630 41380 7130 49340 1 2
6630 50620 7130 53540 0 2
6630 50620 7130 53540 1 2
6630 53140 7130 61100 0 2
6630 53140 7130 61100 1 2
6630 61540 7130 69500 0 2
6630 61540 7130 69500 1 2
6630 69100 7130 72020 0 2
6630 69100 7130 72020 1 2
6630 73300 7130 76220 0 2
6630 73300 7130 76220 1 2
6800 57680 8680 58240 1 2
6800 57680 8680 58240 2 2
6780 57680 8700 58240 0 2
6780 57680 8700 58240 1 2
6800 62720 8680 63280 1 2
6800 62720 8680 63280 2 2
6780 62720 8700 63280 0 2
6780 62720 8700 63280 1 2
6820 57680 8660 58240 1 2
6820 57680 8660 58240 2 2
6800 57680 8680 58240 0 2
6800 57680 8680 58240 1 2
6820 62720 8660 63280 1 2
6820 62720 8660 63280 2 2
6800 62720 8680 63280 0 2
6800 62720 8680 63280 1 2
6842 57680 8638 58240 1 2
6842 57680 8638 58240 2 2
6822 57680 8658 58240 0 2
6822 57680 8658 58240 1 2
7460 22550 8020 59770 2 2
7460 22550 8020 59770 3 2
7460 22600 8020 59720 1 2
7460 22600 8020 59720 2 2
7460 56940 8020 58980 2 2
7460 56940 8020 58980 3 2
7460 56990 8020 58930 1 2
7460 56990 8020 58930 2 2
7460 56990 8020 58930 2 2
7460 56990 8020 58930 3 2
7460 57040 8020 58880 1 2
7460 57040 8020 58880 2 2
7460 61190 8020 71530 2 2
7460 61190 8020 71530 3 2
7460 61240 8020 71480 1 2
7460 61240 8020 71480 2 2
7490 57340 7990 58580 0 2
7490 57340 7990 58580 1 2
7490 57510 7990 63450 0 2
7490 57510 7990 63450 1 2
7490 62380 7990 63620 0 2
7490 62380 7990 63620 1 2
7680 39200 9520 39760 1 2
7680 39200 9520 39760 2 2
7660 39200 9540 39760 0 2
7660 39200 9540 39760 1 2
8320 23390 8880 60610 2 2
8320 23390 8880 60610 3 2
8320 23440 8880 60560 1 2
8320 23440 8880 60560 2 2
8320 38460 8880 40500 2 2
8320 38460 8880 40500 3 2
8320 38510 8880 40450 1 2
8320 38510 8880 40450 2 2
8320 38510 8880 40450 2 2
8320 38510 8880 40450 3 2
8320 38560 8880 40400 1 2
8320 38560 8880 40400 2 2
8350 17860 8850 25820 0 2
8350 17860 8850 25820 1 2
8350 29620 8850 37580 0 2
8350 29620 8850 37580 1 2
8350 41380 8850 49340 0 2
8350 41380 8850 49340 1 2
8350 53140 8850 61100 0 2
8350 53140 8850 61100 1 2
8350 61540 8850 69500 0 2
8350 61540 8850 69500 1 2
8000 39200 22960 39760 1 2
8000 39200 22960 39760 2 2
7980 39200 22980 39760 0 2
7980 39200 22980 39760 1 2
8520 37000 10400 38600 3 2
8520 37000 10400 38600 4 2
8520 37000 10400 38600 2 2
8520 37000 10400 38600 3 2
8540 64400 10380 64960 1 2
8540 64400 10380 64960 2 2
8520 64400 10400 64960 0 2
8520 64400 10400 64960 1 2
9180 15830 9740 61450 2 2
9180 15830 9740 61450 3 2
9180 15880 9740 61400 1 2
9180 15880 9740 61400 2 2
9180 36780 9740 38820 2 2
9180 36780 9740 38820 3 2
9180 36830 9740 38770 1 2
9180 36830 9740 38770 2 2
9180 62870 9740 75730 2 2
9180 62870 9740 75730 3 2
9180 62920 9740 75680 1 2
9180 62920 9740 75680 2 2
9180 63710 9740 65650 2 2
9180 63710 9740 65650 3 2
9180 63760 9740 65600 1 2
9180 63760 9740 65600 2 2
9180 63750 9740 65610 2 2
9180 63750 9740 65610 3 2
9180 63800 9740 65560 1 2
9180 63800 9740 65560 2 2
8850 37000 33290 38600 3 2
8850 37000 33290 38600 4 2
8850 37000 33290 38600 2 2
8850 37000 33290 38600 3 2
8860 64400 10920 64960 1 2
8860 64400 10920 64960 2 2
8840 64400 10940 64960 0 2
8840 64400 10940 64960 1 2
8910 52120 11730 53720 3 2
8910 52120 11730 53720 4 2
8910 52120 11730 53720 2 2
8910 52120 11730 53720 3 2
9400 64400 11240 64960 1 2
9400 64400 11240 64960 2 2
9380 64400 11260 64960 0 2
9380 64400 11260 64960 1 2
10040 51900 10600 53940 2 2
10040 51900 10600 53940 3 2
10040 51950 10600 53890 1 2
10040 51950 10600 53890 2 2
10040 52270 10600 65330 2 2
10040 52270 10600 65330 3 2
10040 52320 10600 65280 1 2
10040 52320 10600 65280 2 2
10040 63710 10600 65650 2 2
10040 63710 10600 65650 3 2
10040 63760 10600 65600 1 2
10040 63760 10600 65600 2 2
10070 11140 10570 14060 0 2
10070 11140 10570 14060 1 2
10070 15340 10570 18260 0 2
10070 15340 10570 18260 1 2
10070 17860 10570 25820 0 2
10070 17860 10570 25820 1 2
10070 27100 10570 30020 0 2
10070 27100 10570 30020 1 2
10070 29620 10570 37580 0 2
10070 29620 10570 37580 1 2
10070 38860 10570 41780 0 2
10070 38860 10570 41780 1 2
10070 41380 10570 49340 0 2
10070 41380 10570 49340 1 2
10070 50620 10570 53540 0 2
10070 50620 10570 53540 1 2
10070 53140 10570 61100 0 2
10070 53140 10570 61100 1 2
10070 61540 10570 69500 0 2
10070 61540 10570 69500 1 2
10070 69100 10570 72020 0 2
10070 69100 10570 72020 1 2
10070 73300 10570 76220 0 2
10070 73300 10570 76220 1 2
9720 62720 21240 63280 1 2
9720 62720 21240 63280 2 2
9700 62720 21260 63280 0 2
9700 62720 21260 63280 1 2
11790 17860 12290 25820 0 2
11790 17860 12290 25820 1 2
11790 29620 12290 37580 0 2
11790 29620 12290 37580 1 2
11790 41380 12290 49340 0 2
11790 41380 12290 49340 1 2
11790 53140 12290 61100 0 2
11790 53140 12290 61100 1 2
11790 61540 12290 69500 0 2
11790 61540 12290 69500 1 2
13510 11140 14010 14060 0 2
13510 11140 14010 14060 1 2
13510 15340 14010 18260 0 2
13510 15340 14010 18260 1 2
13510 17860 14010 25820 0 2
13510 17860 14010 25820 1 2
13510 27100 14010 30020 0 2
13510 27100 14010 30020 1 2
13510 29620 14010 37580 0 2
13510 29620 14010 37580 1 2
13510 38860 14010 41780 0 2
13510 38860 14010 41780 1 2
13510 41380 14010 49340 0 2
13510 41380 14010 49340 1 2
13510 50620 14010 53540 0 2
13510 50620 14010 53540 1 2
13510 53140 14010 61100 0 2
13510 53140 14010 61100 1 2
13510 61540 14010 69500 0 2
13510 61540 14010 69500 1 2
13510 69100 14010 72020 0 2
13510 69100 14010 72020 1 2
13510 73300 14010 76220 0 2
13510 73300 14010 76220 1 2
15230 17860 15730 25820 0 2
15230 17860 15730 25820 1 2
15230 29620 15730 37580 0 2
15230 29620 15730 37580 1 2
15230 41380 15730 49340 0 2
15230 41380 15730 49340 1 2
15230 53140 15730 61100 0 2
15230 53140 15730 61100 1 2
15230 61540 15730 69500 0 2
15230 61540 15730 69500 1 2
17980 12320 26740 12880 1 2
17980 12320 26740 12880 2 2
17960 12320 26760 12880 0 2
17960 12320 26760 12880 1 2
17980 24080 26740 24640 1 2
17980 24080 26740 24640 2 2
17960 24080 26760 24640 0 2
17960 24080 26760 24640 1 2
17980 35840 26740 36400 1 2
17980 35840 26740 36400 2 2
17960 35840 26760 36400 0 2
17960 35840 26760 36400 1 2
17980 47600 26740 48160 1 2
17980 47600 26740 48160 2 2
17960 47600 26760 48160 0 2
17960 47600 26760 48160 1 2
17980 59360 26740 59920 1 2
17980 59360 26740 59920 2 2
17960 59360 26760 59920 0 2
17960 59360 26760 59920 1 2
18670 6940 19170 14900 0 2
18670 6940 19170 14900 1 2
18670 18700 19170 26660 0 2
18670 18700 19170 26660 1 2
18670 30460 19170 38420 0 2
18670 30460 19170 38420 1 2
18670 42220 19170 50180 0 2
18670 42220 19170 50180 1 2
18670 53980 19170 61940 0 2
18670 53980 19170 61940 1 2
19700 1400 25020 1960 1 2
19700 1400 25020 1960 2 2
19680 1400 25040 1960 0 2
19680 1400 25040 1960 1 2
19700 5600 25020 6160 1 2
19700 5600 25020 6160 2 2
19680 5600 25040 6160 0 2
19680 5600 25040 6160 1 2
19700 13160 23300 13720 1 2
19700 13160 23300 13720 2 2
19680 13160 23320 13720 0 2
19680 13160 23320 13720 1 2
19700 17360 25020 17920 1 2
19700 17360 25020 17920 2 2
19680 17360 25040 17920 0 2
19680 17360 25040 17920 1 2
19700 25760 24160 26320 1 2
19700 25760 24160 26320 2 2
19680 25760 24180 26320 0 2
19680 25760 24180 26320 1 2
19700 29120 25020 29680 1 2
19700 29120 25020 29680 2 2
19680 29120 25040 29680 0 2
19680 29120 25040 29680 1 2
19700 36680 23300 37240 1 2
19700 36680 23300 37240 2 2
19680 36680 23320 37240 0 2
19680 36680 23320 37240 1 2
19700 40880 25020 41440 1 2
19700 40880 25020 41440 2 2
19680 40880 25040 41440 0 2
19680 40880 25040 41440 1 2
19700 49280 24160 49840 1 2
19700 49280 24160 49840 2 2
19680 49280 24180 49840 0 2
19680 49280 24180 49840 1 2
19700 52640 25020 53200 1 2
19700 52640 25020 53200 2 2
19680 52640 25040 53200 0 2
19680 52640 25040 53200 1 2
19700 60200 23300 60760 1 2
19700 60200 23300 60760 2 2
19680 60200 23320 60760 0 2
19680 60200 23320 60760 1 2
19700 64400 35340 64960 1 2
19700 64400 35340 64960 2 2
19680 64400 35360 64960 0 2
19680 64400 35360 64960 1 2
19700 76160 35340 76720 1 2
19700 76160 35340 76720 2 2
19680 76160 35360 76720 0 2
19680 76160 35360 76720 1 2
19700 62200 21580 63800 3 2
19700 62200 21580 63800 4 2
19700 62200 21580 63800 2 2
19700 62200 21580 63800 3 2
19720 62720 21560 63280 1 2
19720 62720 21560 63280 2 2
19700 62720 21580 63280 0 2
19700 62720 21580 63280 1 2
20360 61980 20920 64020 2 2
20360 61980 20920 64020 3 2
20360 62030 20920 63970 1 2
20360 62030 20920 63970 2 2
20360 62030 20920 63970 2 2
20360 62030 20920 63970 3 2
20360 62080 20920 63920 1 2
20360 62080 20920 63920 2 2
20360 62108 20920 63892 2 2
20360 62108 20920 63892 3 2
20360 62158 20920 63842 1 2
20360 62158 20920 63842 2 2
20390 220 20890 3140 0 2
20390 220 20890 3140 1 2
20390 4420 20890 7340 0 2
20390 4420 20890 7340 1 2
20390 6940 20890 14900 0 2
20390 6940 20890 14900 1 2
20390 16180 20890 19100 0 2
20390 16180 20890 19100 1 2
20390 18700 20890 26660 0 2
20390 18700 20890 26660 1 2
20390 27940 20890 30860 0 2
20390 27940 20890 30860 1 2
20390 30460 20890 38420 0 2
20390 30460 20890 38420 1 2
20390 39700 20890 42620 0 2
20390 39700 20890 42620 1 2
20390 42220 20890 50180 0 2
20390 42220 20890 50180 1 2
20390 51460 20890 54380 0 2
20390 51460 20890 54380 1 2
20390 53980 20890 61940 0 2
20390 53980 20890 61940 1 2
20390 62380 20890 70340 0 2
20390 62380 20890 70340 1 2
20390 74140 20890 82100 0 2
20390 74140 20890 82100 1 2
20030 62200 26410 63800 3 2
20030 62200 26410 63800 4 2
20030 62200 26410 63800 2 2
20030 62200 26410 63800 3 2
21420 24920 25020 25480 1 2
21420 24920 25020 25480 2 2
21400 24920 25040 25480 0 2
21400 24920 25040 25480 1 2
21420 48440 25020 49000 1 2
21420 48440 25020 49000 2 2
21400 48440 25040 49000 0 2
21400 48440 25040 49000 1 2
21420 62720 33620 63280 1 2
21420 62720 33620 63280 2 2
21400 62720 33640 63280 0 2
21400 62720 33640 63280 1 2
21420 71120 33620 71680 1 2
21420 71120 33620 71680 2 2
21400 71120 33640 71680 0 2
21400 71120 33640 71680 1 2
21420 75320 33620 75880 1 2
21420 75320 33620 75880 2 2
21400 75320 33640 75880 0 2
21400 75320 33640 75880 1 2
21420 83720 33620 84280 1 2
21420 83720 33620 84280 2 2
21400 83720 33640 84280 0 2
21400 83720 33640 84280 1 2
21440 39200 23280 39760 1 2
21440 39200 23280 39760 2 2
21420 39200 23300 39760 0 2
21420 39200 23300 39760 1 2
22080 12470 22640 61450 2 2
22080 12470 22640 61450 3 2
22080 12520 22640 61400 1 2
22080 12520 22640 61400 2 2
22080 38460 22640 40500 2 2
22080 38460 22640 40500 3 2
22080 38510 22640 40450 1 2
22080 38510 22640 40450 2 2
22080 38510 22640 40450 2 2
22080 38510 22640 40450 3 2
22080 38560 22640 40400 1 2
22080 38560 22640 40400 2 2
22110 6940 22610 14900 0 2
22110 6940 22610 14900 1 2
22110 18700 22610 26660 0 2
22110 18700 22610 26660 1 2
22110 30460 22610 38420 0 2
22110 30460 22610 38420 1 2
22110 42220 22610 50180 0 2
22110 42220 22610 50180 1 2
22110 53980 22610 61940 0 2
22110 53980 22610 61940 1 2
22110 62380 22610 70340 0 2
22110 62380 22610 70340 1 2
22110 69940 22610 72860 0 2
22110 69940 22610 72860 1 2
22110 74140 22610 82100 0 2
22110 74140 22610 82100 1 2
22110 81700 22610 84620 0 2
22110 81700 22610 84620 1 2
22280 14000 25880 14560 1 2
22280 14000 25880 14560 2 2
22260 14000 25900 14560 0 2
22260 14000 25900 14560 1 2
22280 37520 25880 38080 1 2
22280 37520 25880 38080 2 2
22260 37520 25900 38080 0 2
22260 37520 25900 38080 1 2
22280 61040 25880 61600 1 2
22280 61040 25880 61600 2 2
22260 61040 25900 61600 0 2
22260 61040 25900 61600 1 2
22300 61880 24140 62440 1 2
22300 61880 24140 62440 2 2
22280 61880 24160 62440 0 2
22280 61880 24160 62440 1 2
22940 4910 23500 62290 2 2
22940 4910 23500 62290 3 2
22940 4960 23500 62240 1 2
22940 4960 23500 62240 2 2
22940 60670 23500 62810 2 2
22940 60670 23500 62810 3 2
22940 60720 23500 62760 1 2
22940 60720 23500 62760 2 2
22940 61190 23500 63130 2 2
22940 61190 23500 63130 3 2
22940 61240 23500 63080 1 2
22940 61240 23500 63080 2 2
22620 61880 28120 62440 1 2
22620 61880 28120 62440 2 2
22600 61880 28140 62440 0 2
22600 61880 28140 62440 1 2
23830 220 24330 3140 0 2
23830 220 24330 3140 1 2
23830 4420 24330 7340 0 2
23830 4420 24330 7340 1 2
23830 6940 24330 14900 0 2
23830 6940 24330 14900 1 2
23830 16180 24330 19100 0 2
23830 16180 24330 19100 1 2
23830 18700 24330 26660 0 2
23830 18700 24330 26660 1 2
23830 27940 24330 30860 0 2
23830 27940 24330 30860 1 2
23830 30460 24330 38420 0 2
23830 30460 24330 38420 1 2
23830 39700 24330 42620 0 2
23830 39700 24330 42620 1 2
23830 42220 24330 50180 0 2
23830 42220 24330 50180 1 2
23830 51460 24330 54380 0 2
23830 51460 24330 54380 1 2
23830 53980 24330 61940 0 2
23830 53980 24330 61940 1 2
23830 62380 24330 70340 0 2
23830 62380 24330 70340 1 2
23830 74140 24330 82100 0 2
23830 74140 24330 82100 1 2
24860 63560 30180 64120 1 2
24860 63560 30180 64120 2 2
24840 63560 30200 64120 0 2
24840 63560 30200 64120 1 2
24860 71960 30180 72520 1 2
24860 71960 30180 72520 2 2
24840 71960 30200 72520 0 2
24840 71960 30200 72520 1 2
24860 74480 30180 75040 1 2
24860 74480 30180 75040 2 2
24840 74480 30200 75040 0 2
24840 74480 30200 75040 1 2
24860 82880 30180 83440 1 2
24860 82880 30180 83440 2 2
24840 82880 30200 83440 0 2
24840 82880 30200 83440 1 2
24860 62200 26740 63800 3 2
24860 62200 26740 63800 4 2
24860 62200 26740 63800 2 2
24860 62200 26740 63800 3 2
25520 61980 26080 64020 2 2
25520 61980 26080 64020 3 2
25520 62030 26080 63970 1 2
25520 62030 26080 63970 2 2
25520 62350 26080 65330 2 2
25520 62350 26080 65330 3 2
25520 62400 26080 65280 1 2
25520 62400 26080 65280 2 2
25520 63710 26080 77410 2 2
25520 63710 26080 77410 3 2
25520 63760 26080 77360 1 2
25520 63760 26080 77360 2 2
25550 6940 26050 14900 0 2
25550 6940 26050 14900 1 2
25550 18700 26050 26660 0 2
25550 18700 26050 26660 1 2
25550 30460 26050 38420 0 2
25550 30460 26050 38420 1 2
25550 42220 26050 50180 0 2
25550 42220 26050 50180 1 2
25550 53980 26050 61940 0 2
25550 53980 26050 61940 1 2
25550 62380 26050 70340 0 2
25550 62380 26050 70340 1 2
25550 69940 26050 72860 0 2
25550 69940 26050 72860 1 2
25550 74140 26050 82100 0 2
25550 74140 26050 82100 1 2
25550 81700 26050 84620 0 2
25550 81700 26050 84620 1 2
26380 71270 26940 84970 2 2
26380 71270 26940 84970 3 2
26380 71320 26940 84920 1 2
26380 71320 26940 84920 2 2
26580 62200 28460 63800 3 2
26580 62200 28460 63800 4 2
26580 62200 28460 63800 2 2
26580 62200 28460 63800 3 2
26600 61880 28440 62440 1 2
26600 61880 28440 62440 2 2
26580 61880 28460 62440 0 2
26580 61880 28460 62440 1 2
27240 61190 27800 63130 2 2
27240 61190 27800 63130 3 2
27240 61240 27800 63080 1 2
27240 61240 27800 63080 2 2
27240 61510 27800 63650 2 2
27240 61510 27800 63650 3 2
27240 61560 27800 63600 1 2
27240 61560 27800 63600 2 2
27240 61980 27800 64020 2 2
27240 61980 27800 64020 3 2
27240 62030 27800 63970 1 2
27240 62030 27800 63970 2 2
27240 70430 27800 84130 2 2
27240 70430 27800 84130 3 2
27240 70480 27800 84080 1 2
27240 70480 27800 84080 2 2
27270 62380 27770 70340 0 2
27270 62380 27770 70340 1 2
27270 74140 27770 82100 0 2
27270 74140 27770 82100 1 2
26910 62200 28990 63800 3 2
26910 62200 28990 63800 4 2
26910 62200 28990 63800 2 2
26910 62200 28990 63800 3 2
27440 62200 29320 63800 3 2
27440 62200 29320 63800 4 2
27440 62200 29320 63800 2 2
27440 62200 29320 63800 3 2
28100 61980 28660 64020 2 2
28100 61980 28660 64020 3 2
28100 62030 28660 63970 1 2
28100 62030 28660 63970 2 2
28100 62350 28660 64490 2 2
28100 62350 28660 64490 3 2
28100 62400 28660 64440 1 2
28100 62400 28660 64440 2 2
28100 62870 28660 76570 2 2
28100 62870 28660 76570 3 2
28100 62920 28660 76520 1 2
28100 62920 28660 76520 2 2
28300 12320 37060 12880 1 2
28300 12320 37060 12880 2 2
28280 12320 37080 12880 0 2
28280 12320 37080 12880 1 2
28300 24080 37060 24640 1 2
28300 24080 37060 24640 2 2
28280 24080 37080 24640 0 2
28280 24080 37080 24640 1 2
28300 35840 37060 36400 1 2
28300 35840 37060 36400 2 2
28280 35840 37080 36400 0 2
28280 35840 37080 36400 1 2
28300 47600 37060 48160 1 2
28300 47600 37060 48160 2 2
28280 47600 37080 48160 0 2
28280 47600 37080 48160 1 2
28300 59360 37060 59920 1 2
28300 59360 37060 59920 2 2
28280 59360 37080 59920 0 2
28280 59360 37080 59920 1 2
28320 61880 30160 62440 1 2
28320 61880 30160 62440 2 2
28300 61880 30180 62440 0 2
28300 61880 30180 62440 1 2
28960 61190 29520 63130 2 2
28960 61190 29520 63130 3 2
28960 61240 29520 63080 1 2
28960 61240 29520 63080 2 2
28960 61510 29520 63650 2 2
28960 61510 29520 63650 3 2
28960 61560 29520 63600 1 2
28960 61560 29520 63600 2 2
28960 62030 29520 75730 2 2
28960 62030 29520 75730 3 2
28960 62080 29520 75680 1 2
28960 62080 29520 75680 2 2
28990 6940 29490 14900 0 2
28990 6940 29490 14900 1 2
28990 18700 29490 26660 0 2
28990 18700 29490 26660 1 2
28990 30460 29490 38420 0 2
28990 30460 29490 38420 1 2
28990 42220 29490 50180 0 2
28990 42220 29490 50180 1 2
28990 53980 29490 61940 0 2
28990 53980 29490 61940 1 2
28990 62380 29490 70340 0 2
28990 62380 29490 70340 1 2
28990 69940 29490 72860 0 2
28990 69940 29490 72860 1 2
28990 74140 29490 82100 0 2
28990 74140 29490 82100 1 2
28990 81700 29490 84620 0 2
28990 81700 29490 84620 1 2
28640 61880 32420 62440 1 2
28640 61880 32420 62440 2 2
28620 61880 32440 62440 0 2
28620 61880 32440 62440 1 2
29160 14000 32760 14560 1 2
29160 14000 32760 14560 2 2
29140 14000 32780 14560 0 2
29140 14000 32780 14560 1 2
29160 37520 32760 38080 1 2
29160 37520 32760 38080 2 2
29140 37520 32780 38080 0 2
29140 37520 32780 38080 1 2
29160 61040 32760 61600 1 2
29160 61040 32760 61600 2 2
29140 61040 32780 61600 0 2
29140 61040 32780 61600 1 2
30020 1400 35340 1960 1 2
30020 1400 35340 1960 2 2
30000 1400 35360 1960 0 2
30000 1400 35360 1960 1 2
30020 5600 35340 6160 1 2
30020 5600 35340 6160 2 2
30000 5600 35360 6160 0 2
30000 5600 35360 6160 1 2
30020 17360 35340 17920 1 2
30020 17360 35340 17920 2 2
30000 17360 35360 17920 0 2
30000 17360 35360 17920 1 2
30020 24920 33620 25480 1 2
30020 24920 33620 25480 2 2
30000 24920 33640 25480 0 2
30000 24920 33640 25480 1 2
30020 29120 35340 29680 1 2
30020 29120 35340 29680 2 2
30000 29120 35360 29680 0 2
30000 29120 35360 29680 1 2
30020 40880 35340 41440 1 2
30020 40880 35340 41440 2 2
30000 40880 35360 41440 0 2
30000 40880 35360 41440 1 2
30020 48440 33620 49000 1 2
30020 48440 33620 49000 2 2
30000 48440 33640 49000 0 2
30000 48440 33640 49000 1 2
30020 52640 35340 53200 1 2
30020 52640 35340 53200 2 2
30000 52640 35360 53200 0 2
30000 52640 35360 53200 1 2
30710 220 31210 3140 0 2
30710 220 31210 3140 1 2
30710 4420 31210 7340 0 2
30710 4420 31210 7340 1 2
30710 6940 31210 14900 0 2
30710 6940 31210 14900 1 2
30710 16180 31210 19100 0 2
30710 16180 31210 19100 1 2
30710 18700 31210 26660 0 2
30710 18700 31210 26660 1 2
30710 27940 31210 30860 0 2
30710 27940 31210 30860 1 2
30710 30460 31210 38420 0 2
30710 30460 31210 38420 1 2
30710 39700 31210 42620 0 2
30710 39700 31210 42620 1 2
30710 42220 31210 50180 0 2
30710 42220 31210 50180 1 2
30710 51460 31210 54380 0 2
30710 51460 31210 54380 1 2
30710 53980 31210 61940 0 2
30710 53980 31210 61940 1 2
30710 62380 31210 70340 0 2
30710 62380 31210 70340 1 2
30710 74140 31210 82100 0 2
30710 74140 31210 82100 1 2
30880 25760 35340 26320 1 2
30880 25760 35340 26320 2 2
30860 25760 35360 26320 0 2
30860 25760 35360 26320 1 2
30880 49280 35340 49840 1 2
30880 49280 35340 49840 2 2
30860 49280 35360 49840 0 2
30860 49280 35360 49840 1 2
30900 61880 32740 62440 1 2
30900 61880 32740 62440 2 2
30880 61880 32760 62440 0 2
30880 61880 32760 62440 1 2
31540 4910 32100 62290 2 2
31540 4910 32100 62290 3 2
31540 4960 32100 62240 1 2
31540 4960 32100 62240 2 2
31540 60670 32100 62810 2 2
31540 60670 32100 62810 3 2
31540 60720 32100 62760 1 2
31540 60720 32100 62760 2 2
31540 61190 32100 63130 2 2
31540 61190 32100 63130 3 2
31540 61240 32100 63080 1 2
31540 61240 32100 63080 2 2
31740 13160 35340 13720 1 2
31740 13160 35340 13720 2 2
31720 13160 35360 13720 0 2
31720 13160 35360 13720 1 2
31740 36680 35340 37240 1 2
31740 36680 35340 37240 2 2
31720 36680 35360 37240 0 2
31720 36680 35360 37240 1 2
31740 60200 35340 60760 1 2
31740 60200 35340 60760 2 2
31720 60200 35360 60760 0 2
31720 60200 35360 60760 1 2
31740 37000 33620 38600 3 2
31740 37000 33620 38600 4 2
31740 37000 33620 38600 2 2
31740 37000 33620 38600 3 2
32400 12470 32960 61450 2 2
32400 12470 32960 61450 3 2
32400 12520 32960 61400 1 2
32400 12520 32960 61400 2 2
32400 36780 32960 38820 2 2
32400 36780 32960 38820 3 2
32400 36830 32960 38770 1 2
32400 36830 32960 38770 2 2
32430 6940 32930 14900 0 2
32430 6940 32930 14900 1 2
32430 18700 32930 26660 0 2
32430 18700 32930 26660 1 2
32430 30460 32930 38420 0 2
32430 30460 32930 38420 1 2
32430 42220 32930 50180 0 2
32430 42220 32930 50180 1 2
32430 53980 32930 61940 0 2
32430 53980 32930 61940 1 2
32430 62380 32930 70340 0 2
32430 62380 32930 70340 1 2
32430 69940 32930 72860 0 2
32430 69940 32930 72860 1 2
32430 74140 32930 82100 0 2
32430 74140 32930 82100 1 2
32430 81700 32930 84620 0 2
32430 81700 32930 84620 1 2
33260 34260 33820 36300 2 2
33260 34260 33820 36300 3 2
33260 34310 33820 36250 1 2
33260 34310 33820 36250 2 2
33260 34350 33820 36210 2 2
33260 34350 33820 36210 3 2
33260 34400 33820 36160 1 2
33260 34400 33820 36160 2 2
34150 220 34650 3140 0 2
34150 220 34650 3140 1 2
34150 4420 34650 7340 0 2
34150 4420 34650 7340 1 2
34150 6940 34650 14900 0 2
34150 6940 34650 14900 1 2
34150 16180 34650 19100 0 2
34150 16180 34650 19100 1 2
34150 18700 34650 26660 0 2
34150 18700 34650 26660 1 2
34150 27940 34650 30860 0 2
34150 27940 34650 30860 1 2
34150 30460 34650 38420 0 2
34150 30460 34650 38420 1 2
34150 39700 34650 42620 0 2
34150 39700 34650 42620 1 2
34150 42220 34650 50180 0 2
34150 42220 34650 50180 1 2
34150 51460 34650 54380 0 2
34150 51460 34650 54380 1 2
34150 53980 34650 61940 0 2
34150 53980 34650 61940 1 2
34150 62380 34650 70340 0 2
34150 62380 34650 70340 1 2
34150 74140 34650 82100 0 2
34150 74140 34650 82100 1 2
35870 6940 36370 14900 0 2
35870 6940 36370 14900 1 2
35870 18700 36370 26660 0 2
35870 18700 36370 26660 1 2
35870 30460 36370 38420 0 2
35870 30460 36370 38420 1 2
35870 42220 36370 50180 0 2
35870 42220 36370 50180 1 2
35870 53980 36370 61940 0 2
35870 53980 36370 61940 1 2
