780 28280 14700 28840 1 2
780 28280 14700 28840 2 2
760 28280 14720 28840 0 2
760 28280 14720 28840 1 2
780 40040 14700 40600 1 2
780 40040 14700 40600 2 2
760 40040 14720 40600 0 2
760 40040 14720 40600 1 2
780 51800 14700 52360 1 2
780 51800 14700 52360 2 2
760 51800 14720 52360 0 2
760 51800 14720 52360 1 2
1470 22060 1970 30020 0 2
1470 22060 1970 30020 1 2
1470 33820 1970 41780 0 2
1470 33820 1970 41780 1 2
1470 45580 1970 53540 0 2
1470 45580 1970 53540 1 2
1640 16520 13840 17080 1 2
1640 16520 13840 17080 2 2
1620 16520 13860 17080 0 2
1620 16520 13860 17080 1 2
1640 20720 13840 21280 1 2
1640 20720 13840 21280 2 2
1620 20720 13860 21280 0 2
1620 20720 13860 21280 1 2
1640 29120 13840 29680 1 2
1640 29120 13840 29680 2 2
1620 29120 13860 29680 0 2
1620 29120 13860 29680 1 2
1640 32480 13840 33040 1 2
1640 32480 13840 33040 2 2
1620 32480 13860 33040 0 2
1620 32480 13860 33040 1 2
1640 40880 13840 41440 1 2
1640 40880 13840 41440 2 2
1620 40880 13860 41440 0 2
1620 40880 13860 41440 1 2
1640 44240 13840 44800 1 2
1640 44240 13840 44800 2 2
1620 44240 13860 44800 0 2
1620 44240 13860 44800 1 2
1640 52640 13840 53200 1 2
1640 52640 13840 53200 2 2
1620 52640 13860 53200 0 2
1620 52640 13860 53200 1 2
2330 15340 2830 18260 0 2
2330 15340 2830 18260 1 2
2330 19540 2830 22460 0 2
2330 19540 2830 22460 1 2
2330 22060 2830 30020 0 2
2330 22060 2830 30020 1 2
2330 31300 2830 34220 0 2
2330 31300 2830 34220 1 2
2330 33820 2830 41780 0 2
2330 33820 2830 41780 1 2
2330 43060 2830 45980 0 2
2330 43060 2830 45980 1 2
2330 45580 2830 53540 0 2
2330 45580 2830 53540 1 2
2500 13160 14700 13720 1 2
2500 13160 14700 13720 2 2
2480 13160 14720 13720 0 2
2480 13160 14720 13720 1 2
3190 6940 3690 14900 0 2
3190 6940 3690 14900 1 2
3190 22060 3690 30020 0 2
3190 22060 3690 30020 1 2
3190 33820 3690 41780 0 2
3190 33820 3690 41780 1 2
3190 45580 3690 53540 0 2
3190 45580 3690 53540 1 2
3360 1400 13840 1960 1 2
3360 1400 13840 1960 2 2
3340 1400 13860 1960 0 2
3340 1400 13860 1960 1 2
3360 5600 13840 6160 1 2
3360 5600 13840 6160 2 2
3340 5600 13860 6160 0 2
3340 5600 13860 6160 1 2
3360 14000 13840 14560 1 2
3360 14000 13840 14560 2 2
3340 14000 13860 14560 0 2
3340 14000 13860 14560 1 2
4050 220 4550 3140 0 2
4050 220 4550 3140 1 2
4050 4420 4550 7340 0 2
4050 4420 4550 7340 1 2
4050 6940 4550 14900 0 2
4050 6940 4550 14900 1 2
4050 15340 4550 18260 0 2
4050 15340 4550 18260 1 2
4050 19540 4550 22460 0 2
4050 19540 4550 22460 1 2
4050 22060 4550 30020 0 2
4050 22060 4550 30020 1 2
4050 31300 4550 34220 0 2
4050 31300 4550 34220 1 2
4050 33820 4550 41780 0 2
4050 33820 4550 41780 1 2
4050 43060 4550 45980 0 2
4050 43060 4550 45980 1 2
4050 45580 4550 53540 0 2
4050 45580 4550 53540 1 2
4910 6940 5410 14900 0 2
4910 6940 5410 14900 1 2
4910 22060 5410 30020 0 2
4910 22060 5410 30020 1 2
4910 33820 5410 41780 0 2
4910 33820 5410 41780 1 2
4910 45580 5410 53540 0 2
4910 45580 5410 53540 1 2
5770 220 6270 3140 0 2
5770 220 6270 3140 1 2
5770 4420 6270 7340 0 2
5770 4420 6270 7340 1 2
5770 6940 6270 14900 0 2
5770 6940 6270 14900 1 2
5770 15340 6270 18260 0 2
5770 15340 6270 18260 1 2
5770 19540 6270 22460 0 2
5770 19540 6270 22460 1 2
5770 22060 6270 30020 0 2
5770 22060 6270 30020 1 2
5770 31300 6270 34220 0 2
5770 31300 6270 34220 1 2
5770 33820 6270 41780 0 2
5770 33820 6270 41780 1 2
5770 43060 6270 45980 0 2
5770 43060 6270 45980 1 2
5770 45580 6270 53540 0 2
5770 45580 6270 53540 1 2
5470 34480 8290 36080 3 2
5470 34480 8290 36080 4 2
5470 34480 8290 36080 2 2
5470 34480 8290 36080 3 2
5940 34480 7820 36080 3 2
5940 34480 7820 36080 4 2
5940 34480 7820 36080 2 2
5940 34480 7820 36080 3 2
6600 34260 7160 36300 2 2
6600 34260 7160 36300 3 2
6600 34310 7160 36250 1 2
6600 34310 7160 36250 2 2
6600 34350 7160 36210 2 2
6600 34350 7160 36210 3 2
6600 34400 7160 36160 1 2
6600 34400 7160 36160 2 2
6630 6940 7130 14900 0 2
6630 6940 7130 14900 1 2
6630 22060 7130 30020 0 2
6630 22060 7130 30020 1 2
6630 33820 7130 41780 0 2
6630 33820 7130 41780 1 2
6630 45580 7130 53540 0 2
6630 45580 7130 53540 1 2
6820 14840 8660 15400 1 2
6820 14840 8660 15400 2 2
6800 14840 8680 15400 0 2
6800 14840 8680 15400 1 2
7460 14150 8020 16090 2 2
7460 14150 8020 16090 3 2
7460 14200 8020 16040 1 2
7460 14200 8020 16040 2 2
7460 14470 8020 21650 2 2
7460 14470 8020 21650 3 2
7460 14520 8020 21600 1 2
7460 14520 8020 21600 2 2
7460 20030 8020 45490 2 2
7460 20030 8020 45490 3 2
7460 20080 8020 45440 1 2
7460 20080 8020 45440 2 2
7490 220 7990 3140 0 2
7490 220 7990 3140 1 2
7490 4420 7990 7340 0 2
7490 4420 7990 7340 1 2
7490 6940 7990 14900 0 2
7490 6940 7990 14900 1 2
7490 15340 7990 18260 0 2
7490 15340 7990 18260 1 2
7490 19540 7990 22460 0 2
7490 19540 7990 22460 1 2
7490 22060 7990 30020 0 2
7490 22060 7990 30020 1 2
7490 31300 7990 34220 0 2
7490 31300 7990 34220 1 2
7490 33820 7990 41780 0 2
7490 33820 7990 41780 1 2
7490 43060 7990 45980 0 2
7490 43060 7990 45980 1 2
7490 45580 7990 53540 0 2
7490 45580 7990 53540 1 2
7140 14840 9200 15400 1 2
7140 14840 9200 15400 2 2
7120 14840 9220 15400 0 2
7120 14840 9220 15400 1 2
7660 39520 9540 41120 3 2
7660 39520 9540 41120 4 2
7660 39520 9540 41120 2 2
7660 39520 9540 41120 3 2
7680 560 9520 1120 1 2
7680 560 9520 1120 2 2
7660 560 9540 1120 0 2
7660 560 9540 1120 1 2
7680 14840 9520 15400 1 2
7680 14840 9520 15400 2 2
7660 14840 9540 15400 0 2
7660 14840 9540 15400 1 2
8320 -650 8880 1490 2 2
8320 -650 8880 1490 3 2
8320 -600 8880 1440 1 2
8320 -600 8880 1440 2 2
8320 -130 8880 1810 2 2
8320 -130 8880 1810 3 2
8320 -80 8880 1760 1 2
8320 -80 8880 1760 2 2
8320 4910 8880 15250 2 2
8320 4910 8880 15250 3 2
8320 4960 8880 15200 1 2
8320 4960 8880 15200 2 2
8320 13630 8880 15770 2 2
8320 13630 8880 15770 3 2
8320 13680 8880 15720 1 2
8320 13680 8880 15720 2 2
8320 14150 8880 16090 2 2
8320 14150 8880 16090 3 2
8320 14200 8880 16040 1 2
8320 14200 8880 16040 2 2
8320 28430 8880 53890 2 2
8320 28430 8880 53890 3 2
8320 28480 8880 53840 1 2
8320 28480 8880 53840 2 2
8320 39300 8880 41340 2 2
8320 39300 8880 41340 3 2
8320 39350 8880 41290 1 2
8320 39350 8880 41290 2 2
8350 6940 8850 14900 0 2
8350 6940 8850 14900 1 2
8350 22060 8850 30020 0 2
8350 22060 8850 30020 1 2
8350 33820 8850 41780 0 2
8350 33820 8850 41780 1 2
8350 45580 8850 53540 0 2
8350 45580 8850 53540 1 2
8000 560 10060 1120 1 2
8000 560 10060 1120 2 2
7980 560 10080 1120 0 2
7980 560 10080 1120 1 2
8000 14840 18660 15400 1 2
8000 14840 18660 15400 2 2
7980 14840 18680 15400 0 2
7980 14840 18680 15400 1 2
7990 39520 22970 41120 3 2
7990 39520 22970 41120 4 2
7990 39520 22970 41120 2 2
7990 39520 22970 41120 3 2
8540 560 10380 1120 1 2
8540 560 10380 1120 2 2
8520 560 10400 1120 0 2
8520 560 10400 1120 1 2
9180 -130 9740 1810 2 2
9180 -130 9740 1810 3 2
9180 -80 9740 1760 1 2
9180 -80 9740 1760 2 2
9180 190 9740 2330 2 2
9180 190 9740 2330 3 2
9180 240 9740 2280 1 2
9180 240 9740 2280 2 2
9210 220 9710 3140 0 2
9210 220 9710 3140 1 2
9210 4420 9710 7340 0 2
9210 4420 9710 7340 1 2
9210 6940 9710 14900 0 2
9210 6940 9710 14900 1 2
9210 15340 9710 18260 0 2
9210 15340 9710 18260 1 2
9210 19540 9710 22460 0 2
9210 19540 9710 22460 1 2
9210 22060 9710 30020 0 2
9210 22060 9710 30020 1 2
9210 31300 9710 34220 0 2
9210 31300 9710 34220 1 2
9210 33820 9710 41780 0 2
9210 33820 9710 41780 1 2
9210 43060 9710 45980 0 2
9210 43060 9710 45980 1 2
9210 45580 9710 53540 0 2
9210 45580 9710 53540 1 2
10070 6940 10570 14900 0 2
10070 6940 10570 14900 1 2
10070 22060 10570 30020 0 2
10070 22060 10570 30020 1 2
10070 33820 10570 41780 0 2
10070 33820 10570 41780 1 2
10070 45580 10570 53540 0 2
10070 45580 10570 53540 1 2
10930 220 11430 3140 0 2
10930 220 11430 3140 1 2
10930 4420 11430 7340 0 2
10930 4420 11430 7340 1 2
10930 6940 11430 14900 0 2
10930 6940 11430 14900 1 2
10930 15340 11430 18260 0 2
10930 15340 11430 18260 1 2
10930 19540 11430 22460 0 2
10930 19540 11430 22460 1 2
10930 22060 11430 30020 0 2
10930 22060 11430 30020 1 2
10930 31300 11430 34220 0 2
10930 31300 11430 34220 1 2
10930 33820 11430 41780 0 2
10930 33820 11430 41780 1 2
10930 43060 11430 45980 0 2
10930 43060 11430 45980 1 2
10930 45580 11430 53540 0 2
10930 45580 11430 53540 1 2
11790 6940 12290 14900 0 2
11790 6940 12290 14900 1 2
11790 22060 12290 30020 0 2
11790 22060 12290 30020 1 2
11790 33820 12290 41780 0 2
11790 33820 12290 41780 1 2
11790 45580 12290 53540 0 2
11790 45580 12290 53540 1 2
12650 220 13150 3140 0 2
12650 220 13150 3140 1 2
12650 4420 13150 7340 0 2
12650 4420 13150 7340 1 2
12650 6940 13150 14900 0 2
12650 6940 13150 14900 1 2
12650 15340 13150 18260 0 2
12650 15340 13150 18260 1 2
12650 19540 13150 22460 0 2
12650 19540 13150 22460 1 2
12650 22060 13150 30020 0 2
12650 22060 13150 30020 1 2
12650 31300 13150 34220 0 2
12650 31300 13150 34220 1 2
12650 33820 13150 41780 0 2
12650 33820 13150 41780 1 2
12650 43060 13150 45980 0 2
12650 43060 13150 45980 1 2
12650 45580 13150 53540 0 2
12650 45580 13150 53540 1 2
13510 6940 14010 14900 0 2
13510 6940 14010 14900 1 2
13510 22060 14010 30020 0 2
13510 22060 14010 30020 1 2
13510 33820 14010 41780 0 2
13510 33820 14010 41780 1 2
13510 45580 14010 53540 0 2
13510 45580 14010 53540 1 2
16580 7970 18940 12190 4 2
16580 7970 18940 12190 5 2
16580 8820 18940 11340 3 2
16580 8820 18940 11340 4 2
16580 8300 18940 19420 4 2
16580 8300 18940 19420 5 2
16580 9150 18940 18570 3 2
16580 9150 18940 18570 4 2
16580 15530 18940 19750 4 2
16580 15530 18940 19750 5 2
16580 16380 18940 18900 3 2
16580 16380 18940 18900 4 2
16260 13160 21580 13720 1 2
16260 13160 21580 13720 2 2
16240 13160 21600 13720 0 2
16240 13160 21600 13720 1 2
16260 24920 21580 25480 1 2
16260 24920 21580 25480 2 2
16240 24920 21600 25480 0 2
16240 24920 21600 25480 1 2
16260 40040 28460 40600 1 2
16260 40040 28460 40600 2 2
16240 40040 28480 40600 0 2
16240 40040 28480 40600 1 2
16260 51800 28460 52360 1 2
16260 51800 28460 52360 2 2
16240 51800 28480 52360 0 2
16240 51800 28480 52360 1 2
16950 6940 17450 14900 0 2
16950 6940 17450 14900 1 2
16950 18700 17450 26660 0 2
16950 18700 17450 26660 1 2
16950 33820 17450 41780 0 2
16950 33820 17450 41780 1 2
16950 45580 17450 53540 0 2
16950 45580 17450 53540 1 2
16350 16840 19170 18440 3 2
16350 16840 19170 18440 4 2
16350 16840 19170 18440 2 2
16350 16840 19170 18440 3 2
16820 9280 18700 10880 3 2
16820 9280 18700 10880 4 2
16820 9280 18700 10880 2 2
16820 9280 18700 10880 3 2
16820 16840 18700 18440 3 2
16820 16840 18700 18440 4 2
16820 16840 18700 18440 2 2
16820 16840 18700 18440 3 2
17000 9280 18820 10880 3 2
17000 9280 18820 10880 4 2
17000 9280 18820 10880 2 2
17000 9280 18820 10880 3 2
17120 1400 20720 1960 1 2
17120 1400 20720 1960 2 2
17100 1400 20740 1960 0 2
17100 1400 20740 1960 1 2
17120 5600 20720 6160 1 2
17120 5600 20720 6160 2 2
17100 5600 20740 6160 0 2
17100 5600 20740 6160 1 2
17120 14000 20720 14560 1 2
17120 14000 20720 14560 2 2
17100 14000 20740 14560 0 2
17100 14000 20740 14560 1 2
17120 17360 20720 17920 1 2
17120 17360 20720 17920 2 2
17100 17360 20740 17920 0 2
17100 17360 20740 17920 1 2
17120 25760 20720 26320 1 2
17120 25760 20720 26320 2 2
17100 25760 20740 26320 0 2
17100 25760 20740 26320 1 2
17120 28280 27600 28840 1 2
17120 28280 27600 28840 2 2
17100 28280 27620 28840 0 2
17100 28280 27620 28840 1 2
17120 32480 27600 33040 1 2
17120 32480 27600 33040 2 2
17100 32480 27620 33040 0 2
17100 32480 27620 33040 1 2
17120 40880 27600 41440 1 2
17120 40880 27600 41440 2 2
17100 40880 27620 41440 0 2
17100 40880 27620 41440 1 2
17120 44240 27600 44800 1 2
17120 44240 27600 44800 2 2
17100 44240 27620 44800 0 2
17100 44240 27620 44800 1 2
17120 52640 27600 53200 1 2
17120 52640 27600 53200 2 2
17100 52640 27620 53200 0 2
17100 52640 27620 53200 1 2
17120 9280 19000 10880 3 2
17120 9280 19000 10880 4 2
17120 9280 19000 10880 2 2
17120 9280 19000 10880 3 2
17140 1400 18980 1960 1 2
17140 1400 18980 1960 2 2
17120 1400 19000 1960 0 2
17120 1400 19000 1960 1 2
17140 14840 18980 15400 1 2
17140 14840 18980 15400 2 2
17120 14840 19000 15400 0 2
17120 14840 19000 15400 1 2
17780 710 18340 2650 2 2
17780 710 18340 2650 3 2
17780 760 18340 2600 1 2
17780 760 18340 2600 2 2
17180 1400 18940 1960 1 2
17180 1400 18940 1960 2 2
17160 1400 18960 1960 0 2
17160 1400 18960 1960 1 2
17780 1030 18340 10730 2 2
17780 1030 18340 10730 3 2
17780 1080 18340 10680 1 2
17780 1080 18340 10680 2 2
17780 9060 18340 11100 2 2
17780 9060 18340 11100 3 2
17780 9110 18340 11050 1 2
17780 9110 18340 11050 2 2
17780 13310 18340 27010 2 2
17780 13310 18340 27010 3 2
17780 13360 18340 26960 1 2
17780 13360 18340 26960 2 2
17780 14100 18340 16140 2 2
17780 14100 18340 16140 3 2
17780 14150 18340 16090 1 2
17780 14150 18340 16090 2 2
17780 14150 18340 16090 2 2
17780 14150 18340 16090 3 2
17780 14200 18340 16040 1 2
17780 14200 18340 16040 2 2
17810 220 18310 3140 0 2
17810 220 18310 3140 1 2
17810 4420 18310 7340 0 2
17810 4420 18310 7340 1 2
17810 6940 18310 14900 0 2
17810 6940 18310 14900 1 2
17810 16180 18310 19100 0 2
17810 16180 18310 19100 1 2
17810 18700 18310 26660 0 2
17810 18700 18310 26660 1 2
17810 27100 18310 30020 0 2
17810 27100 18310 30020 1 2
17810 31300 18310 34220 0 2
17810 31300 18310 34220 1 2
17810 33820 18310 41780 0 2
17810 33820 18310 41780 1 2
17810 43060 18310 45980 0 2
17810 43060 18310 45980 1 2
17810 45580 18310 53540 0 2
17810 45580 18310 53540 1 2
18640 4910 19200 18610 2 2
18640 4910 19200 18610 3 2
18640 4960 19200 18560 1 2
18640 4960 19200 18560 2 2
18670 6940 19170 14900 0 2
18670 6940 19170 14900 1 2
18670 18700 19170 26660 0 2
18670 18700 19170 26660 1 2
18670 33820 19170 41780 0 2
18670 33820 19170 41780 1 2
18670 45580 19170 53540 0 2
18670 45580 19170 53540 1 2
18860 19040 20700 19600 1 2
18860 19040 20700 19600 2 2
18840 19040 20720 19600 0 2
18840 19040 20720 19600 1 2
19500 12470 20060 26170 2 2
19500 12470 20060 26170 3 2
19500 12520 20060 26120 1 2
19500 12520 20060 26120 2 2
19500 18300 20060 20340 2 2
19500 18300 20060 20340 3 2
19500 18350 20060 20290 1 2
19500 18350 20060 20290 2 2
19500 18350 20060 20290 2 2
19500 18350 20060 20290 3 2
19500 18400 20060 20240 1 2
19500 18400 20060 20240 2 2
19530 220 20030 3140 0 2
19530 220 20030 3140 1 2
19530 4420 20030 7340 0 2
19530 4420 20030 7340 1 2
19530 6940 20030 14900 0 2
19530 6940 20030 14900 1 2
19530 16180 20030 19100 0 2
19530 16180 20030 19100 1 2
19530 18700 20030 26660 0 2
19530 18700 20030 26660 1 2
19530 27100 20030 30020 0 2
19530 27100 20030 30020 1 2
19530 31300 20030 34220 0 2
19530 31300 20030 34220 1 2
19530 33820 20030 41780 0 2
19530 33820 20030 41780 1 2
19530 43060 20030 45980 0 2
19530 43060 20030 45980 1 2
19530 45580 20030 53540 0 2
19530 45580 20030 53540 1 2
19180 19040 32420 19600 1 2
19180 19040 32420 19600 2 2
19160 19040 32440 19600 0 2
19160 19040 32440 19600 1 2
20390 6940 20890 14900 0 2
20390 6940 20890 14900 1 2
20390 18700 20890 26660 0 2
20390 18700 20890 26660 1 2
20390 33820 20890 41780 0 2
20390 33820 20890 41780 1 2
20390 45580 20890 53540 0 2
20390 45580 20890 53540 1 2
21250 27100 21750 30020 0 2
21250 27100 21750 30020 1 2
21250 31300 21750 34220 0 2
21250 31300 21750 34220 1 2
21250 33820 21750 41780 0 2
21250 33820 21750 41780 1 2
21250 43060 21750 45980 0 2
21250 43060 21750 45980 1 2
21250 45580 21750 53540 0 2
21250 45580 21750 53540 1 2
21420 39520 23300 41120 3 2
21420 39520 23300 41120 4 2
21420 39520 23300 41120 2 2
21420 39520 23300 41120 3 2
22080 31790 22640 53890 2 2
22080 31790 22640 53890 3 2
22080 31840 22640 53840 1 2
22080 31840 22640 53840 2 2
22080 39300 22640 41340 2 2
22080 39300 22640 41340 3 2
22080 39350 22640 41290 1 2
22080 39350 22640 41290 2 2
22110 33820 22610 41780 0 2
22110 33820 22610 41780 1 2
22110 45580 22610 53540 0 2
22110 45580 22610 53540 1 2
21750 39520 36730 41120 3 2
21750 39520 36730 41120 4 2
21750 39520 36730 41120 2 2
21750 39520 36730 41120 3 2
21810 52120 24630 53720 3 2
21810 52120 24630 53720 4 2
21810 52120 24630 53720 2 2
21810 52120 24630 53720 3 2
22940 27590 23500 53050 2 2
22940 27590 23500 53050 3 2
22940 27640 23500 53000 1 2
22940 27640 23500 53000 2 2
22940 51430 23500 53570 2 2
22940 51430 23500 53570 3 2
22940 51480 23500 53520 1 2
22940 51480 23500 53520 2 2
22940 51900 23500 53940 2 2
22940 51900 23500 53940 3 2
22940 51950 23500 53890 1 2
22940 51950 23500 53890 2 2
22970 27100 23470 30020 0 2
22970 27100 23470 30020 1 2
22970 31300 23470 34220 0 2
22970 31300 23470 34220 1 2
22970 33820 23470 41780 0 2
22970 33820 23470 41780 1 2
22970 43060 23470 45980 0 2
22970 43060 23470 45980 1 2
22970 45580 23470 53540 0 2
22970 45580 23470 53540 1 2
23140 13160 28460 13720 1 2
23140 13160 28460 13720 2 2
23120 13160 28480 13720 0 2
23120 13160 28480 13720 1 2
23140 24920 28460 25480 1 2
23140 24920 28460 25480 2 2
23120 24920 28480 25480 0 2
23120 24920 28480 25480 1 2
23830 6940 24330 14900 0 2
23830 6940 24330 14900 1 2
23830 18700 24330 26660 0 2
23830 18700 24330 26660 1 2
23830 33820 24330 41780 0 2
23830 33820 24330 41780 1 2
23830 45580 24330 53540 0 2
23830 45580 24330 53540 1 2
23530 16840 26350 18440 3 2
23530 16840 26350 18440 4 2
23530 16840 26350 18440 2 2
23530 16840 26350 18440 3 2
24000 1400 27600 1960 1 2
24000 1400 27600 1960 2 2
23980 1400 27620 1960 0 2
23980 1400 27620 1960 1 2
24000 5600 27600 6160 1 2
24000 5600 27600 6160 2 2
23980 5600 27620 6160 0 2
23980 5600 27620 6160 1 2
24000 14000 27600 14560 1 2
24000 14000 27600 14560 2 2
23980 14000 27620 14560 0 2
23980 14000 27620 14560 1 2
24000 17360 27600 17920 1 2
24000 17360 27600 17920 2 2
23980 17360 27620 17920 0 2
23980 17360 27620 17920 1 2
24000 25760 27600 26320 1 2
24000 25760 27600 26320 2 2
23980 25760 27620 26320 0 2
23980 25760 27620 26320 1 2
24660 710 25220 26170 2 2
24660 710 25220 26170 3 2
24660 760 25220 26120 1 2
24660 760 25220 26120 2 2
24660 16620 25220 18660 2 2
24660 16620 25220 18660 3 2
24660 16670 25220 18610 1 2
24660 16670 25220 18610 2 2
24660 16710 25220 18570 2 2
24660 16710 25220 18570 3 2
24660 16760 25220 18520 1 2
24660 16760 25220 18520 2 2
24690 220 25190 3140 0 2
24690 220 25190 3140 1 2
24690 4420 25190 7340 0 2
24690 4420 25190 7340 1 2
24690 6940 25190 14900 0 2
24690 6940 25190 14900 1 2
24690 16180 25190 19100 0 2
24690 16180 25190 19100 1 2
24690 18700 25190 26660 0 2
24690 18700 25190 26660 1 2
24690 27100 25190 30020 0 2
24690 27100 25190 30020 1 2
24690 31300 25190 34220 0 2
24690 31300 25190 34220 1 2
24690 33820 25190 41780 0 2
24690 33820 25190 41780 1 2
24690 43060 25190 45980 0 2
24690 43060 25190 45980 1 2
24690 45580 25190 53540 0 2
24690 45580 25190 53540 1 2
24880 12320 26720 12880 1 2
24880 12320 26720 12880 2 2
24860 12320 26740 12880 0 2
24860 12320 26740 12880 1 2
25520 4910 26080 27010 2 2
25520 4910 26080 27010 3 2
25520 4960 26080 26960 1 2
25520 4960 26080 26960 2 2
25520 11580 26080 13620 2 2
25520 11580 26080 13620 3 2
25520 11630 26080 13570 1 2
25520 11630 26080 13570 2 2
25520 11630 26080 13570 2 2
25520 11630 26080 13570 3 2
25520 11680 26080 13520 1 2
25520 11680 26080 13520 2 2
25550 6940 26050 14900 0 2
25550 6940 26050 14900 1 2
25550 18700 26050 26660 0 2
25550 18700 26050 26660 1 2
25550 33820 26050 41780 0 2
25550 33820 26050 41780 1 2
25550 45580 26050 53540 0 2
25550 45580 26050 53540 1 2
25200 12320 33280 12880 1 2
25200 12320 33280 12880 2 2
25180 12320 33300 12880 0 2
25180 12320 33300 12880 1 2
26410 220 26910 3140 0 2
26410 220 26910 3140 1 2
26410 4420 26910 7340 0 2
26410 4420 26910 7340 1 2
26410 6940 26910 14900 0 2
26410 6940 26910 14900 1 2
26410 16180 26910 19100 0 2
26410 16180 26910 19100 1 2
26410 18700 26910 26660 0 2
26410 18700 26910 26660 1 2
26410 27100 26910 30020 0 2
26410 27100 26910 30020 1 2
26410 31300 26910 34220 0 2
26410 31300 26910 34220 1 2
26410 33820 26910 41780 0 2
26410 33820 26910 41780 1 2
26410 43060 26910 45980 0 2
26410 43060 26910 45980 1 2
26410 45580 26910 53540 0 2
26410 45580 26910 53540 1 2
27270 6940 27770 14900 0 2
27270 6940 27770 14900 1 2
27270 18700 27770 26660 0 2
27270 18700 27770 26660 1 2
27270 33820 27770 41780 0 2
27270 33820 27770 41780 1 2
27270 45580 27770 53540 0 2
27270 45580 27770 53540 1 2
30020 13160 35340 13720 1 2
30020 13160 35340 13720 2 2
30000 13160 35360 13720 0 2
30000 13160 35360 13720 1 2
30020 24920 35340 25480 1 2
30020 24920 35340 25480 2 2
30000 24920 35360 25480 0 2
30000 24920 35360 25480 1 2
30020 40040 42220 40600 1 2
30020 40040 42220 40600 2 2
30000 40040 42240 40600 0 2
30000 40040 42240 40600 1 2
30020 51800 42220 52360 1 2
30020 51800 42220 52360 2 2
30000 51800 42240 52360 0 2
30000 51800 42240 52360 1 2
30710 6940 31210 14900 0 2
30710 6940 31210 14900 1 2
30710 18700 31210 26660 0 2
30710 18700 31210 26660 1 2
30710 33820 31210 41780 0 2
30710 33820 31210 41780 1 2
30710 45580 31210 53540 0 2
30710 45580 31210 53540 1 2
30880 1400 34480 1960 1 2
30880 1400 34480 1960 2 2
30860 1400 34500 1960 0 2
30860 1400 34500 1960 1 2
30880 5600 34480 6160 1 2
30880 5600 34480 6160 2 2
30860 5600 34500 6160 0 2
30860 5600 34500 6160 1 2
30880 14000 34480 14560 1 2
30880 14000 34480 14560 2 2
30860 14000 34500 14560 0 2
30860 14000 34500 14560 1 2
30880 17360 34480 17920 1 2
30880 17360 34480 17920 2 2
30860 17360 34500 17920 0 2
30860 17360 34500 17920 1 2
30880 25760 34480 26320 1 2
30880 25760 34480 26320 2 2
30860 25760 34500 26320 0 2
30860 25760 34500 26320 1 2
30880 28280 41360 28840 1 2
30880 28280 41360 28840 2 2
30860 28280 41380 28840 0 2
30860 28280 41380 28840 1 2
30880 32480 41360 33040 1 2
30880 32480 41360 33040 2 2
30860 32480 41380 33040 0 2
30860 32480 41380 33040 1 2
30880 40880 41360 41440 1 2
30880 40880 41360 41440 2 2
30860 40880 41380 41440 0 2
30860 40880 41380 41440 1 2
30880 44240 41360 44800 1 2
30880 44240 41360 44800 2 2
30860 44240 41380 44800 0 2
30860 44240 41380 44800 1 2
30880 52640 41360 53200 1 2
30880 52640 41360 53200 2 2
30860 52640 41380 53200 0 2
30860 52640 41380 53200 1 2
30900 19040 32740 19600 1 2
30900 19040 32740 19600 2 2
30880 19040 32760 19600 0 2
30880 19040 32760 19600 1 2
31540 13310 32100 27010 2 2
31540 13310 32100 27010 3 2
31540 13360 32100 26960 1 2
31540 13360 32100 26960 2 2
31540 18300 32100 20340 2 2
31540 18300 32100 20340 3 2
31540 18350 32100 20290 1 2
31540 18350 32100 20290 2 2
31540 18350 32100 20290 2 2
31540 18350 32100 20290 3 2
31540 18400 32100 20240 1 2
31540 18400 32100 20240 2 2
31570 220 32070 3140 0 2
31570 220 32070 3140 1 2
31570 4420 32070 7340 0 2
31570 4420 32070 7340 1 2
31570 6940 32070 14900 0 2
31570 6940 32070 14900 1 2
31570 16180 32070 19100 0 2
31570 16180 32070 19100 1 2
31570 18700 32070 26660 0 2
31570 18700 32070 26660 1 2
31570 27100 32070 30020 0 2
31570 27100 32070 30020 1 2
31570 31300 32070 34220 0 2
31570 31300 32070 34220 1 2
31570 33820 32070 41780 0 2
31570 33820 32070 41780 1 2
31570 43060 32070 45980 0 2
31570 43060 32070 45980 1 2
31570 45580 32070 53540 0 2
31570 45580 32070 53540 1 2
31220 19040 39300 19600 1 2
31220 19040 39300 19600 2 2
31200 19040 39320 19600 0 2
31200 19040 39320 19600 1 2
31760 12320 33600 12880 1 2
31760 12320 33600 12880 2 2
31740 12320 33620 12880 0 2
31740 12320 33620 12880 1 2
32400 4910 32960 18610 2 2
32400 4910 32960 18610 3 2
32400 4960 32960 18560 1 2
32400 4960 32960 18560 2 2
32400 11580 32960 13620 2 2
32400 11580 32960 13620 3 2
32400 11630 32960 13570 1 2
32400 11630 32960 13570 2 2
32400 11630 32960 13570 2 2
32400 11630 32960 13570 3 2
32400 11680 32960 13520 1 2
32400 11680 32960 13520 2 2
32430 6940 32930 14900 0 2
32430 6940 32930 14900 1 2
32430 18700 32930 26660 0 2
32430 18700 32930 26660 1 2
32430 33820 32930 41780 0 2
32430 33820 32930 41780 1 2
32430 45580 32930 53540 0 2
32430 45580 32930 53540 1 2
32130 16840 34950 18440 3 2
32130 16840 34950 18440 4 2
32130 16840 34950 18440 2 2
32130 16840 34950 18440 3 2
33260 710 33820 26170 2 2
33260 710 33820 26170 3 2
33260 760 33820 26120 1 2
33260 760 33820 26120 2 2
33260 16620 33820 18660 2 2
33260 16620 33820 18660 3 2
33260 16670 33820 18610 1 2
33260 16670 33820 18610 2 2
33260 16710 33820 18570 2 2
33260 16710 33820 18570 3 2
33260 16760 33820 18520 1 2
33260 16760 33820 18520 2 2
33290 220 33790 3140 0 2
33290 220 33790 3140 1 2
33290 4420 33790 7340 0 2
33290 4420 33790 7340 1 2
33290 6940 33790 14900 0 2
33290 6940 33790 14900 1 2
33290 16180 33790 19100 0 2
33290 16180 33790 19100 1 2
33290 18700 33790 26660 0 2
33290 18700 33790 26660 1 2
33290 27100 33790 30020 0 2
33290 27100 33790 30020 1 2
33290 31300 33790 34220 0 2
33290 31300 33790 34220 1 2
33290 33820 33790 41780 0 2
33290 33820 33790 41780 1 2
33290 43060 33790 45980 0 2
33290 43060 33790 45980 1 2
33290 45580 33790 53540 0 2
33290 45580 33790 53540 1 2
34150 6940 34650 14900 0 2
34150 6940 34650 14900 1 2
34150 18700 34650 26660 0 2
34150 18700 34650 26660 1 2
34150 33820 34650 41780 0 2
34150 33820 34650 41780 1 2
34150 45580 34650 53540 0 2
34150 45580 34650 53540 1 2
33850 52120 36670 53720 3 2
33850 52120 36670 53720 4 2
33850 52120 36670 53720 2 2
33850 52120 36670 53720 3 2
34980 27590 35540 53050 2 2
34980 27590 35540 53050 3 2
34980 27640 35540 53000 1 2
34980 27640 35540 53000 2 2
34980 51430 35540 53570 2 2
34980 51430 35540 53570 3 2
34980 51480 35540 53520 1 2
34980 51480 35540 53520 2 2
34980 51900 35540 53940 2 2
34980 51900 35540 53940 3 2
34980 51950 35540 53890 1 2
34980 51950 35540 53890 2 2
35010 27100 35510 30020 0 2
35010 27100 35510 30020 1 2
35010 31300 35510 34220 0 2
35010 31300 35510 34220 1 2
35010 33820 35510 41780 0 2
35010 33820 35510 41780 1 2
35010 43060 35510 45980 0 2
35010 43060 35510 45980 1 2
35010 45580 35510 53540 0 2
35010 45580 35510 53540 1 2
35180 39520 37060 41120 3 2
35180 39520 37060 41120 4 2
35180 39520 37060 41120 2 2
35180 39520 37060 41120 3 2
35840 31790 36400 45490 2 2
35840 31790 36400 45490 3 2
35840 31840 36400 45440 1 2
35840 31840 36400 45440 2 2
35840 39300 36400 41340 2 2
35840 39300 36400 41340 3 2
35840 39350 36400 41290 1 2
35840 39350 36400 41290 2 2
35870 33820 36370 41780 0 2
35870 33820 36370 41780 1 2
35870 45580 36370 53540 0 2
35870 45580 36370 53540 1 2
36060 43400 37900 43960 1 2
36060 43400 37900 43960 2 2
36040 43400 37920 43960 0 2
36040 43400 37920 43960 1 2
36700 40190 37260 53890 2 2
36700 40190 37260 53890 3 2
36700 40240 37260 53840 1 2
36700 40240 37260 53840 2 2
36700 42660 37260 44700 2 2
36700 42660 37260 44700 3 2
36700 42710 37260 44650 1 2
36700 42710 37260 44650 2 2
36700 42710 37260 44650 2 2
36700 42710 37260 44650 3 2
36700 42760 37260 44600 1 2
36700 42760 37260 44600 2 2
36730 27100 37230 30020 0 2
36730 27100 37230 30020 1 2
36730 31300 37230 34220 0 2
36730 31300 37230 34220 1 2
36730 33820 37230 41780 0 2
36730 33820 37230 41780 1 2
36730 43060 37230 45980 0 2
36730 43060 37230 45980 1 2
36730 45580 37230 53540 0 2
36730 45580 37230 53540 1 2
36380 43400 50480 43960 1 2
36380 43400 50480 43960 2 2
36360 43400 50500 43960 0 2
36360 43400 50500 43960 1 2
37300 7970 39660 12190 4 2
37300 7970 39660 12190 5 2
37300 8820 39660 11340 3 2
37300 8820 39660 11340 4 2
37300 8300 39660 19420 4 2
37300 8300 39660 19420 5 2
37300 9150 39660 18570 3 2
37300 9150 39660 18570 4 2
37300 15530 39660 19750 4 2
37300 15530 39660 19750 5 2
37300 16380 39660 18900 3 2
37300 16380 39660 18900 4 2
36900 13160 42220 13720 1 2
36900 13160 42220 13720 2 2
36880 13160 42240 13720 0 2
36880 13160 42240 13720 1 2
36900 24920 42220 25480 1 2
36900 24920 42220 25480 2 2
36880 24920 42240 25480 0 2
36880 24920 42240 25480 1 2
37590 6940 38090 14900 0 2
37590 6940 38090 14900 1 2
37590 18700 38090 26660 0 2
37590 18700 38090 26660 1 2
37590 33820 38090 41780 0 2
37590 33820 38090 41780 1 2
37590 45580 38090 53540 0 2
37590 45580 38090 53540 1 2
37070 16840 39890 18440 3 2
37070 16840 39890 18440 4 2
37070 16840 39890 18440 2 2
37070 16840 39890 18440 3 2
37540 9280 39420 10880 3 2
37540 9280 39420 10880 4 2
37540 9280 39420 10880 2 2
37540 9280 39420 10880 3 2
37540 16840 39420 18440 3 2
37540 16840 39420 18440 4 2
37540 16840 39420 18440 2 2
37540 16840 39420 18440 3 2
37680 9280 39500 10880 3 2
37680 9280 39500 10880 4 2
37680 9280 39500 10880 2 2
37680 9280 39500 10880 3 2
37760 1400 41360 1960 1 2
37760 1400 41360 1960 2 2
37740 1400 41380 1960 0 2
37740 1400 41380 1960 1 2
37760 5600 41360 6160 1 2
37760 5600 41360 6160 2 2
37740 5600 41380 6160 0 2
37740 5600 41380 6160 1 2
37760 14000 41360 14560 1 2
37760 14000 41360 14560 2 2
37740 14000 41380 14560 0 2
37740 14000 41380 14560 1 2
37760 17360 41360 17920 1 2
37760 17360 41360 17920 2 2
37740 17360 41380 17920 0 2
37740 17360 41380 17920 1 2
37760 25760 41360 26320 1 2
37760 25760 41360 26320 2 2
37740 25760 41380 26320 0 2
37740 25760 41380 26320 1 2
37760 9280 39640 10880 3 2
37760 9280 39640 10880 4 2
37760 9280 39640 10880 2 2
37760 9280 39640 10880 3 2
37780 1400 39620 1960 1 2
37780 1400 39620 1960 2 2
37760 1400 39640 1960 0 2
37760 1400 39640 1960 1 2
37780 19040 39620 19600 1 2
37780 19040 39620 19600 2 2
37760 19040 39640 19600 0 2
37760 19040 39640 19600 1 2
38420 710 38980 2650 2 2
38420 710 38980 2650 3 2
38420 760 38980 2600 1 2
38420 760 38980 2600 2 2
37820 1400 39580 1960 1 2
37820 1400 39580 1960 2 2
37800 1400 39600 1960 0 2
37800 1400 39600 1960 1 2
38420 1030 38980 10730 2 2
38420 1030 38980 10730 3 2
38420 1080 38980 10680 1 2
38420 1080 38980 10680 2 2
38420 9060 38980 11100 2 2
38420 9060 38980 11100 3 2
38420 9110 38980 11050 1 2
38420 9110 38980 11050 2 2
38420 12470 38980 26170 2 2
38420 12470 38980 26170 3 2
38420 12520 38980 26120 1 2
38420 12520 38980 26120 2 2
38420 18300 38980 20340 2 2
38420 18300 38980 20340 3 2
38420 18350 38980 20290 1 2
38420 18350 38980 20290 2 2
38420 18350 38980 20290 2 2
38420 18350 38980 20290 3 2
38420 18400 38980 20240 1 2
38420 18400 38980 20240 2 2
38450 220 38950 3140 0 2
38450 220 38950 3140 1 2
38450 4420 38950 7340 0 2
38450 4420 38950 7340 1 2
38450 6940 38950 14900 0 2
38450 6940 38950 14900 1 2
38450 16180 38950 19100 0 2
38450 16180 38950 19100 1 2
38450 18700 38950 26660 0 2
38450 18700 38950 26660 1 2
38450 27100 38950 30020 0 2
38450 27100 38950 30020 1 2
38450 31300 38950 34220 0 2
38450 31300 38950 34220 1 2
38450 33820 38950 41780 0 2
38450 33820 38950 41780 1 2
38450 43060 38950 45980 0 2
38450 43060 38950 45980 1 2
38450 45580 38950 53540 0 2
38450 45580 38950 53540 1 2
39280 4910 39840 18610 2 2
39280 4910 39840 18610 3 2
39280 4960 39840 18560 1 2
39280 4960 39840 18560 2 2
39310 6940 39810 14900 0 2
39310 6940 39810 14900 1 2
39310 18700 39810 26660 0 2
39310 18700 39810 26660 1 2
39310 33820 39810 41780 0 2
39310 33820 39810 41780 1 2
39310 45580 39810 53540 0 2
39310 45580 39810 53540 1 2
39500 14840 41340 15400 1 2
39500 14840 41340 15400 2 2
39480 14840 41360 15400 0 2
39480 14840 41360 15400 1 2
40140 13310 40700 27010 2 2
40140 13310 40700 27010 3 2
40140 13360 40700 26960 1 2
40140 13360 40700 26960 2 2
40140 14100 40700 16140 2 2
40140 14100 40700 16140 3 2
40140 14150 40700 16090 1 2
40140 14150 40700 16090 2 2
40140 14150 40700 16090 2 2
40140 14150 40700 16090 3 2
40140 14200 40700 16040 1 2
40140 14200 40700 16040 2 2
40170 220 40670 3140 0 2
40170 220 40670 3140 1 2
40170 4420 40670 7340 0 2
40170 4420 40670 7340 1 2
40170 6940 40670 14900 0 2
40170 6940 40670 14900 1 2
40170 16180 40670 19100 0 2
40170 16180 40670 19100 1 2
40170 18700 40670 26660 0 2
40170 18700 40670 26660 1 2
40170 27100 40670 30020 0 2
40170 27100 40670 30020 1 2
40170 31300 40670 34220 0 2
40170 31300 40670 34220 1 2
40170 33820 40670 41780 0 2
40170 33820 40670 41780 1 2
40170 43060 40670 45980 0 2
40170 43060 40670 45980 1 2
40170 45580 40670 53540 0 2
40170 45580 40670 53540 1 2
39820 14840 50480 15400 1 2
39820 14840 50480 15400 2 2
39800 14840 50500 15400 0 2
39800 14840 50500 15400 1 2
41030 6940 41530 14900 0 2
41030 6940 41530 14900 1 2
41030 18700 41530 26660 0 2
41030 18700 41530 26660 1 2
41030 33820 41530 41780 0 2
41030 33820 41530 41780 1 2
41030 45580 41530 53540 0 2
41030 45580 41530 53540 1 2
43780 13160 55980 13720 1 2
43780 13160 55980 13720 2 2
43760 13160 56000 13720 0 2
43760 13160 56000 13720 1 2
43780 28280 57700 28840 1 2
43780 28280 57700 28840 2 2
43760 28280 57720 28840 0 2
43760 28280 57720 28840 1 2
43780 40040 57700 40600 1 2
43780 40040 57700 40600 2 2
43760 40040 57720 40600 0 2
43760 40040 57720 40600 1 2
43780 51800 57700 52360 1 2
43780 51800 57700 52360 2 2
43760 51800 57720 52360 0 2
43760 51800 57720 52360 1 2
44470 6940 44970 14900 0 2
44470 6940 44970 14900 1 2
44470 22060 44970 30020 0 2
44470 22060 44970 30020 1 2
44470 33820 44970 41780 0 2
44470 33820 44970 41780 1 2
44470 45580 44970 53540 0 2
44470 45580 44970 53540 1 2
44640 1400 55120 1960 1 2
44640 1400 55120 1960 2 2
44620 1400 55140 1960 0 2
44620 1400 55140 1960 1 2
44640 5600 55120 6160 1 2
44640 5600 55120 6160 2 2
44620 5600 55140 6160 0 2
44620 5600 55140 6160 1 2
44640 14000 55120 14560 1 2
44640 14000 55120 14560 2 2
44620 14000 55140 14560 0 2
44620 14000 55140 14560 1 2
44640 16520 56840 17080 1 2
44640 16520 56840 17080 2 2
44620 16520 56860 17080 0 2
44620 16520 56860 17080 1 2
44640 20720 56840 21280 1 2
44640 20720 56840 21280 2 2
44620 20720 56860 21280 0 2
44620 20720 56860 21280 1 2
44640 29120 56840 29680 1 2
44640 29120 56840 29680 2 2
44620 29120 56860 29680 0 2
44620 29120 56860 29680 1 2
44640 32480 56840 33040 1 2
44640 32480 56840 33040 2 2
44620 32480 56860 33040 0 2
44620 32480 56860 33040 1 2
44640 40880 56840 41440 1 2
44640 40880 56840 41440 2 2
44620 40880 56860 41440 0 2
44620 40880 56860 41440 1 2
44640 44240 56840 44800 1 2
44640 44240 56840 44800 2 2
44620 44240 56860 44800 0 2
44620 44240 56860 44800 1 2
44640 52640 56840 53200 1 2
44640 52640 56840 53200 2 2
44620 52640 56860 53200 0 2
44620 52640 56860 53200 1 2
45330 220 45830 3140 0 2
45330 220 45830 3140 1 2
45330 4420 45830 7340 0 2
45330 4420 45830 7340 1 2
45330 6940 45830 14900 0 2
45330 6940 45830 14900 1 2
45330 15340 45830 18260 0 2
45330 15340 45830 18260 1 2
45330 19540 45830 22460 0 2
45330 19540 45830 22460 1 2
45330 22060 45830 30020 0 2
45330 22060 45830 30020 1 2
45330 31300 45830 34220 0 2
45330 31300 45830 34220 1 2
45330 33820 45830 41780 0 2
45330 33820 45830 41780 1 2
45330 43060 45830 45980 0 2
45330 43060 45830 45980 1 2
45330 45580 45830 53540 0 2
45330 45580 45830 53540 1 2
46190 6940 46690 14900 0 2
46190 6940 46690 14900 1 2
46190 22060 46690 30020 0 2
46190 22060 46690 30020 1 2
46190 33820 46690 41780 0 2
46190 33820 46690 41780 1 2
46190 45580 46690 53540 0 2
46190 45580 46690 53540 1 2
47050 220 47550 3140 0 2
47050 220 47550 3140 1 2
47050 4420 47550 7340 0 2
47050 4420 47550 7340 1 2
47050 6940 47550 14900 0 2
47050 6940 47550 14900 1 2
47050 15340 47550 18260 0 2
47050 15340 47550 18260 1 2
47050 19540 47550 22460 0 2
47050 19540 47550 22460 1 2
47050 22060 47550 30020 0 2
47050 22060 47550 30020 1 2
47050 31300 47550 34220 0 2
47050 31300 47550 34220 1 2
47050 33820 47550 41780 0 2
47050 33820 47550 41780 1 2
47050 43060 47550 45980 0 2
47050 43060 47550 45980 1 2
47050 45580 47550 53540 0 2
47050 45580 47550 53540 1 2
47240 560 49080 1120 1 2
47240 560 49080 1120 2 2
47220 560 49100 1120 0 2
47220 560 49100 1120 1 2
47880 -650 48440 1490 2 2
47880 -650 48440 1490 3 2
47880 -600 48440 1440 1 2
47880 -600 48440 1440 2 2
47880 -130 48440 1810 2 2
47880 -130 48440 1810 3 2
47880 -80 48440 1760 1 2
47880 -80 48440 1760 2 2
47910 6940 48410 14900 0 2
47910 6940 48410 14900 1 2
47910 22060 48410 30020 0 2
47910 22060 48410 30020 1 2
47910 33820 48410 41780 0 2
47910 33820 48410 41780 1 2
47910 45580 48410 53540 0 2
47910 45580 48410 53540 1 2
47560 560 49620 1120 1 2
47560 560 49620 1120 2 2
47540 560 49640 1120 0 2
47540 560 49640 1120 1 2
48100 560 49940 1120 1 2
48100 560 49940 1120 2 2
48080 560 49960 1120 0 2
48080 560 49960 1120 1 2
48740 -130 49300 1810 2 2
48740 -130 49300 1810 3 2
48740 -80 49300 1760 1 2
48740 -80 49300 1760 2 2
48740 190 49300 2330 2 2
48740 190 49300 2330 3 2
48740 240 49300 2280 1 2
48740 240 49300 2280 2 2
48770 220 49270 3140 0 2
48770 220 49270 3140 1 2
48770 4420 49270 7340 0 2
48770 4420 49270 7340 1 2
48770 6940 49270 14900 0 2
48770 6940 49270 14900 1 2
48770 15340 49270 18260 0 2
48770 15340 49270 18260 1 2
48770 19540 49270 22460 0 2
48770 19540 49270 22460 1 2
48770 22060 49270 30020 0 2
48770 22060 49270 30020 1 2
48770 31300 49270 34220 0 2
48770 31300 49270 34220 1 2
48770 33820 49270 41780 0 2
48770 33820 49270 41780 1 2
48770 43060 49270 45980 0 2
48770 43060 49270 45980 1 2
48770 45580 49270 53540 0 2
48770 45580 49270 53540 1 2
48960 14840 50800 15400 1 2
48960 14840 50800 15400 2 2
48940 14840 50820 15400 0 2
48940 14840 50820 15400 1 2
48960 43400 50800 43960 1 2
48960 43400 50800 43960 2 2
48940 43400 50820 43960 0 2
48940 43400 50820 43960 1 2
49600 4910 50160 15250 2 2
49600 4910 50160 15250 3 2
49600 4960 50160 15200 1 2
49600 4960 50160 15200 2 2
49600 13630 50160 15770 2 2
49600 13630 50160 15770 3 2
49600 13680 50160 15720 1 2
49600 13680 50160 15720 2 2
49600 14150 50160 16090 2 2
49600 14150 50160 16090 3 2
49600 14200 50160 16040 1 2
49600 14200 50160 16040 2 2
49600 28430 50160 53890 2 2
49600 28430 50160 53890 3 2
49600 28480 50160 53840 1 2
49600 28480 50160 53840 2 2
49600 42660 50160 44700 2 2
49600 42660 50160 44700 3 2
49600 42710 50160 44650 1 2
49600 42710 50160 44650 2 2
49600 42710 50160 44650 2 2
49600 42710 50160 44650 3 2
49600 42760 50160 44600 1 2
49600 42760 50160 44600 2 2
49630 6940 50130 14900 0 2
49630 6940 50130 14900 1 2
49630 22060 50130 30020 0 2
49630 22060 50130 30020 1 2
49630 33820 50130 41780 0 2
49630 33820 50130 41780 1 2
49630 45580 50130 53540 0 2
49630 45580 50130 53540 1 2
49280 14840 51340 15400 1 2
49280 14840 51340 15400 2 2
49260 14840 51360 15400 0 2
49260 14840 51360 15400 1 2
49820 14840 51660 15400 1 2
49820 14840 51660 15400 2 2
49800 14840 51680 15400 0 2
49800 14840 51680 15400 1 2
50460 14150 51020 16090 2 2
50460 14150 51020 16090 3 2
50460 14200 51020 16040 1 2
50460 14200 51020 16040 2 2
50460 14470 51020 21650 2 2
50460 14470 51020 21650 3 2
50460 14520 51020 21600 1 2
50460 14520 51020 21600 2 2
50460 20030 51020 45490 2 2
50460 20030 51020 45490 3 2
50460 20080 51020 45440 1 2
50460 20080 51020 45440 2 2
50490 220 50990 3140 0 2
50490 220 50990 3140 1 2
50490 4420 50990 7340 0 2
50490 4420 50990 7340 1 2
50490 6940 50990 14900 0 2
50490 6940 50990 14900 1 2
50490 15340 50990 18260 0 2
50490 15340 50990 18260 1 2
50490 19540 50990 22460 0 2
50490 19540 50990 22460 1 2
50490 22060 50990 30020 0 2
50490 22060 50990 30020 1 2
50490 31300 50990 34220 0 2
50490 31300 50990 34220 1 2
50490 33820 50990 41780 0 2
50490 33820 50990 41780 1 2
50490 43060 50990 45980 0 2
50490 43060 50990 45980 1 2
50490 45580 50990 53540 0 2
50490 45580 50990 53540 1 2
51350 6940 51850 14900 0 2
51350 6940 51850 14900 1 2
51350 22060 51850 30020 0 2
51350 22060 51850 30020 1 2
51350 33820 51850 41780 0 2
51350 33820 51850 41780 1 2
51350 45580 51850 53540 0 2
51350 45580 51850 53540 1 2
52210 220 52710 3140 0 2
52210 220 52710 3140 1 2
52210 4420 52710 7340 0 2
52210 4420 52710 7340 1 2
52210 6940 52710 14900 0 2
52210 6940 52710 14900 1 2
52210 15340 52710 18260 0 2
52210 15340 52710 18260 1 2
52210 19540 52710 22460 0 2
52210 19540 52710 22460 1 2
52210 22060 52710 30020 0 2
52210 22060 52710 30020 1 2
52210 31300 52710 34220 0 2
52210 31300 52710 34220 1 2
52210 33820 52710 41780 0 2
52210 33820 52710 41780 1 2
52210 43060 52710 45980 0 2
52210 43060 52710 45980 1 2
52210 45580 52710 53540 0 2
52210 45580 52710 53540 1 2
53070 6940 53570 14900 0 2
53070 6940 53570 14900 1 2
53070 22060 53570 30020 0 2
53070 22060 53570 30020 1 2
53070 33820 53570 41780 0 2
53070 33820 53570 41780 1 2
53070 45580 53570 53540 0 2
53070 45580 53570 53540 1 2
53930 220 54430 3140 0 2
53930 220 54430 3140 1 2
53930 4420 54430 7340 0 2
53930 4420 54430 7340 1 2
53930 6940 54430 14900 0 2
53930 6940 54430 14900 1 2
53930 15340 54430 18260 0 2
53930 15340 54430 18260 1 2
53930 19540 54430 22460 0 2
53930 19540 54430 22460 1 2
53930 22060 54430 30020 0 2
53930 22060 54430 30020 1 2
53930 31300 54430 34220 0 2
53930 31300 54430 34220 1 2
53930 33820 54430 41780 0 2
53930 33820 54430 41780 1 2
53930 43060 54430 45980 0 2
53930 43060 54430 45980 1 2
53930 45580 54430 53540 0 2
53930 45580 54430 53540 1 2
54790 6940 55290 14900 0 2
54790 6940 55290 14900 1 2
54790 22060 55290 30020 0 2
54790 22060 55290 30020 1 2
54790 33820 55290 41780 0 2
54790 33820 55290 41780 1 2
54790 45580 55290 53540 0 2
54790 45580 55290 53540 1 2
55650 15340 56150 18260 0 2
55650 15340 56150 18260 1 2
55650 19540 56150 22460 0 2
55650 19540 56150 22460 1 2
55650 22060 56150 30020 0 2
55650 22060 56150 30020 1 2
55650 31300 56150 34220 0 2
55650 31300 56150 34220 1 2
55650 33820 56150 41780 0 2
55650 33820 56150 41780 1 2
55650 43060 56150 45980 0 2
55650 43060 56150 45980 1 2
55650 45580 56150 53540 0 2
55650 45580 56150 53540 1 2
56510 22060 57010 30020 0 2
56510 22060 57010 30020 1 2
56510 33820 57010 41780 0 2
56510 33820 57010 41780 1 2
56510 45580 57010 53540 0 2
56510 45580 57010 53540 1 2
