17120 1400 20720 1960 1 2
17120 1400 20720 1960 2 2
17100 1400 20740 1960 0 2
17100 1400 20740 1960 1 2
17120 5600 20720 6160 1 2
17120 5600 20720 6160 2 2
17100 5600 20740 6160 0 2
17100 5600 20740 6160 1 2
17120 14000 20720 14560 1 2
17120 14000 20720 14560 2 2
17100 14000 20740 14560 0 2
17100 14000 20740 14560 1 2
17120 17360 20720 17920 1 2
17120 17360 20720 17920 2 2
17100 17360 20740 17920 0 2
17100 17360 20740 17920 1 2
17120 25760 20720 26320 1 2
17120 25760 20720 26320 2 2
17100 25760 20740 26320 0 2
17100 25760 20740 26320 1 2
17120 28280 27600 28840 1 2
17120 28280 27600 28840 2 2
17100 28280 27620 28840 0 2
17100 28280 27620 28840 1 2
17120 32480 27600 33040 1 2
17120 32480 27600 33040 2 2
17100 32480 27620 33040 0 2
17100 32480 27620 33040 1 2
17140 14840 18980 15400 1 2
17140 14840 18980 15400 2 2
17120 14840 19000 15400 0 2
17120 14840 19000 15400 1 2
17780 13310 18340 27010 2 2
17780 13310 18340 27010 3 2
17780 13360 18340 26960 1 2
17780 13360 18340 26960 2 2
17780 14100 18340 16140 2 2
17780 14100 18340 16140 3 2
17780 14150 18340 16090 1 2
17780 14150 18340 16090 2 2
17780 14150 18340 16090 2 2
17780 14150 18340 16090 3 2
17780 14200 18340 16040 1 2
17780 14200 18340 16040 2 2
17810 220 18310 3140 0 2
17810 220 18310 3140 1 2
17810 4420 18310 7340 0 2
17810 4420 18310 7340 1 2
17810 6940 18310 14900 0 2
17810 6940 18310 14900 1 2
17810 16180 18310 19100 0 2
17810 16180 18310 19100 1 2
17810 18700 18310 26660 0 2
17810 18700 18310 26660 1 2
17810 27100 18310 30020 0 2
17810 27100 18310 30020 1 2
17810 31300 18310 34220 0 2
17810 31300 18310 34220 1 2
18640 4910 19200 18610 2 2
18640 4910 19200 18610 3 2
18640 4960 19200 18560 1 2
18640 4960 19200 18560 2 2
18670 6940 19170 14900 0 2
18670 6940 19170 14900 1 2
18670 18700 19170 26660 0 2
18670 18700 19170 26660 1 2
19530 220 20030 3140 0 2
19530 220 20030 3140 1 2
19530 4420 20030 7340 0 2
19530 4420 20030 7340 1 2
19530 6940 20030 14900 0 2
19530 6940 20030 14900 1 2
19530 16180 20030 19100 0 2
19530 16180 20030 19100 1 2
19530 18700 20030 26660 0 2
19530 18700 20030 26660 1 2
19530 27100 20030 30020 0 2
19530 27100 20030 30020 1 2
19530 31300 20030 34220 0 2
19530 31300 20030 34220 1 2
20390 6940 20890 14900 0 2
20390 6940 20890 14900 1 2
20390 18700 20890 26660 0 2
20390 18700 20890 26660 1 2
21250 27100 21750 30020 0 2
21250 27100 21750 30020 1 2
21250 31300 21750 34220 0 2
21250 31300 21750 34220 1 2
22080 31790 22640 53890 2 2
22080 31790 22640 53890 3 2
22080 31840 22640 53840 1 2
22080 31840 22640 53840 2 2
22940 27590 23500 53050 2 2
22940 27590 23500 53050 3 2
22940 27640 23500 53000 1 2
22940 27640 23500 53000 2 2
22970 27100 23470 30020 0 2
22970 27100 23470 30020 1 2
22970 31300 23470 34220 0 2
22970 31300 23470 34220 1 2
23140 13160 28460 13720 1 2
23140 13160 28460 13720 2 2
23120 13160 28480 13720 0 2
23120 13160 28480 13720 1 2
23140 24920 28460 25480 1 2
23140 24920 28460 25480 2 2
23120 24920 28480 25480 0 2
23120 24920 28480 25480 1 2
23830 6940 24330 14900 0 2
23830 6940 24330 14900 1 2
23830 18700 24330 26660 0 2
23830 18700 24330 26660 1 2
24000 1400 27600 1960 1 2
24000 1400 27600 1960 2 2
23980 1400 27620 1960 0 2
23980 1400 27620 1960 1 2
24000 5600 27600 6160 1 2
24000 5600 27600 6160 2 2
23980 5600 27620 6160 0 2
23980 5600 27620 6160 1 2
24000 14000 27600 14560 1 2
24000 14000 27600 14560 2 2
23980 14000 27620 14560 0 2
23980 14000 27620 14560 1 2
24000 17360 27600 17920 1 2
24000 17360 27600 17920 2 2
23980 17360 27620 17920 0 2
23980 17360 27620 17920 1 2
24000 25760 27600 26320 1 2
24000 25760 27600 26320 2 2
23980 25760 27620 26320 0 2
23980 25760 27620 26320 1 2
24660 710 25220 26170 2 2
24660 710 25220 26170 3 2
24660 760 25220 26120 1 2
24660 760 25220 26120 2 2
24690 220 25190 3140 0 2
24690 220 25190 3140 1 2
24690 4420 25190 7340 0 2
24690 4420 25190 7340 1 2
24690 6940 25190 14900 0 2
24690 6940 25190 14900 1 2
24690 16180 25190 19100 0 2
24690 16180 25190 19100 1 2
24690 18700 25190 26660 0 2
24690 18700 25190 26660 1 2
24690 27100 25190 30020 0 2
24690 27100 25190 30020 1 2
24690 31300 25190 34220 0 2
24690 31300 25190 34220 1 2
24880 12320 26720 12880 1 2
24880 12320 26720 12880 2 2
24860 12320 26740 12880 0 2
24860 12320 26740 12880 1 2
25520 4910 26080 27010 2 2
25520 4910 26080 27010 3 2
25520 4960 26080 26960 1 2
25520 4960 26080 26960 2 2
25520 11580 26080 13620 2 2
25520 11580 26080 13620 3 2
25520 11630 26080 13570 1 2
25520 11630 26080 13570 2 2
25520 11630 26080 13570 2 2
25520 11630 26080 13570 3 2
25520 11680 26080 13520 1 2
25520 11680 26080 13520 2 2
25550 6940 26050 14900 0 2
25550 6940 26050 14900 1 2
25550 18700 26050 26660 0 2
25550 18700 26050 26660 1 2
25200 12320 33280 12880 1 2
25200 12320 33280 12880 2 2
25180 12320 33300 12880 0 2
25180 12320 33300 12880 1 2
26410 220 26910 3140 0 2
26410 220 26910 3140 1 2
26410 4420 26910 7340 0 2
26410 4420 26910 7340 1 2
26410 6940 26910 14900 0 2
26410 6940 26910 14900 1 2
26410 16180 26910 19100 0 2
26410 16180 26910 19100 1 2
26410 18700 26910 26660 0 2
26410 18700 26910 26660 1 2
26410 27100 26910 30020 0 2
26410 27100 26910 30020 1 2
26410 31300 26910 34220 0 2
26410 31300 26910 34220 1 2
27270 6940 27770 14900 0 2
27270 6940 27770 14900 1 2
27270 18700 27770 26660 0 2
27270 18700 27770 26660 1 2
30020 13160 35340 13720 1 2
30020 13160 35340 13720 2 2
30000 13160 35360 13720 0 2
30000 13160 35360 13720 1 2
30020 24920 35340 25480 1 2
30020 24920 35340 25480 2 2
30000 24920 35360 25480 0 2
30000 24920 35360 25480 1 2
30710 6940 31210 14900 0 2
30710 6940 31210 14900 1 2
30710 18700 31210 26660 0 2
30710 18700 31210 26660 1 2
30880 1400 34480 1960 1 2
30880 1400 34480 1960 2 2
30860 1400 34500 1960 0 2
30860 1400 34500 1960 1 2
30880 5600 34480 6160 1 2
30880 5600 34480 6160 2 2
30860 5600 34500 6160 0 2
30860 5600 34500 6160 1 2
30880 14000 34480 14560 1 2
30880 14000 34480 14560 2 2
30860 14000 34500 14560 0 2
30860 14000 34500 14560 1 2
30880 17360 34480 17920 1 2
30880 17360 34480 17920 2 2
30860 17360 34500 17920 0 2
30860 17360 34500 17920 1 2
30880 25760 34480 26320 1 2
30880 25760 34480 26320 2 2
30860 25760 34500 26320 0 2
30860 25760 34500 26320 1 2
30880 28280 41360 28840 1 2
30880 28280 41360 28840 2 2
30860 28280 41380 28840 0 2
30860 28280 41380 28840 1 2
30880 32480 41360 33040 1 2
30880 32480 41360 33040 2 2
30860 32480 41380 33040 0 2
30860 32480 41380 33040 1 2
31570 220 32070 3140 0 2
31570 220 32070 3140 1 2
31570 4420 32070 7340 0 2
31570 4420 32070 7340 1 2
31570 6940 32070 14900 0 2
31570 6940 32070 14900 1 2
31570 16180 32070 19100 0 2
31570 16180 32070 19100 1 2
31570 18700 32070 26660 0 2
31570 18700 32070 26660 1 2
31570 27100 32070 30020 0 2
31570 27100 32070 30020 1 2
31570 31300 32070 34220 0 2
31570 31300 32070 34220 1 2
31760 12320 33600 12880 1 2
31760 12320 33600 12880 2 2
31740 12320 33620 12880 0 2
31740 12320 33620 12880 1 2
32400 4910 32960 18610 2 2
32400 4910 32960 18610 3 2
32400 4960 32960 18560 1 2
32400 4960 32960 18560 2 2
32400 11580 32960 13620 2 2
32400 11580 32960 13620 3 2
32400 11630 32960 13570 1 2
32400 11630 32960 13570 2 2
32400 11630 32960 13570 2 2
32400 11630 32960 13570 3 2
32400 11680 32960 13520 1 2
32400 11680 32960 13520 2 2
32430 6940 32930 14900 0 2
32430 6940 32930 14900 1 2
32430 18700 32930 26660 0 2
32430 18700 32930 26660 1 2
33260 710 33820 26170 2 2
33260 710 33820 26170 3 2
33260 760 33820 26120 1 2
33260 760 33820 26120 2 2
33290 220 33790 3140 0 2
33290 220 33790 3140 1 2
33290 4420 33790 7340 0 2
33290 4420 33790 7340 1 2
33290 6940 33790 14900 0 2
33290 6940 33790 14900 1 2
33290 16180 33790 19100 0 2
33290 16180 33790 19100 1 2
33290 18700 33790 26660 0 2
33290 18700 33790 26660 1 2
33290 27100 33790 30020 0 2
33290 27100 33790 30020 1 2
33290 31300 33790 34220 0 2
33290 31300 33790 34220 1 2
34150 6940 34650 14900 0 2
34150 6940 34650 14900 1 2
34150 18700 34650 26660 0 2
34150 18700 34650 26660 1 2
34980 27590 35540 53050 2 2
34980 27590 35540 53050 3 2
34980 27640 35540 53000 1 2
34980 27640 35540 53000 2 2
35010 27100 35510 30020 0 2
35010 27100 35510 30020 1 2
35010 31300 35510 34220 0 2
35010 31300 35510 34220 1 2
35840 31790 36400 45490 2 2
35840 31790 36400 45490 3 2
35840 31840 36400 45440 1 2
35840 31840 36400 45440 2 2
36730 27100 37230 30020 0 2
36730 27100 37230 30020 1 2
36730 31300 37230 34220 0 2
36730 31300 37230 34220 1 2
36900 13160 42220 13720 1 2
36900 13160 42220 13720 2 2
36880 13160 42240 13720 0 2
36880 13160 42240 13720 1 2
36900 24920 42220 25480 1 2
36900 24920 42220 25480 2 2
36880 24920 42240 25480 0 2
36880 24920 42240 25480 1 2
37590 6940 38090 14900 0 2
37590 6940 38090 14900 1 2
37590 18700 38090 26660 0 2
37590 18700 38090 26660 1 2
37760 1400 41360 1960 1 2
37760 1400 41360 1960 2 2
37740 1400 41380 1960 0 2
37740 1400 41380 1960 1 2
37760 5600 41360 6160 1 2
37760 5600 41360 6160 2 2
37740 5600 41380 6160 0 2
37740 5600 41380 6160 1 2
37760 14000 41360 14560 1 2
37760 14000 41360 14560 2 2
37740 14000 41380 14560 0 2
37740 14000 41380 14560 1 2
37760 17360 41360 17920 1 2
37760 17360 41360 17920 2 2
37740 17360 41380 17920 0 2
37740 17360 41380 17920 1 2
37760 25760 41360 26320 1 2
37760 25760 41360 26320 2 2
37740 25760 41380 26320 0 2
37740 25760 41380 26320 1 2
38450 220 38950 3140 0 2
38450 220 38950 3140 1 2
38450 4420 38950 7340 0 2
38450 4420 38950 7340 1 2
38450 6940 38950 14900 0 2
38450 6940 38950 14900 1 2
38450 16180 38950 19100 0 2
38450 16180 38950 19100 1 2
38450 18700 38950 26660 0 2
38450 18700 38950 26660 1 2
38450 27100 38950 30020 0 2
38450 27100 38950 30020 1 2
38450 31300 38950 34220 0 2
38450 31300 38950 34220 1 2
39280 4910 39840 18610 2 2
39280 4910 39840 18610 3 2
39280 4960 39840 18560 1 2
39280 4960 39840 18560 2 2
39310 6940 39810 14900 0 2
39310 6940 39810 14900 1 2
39310 18700 39810 26660 0 2
39310 18700 39810 26660 1 2
39500 14840 41340 15400 1 2
39500 14840 41340 15400 2 2
39480 14840 41360 15400 0 2
39480 14840 41360 15400 1 2
40140 13310 40700 27010 2 2
40140 13310 40700 27010 3 2
40140 13360 40700 26960 1 2
40140 13360 40700 26960 2 2
40140 14100 40700 16140 2 2
40140 14100 40700 16140 3 2
40140 14150 40700 16090 1 2
40140 14150 40700 16090 2 2
40140 14150 40700 16090 2 2
40140 14150 40700 16090 3 2
40140 14200 40700 16040 1 2
40140 14200 40700 16040 2 2
40170 220 40670 3140 0 2
40170 220 40670 3140 1 2
40170 4420 40670 7340 0 2
40170 4420 40670 7340 1 2
40170 6940 40670 14900 0 2
40170 6940 40670 14900 1 2
40170 16180 40670 19100 0 2
40170 16180 40670 19100 1 2
40170 18700 40670 26660 0 2
40170 18700 40670 26660 1 2
40170 27100 40670 30020 0 2
40170 27100 40670 30020 1 2
40170 31300 40670 34220 0 2
40170 31300 40670 34220 1 2
39820 14840 50480 15400 1 2
39820 14840 50480 15400 2 2
39800 14840 50500 15400 0 2
39800 14840 50500 15400 1 2
41030 6940 41530 14900 0 2
41030 6940 41530 14900 1 2
41030 18700 41530 26660 0 2
41030 18700 41530 26660 1 2
43780 13160 55980 13720 1 2
43780 13160 55980 13720 2 2
43760 13160 56000 13720 0 2
43760 13160 56000 13720 1 2
43780 28280 57700 28840 1 2
43780 28280 57700 28840 2 2
43760 28280 57720 28840 0 2
43760 28280 57720 28840 1 2
44470 6940 44970 14900 0 2
44470 6940 44970 14900 1 2
44470 22060 44970 30020 0 2
44470 22060 44970 30020 1 2
44640 1400 55120 1960 1 2
44640 1400 55120 1960 2 2
44620 1400 55140 1960 0 2
44620 1400 55140 1960 1 2
44640 5600 55120 6160 1 2
44640 5600 55120 6160 2 2
44620 5600 55140 6160 0 2
44620 5600 55140 6160 1 2
44640 14000 55120 14560 1 2
44640 14000 55120 14560 2 2
44620 14000 55140 14560 0 2
44620 14000 55140 14560 1 2
44640 16520 56840 17080 1 2
44640 16520 56840 17080 2 2
44620 16520 56860 17080 0 2
44620 16520 56860 17080 1 2
44640 20720 56840 21280 1 2
44640 20720 56840 21280 2 2
44620 20720 56860 21280 0 2
44620 20720 56860 21280 1 2
44640 29120 56840 29680 1 2
44640 29120 56840 29680 2 2
44620 29120 56860 29680 0 2
44620 29120 56860 29680 1 2
44640 32480 56840 33040 1 2
44640 32480 56840 33040 2 2
44620 32480 56860 33040 0 2
44620 32480 56860 33040 1 2
45330 220 45830 3140 0 2
45330 220 45830 3140 1 2
45330 4420 45830 7340 0 2
45330 4420 45830 7340 1 2
45330 6940 45830 14900 0 2
45330 6940 45830 14900 1 2
45330 15340 45830 18260 0 2
45330 15340 45830 18260 1 2
45330 19540 45830 22460 0 2
45330 19540 45830 22460 1 2
45330 22060 45830 30020 0 2
45330 22060 45830 30020 1 2
45330 31300 45830 34220 0 2
45330 31300 45830 34220 1 2
46190 6940 46690 14900 0 2
46190 6940 46690 14900 1 2
46190 22060 46690 30020 0 2
46190 22060 46690 30020 1 2
47050 220 47550 3140 0 2
47050 220 47550 3140 1 2
47050 4420 47550 7340 0 2
47050 4420 47550 7340 1 2
47050 6940 47550 14900 0 2
47050 6940 47550 14900 1 2
47050 15340 47550 18260 0 2
47050 15340 47550 18260 1 2
47050 19540 47550 22460 0 2
47050 19540 47550 22460 1 2
47050 22060 47550 30020 0 2
47050 22060 47550 30020 1 2
47050 31300 47550 34220 0 2
47050 31300 47550 34220 1 2
47910 6940 48410 14900 0 2
47910 6940 48410 14900 1 2
47910 22060 48410 30020 0 2
47910 22060 48410 30020 1 2
48740 710 49300 14410 2 2
48740 710 49300 14410 3 2
48740 760 49300 14360 1 2
48740 760 49300 14360 2 2
48770 220 49270 3140 0 2
48770 220 49270 3140 1 2
48770 4420 49270 7340 0 2
48770 4420 49270 7340 1 2
48770 6940 49270 14900 0 2
48770 6940 49270 14900 1 2
48770 15340 49270 18260 0 2
48770 15340 49270 18260 1 2
48770 19540 49270 22460 0 2
48770 19540 49270 22460 1 2
48770 22060 49270 30020 0 2
48770 22060 49270 30020 1 2
48770 31300 49270 34220 0 2
48770 31300 49270 34220 1 2
48960 14840 50800 15400 1 2
48960 14840 50800 15400 2 2
48940 14840 50820 15400 0 2
48940 14840 50820 15400 1 2
49600 4910 50160 15250 2 2
49600 4910 50160 15250 3 2
49600 4960 50160 15200 1 2
49600 4960 50160 15200 2 2
49600 13630 50160 15770 2 2
49600 13630 50160 15770 3 2
49600 13680 50160 15720 1 2
49600 13680 50160 15720 2 2
49600 14150 50160 16090 2 2
49600 14150 50160 16090 3 2
49600 14200 50160 16040 1 2
49600 14200 50160 16040 2 2
49600 28430 50160 53890 2 2
49600 28430 50160 53890 3 2
49600 28480 50160 53840 1 2
49600 28480 50160 53840 2 2
49630 6940 50130 14900 0 2
49630 6940 50130 14900 1 2
49630 22060 50130 30020 0 2
49630 22060 50130 30020 1 2
49280 14840 51340 15400 1 2
49280 14840 51340 15400 2 2
49260 14840 51360 15400 0 2
49260 14840 51360 15400 1 2
49820 14840 51660 15400 1 2
49820 14840 51660 15400 2 2
49800 14840 51680 15400 0 2
49800 14840 51680 15400 1 2
50460 14150 51020 16090 2 2
50460 14150 51020 16090 3 2
50460 14200 51020 16040 1 2
50460 14200 51020 16040 2 2
50460 14470 51020 21650 2 2
50460 14470 51020 21650 3 2
50460 14520 51020 21600 1 2
50460 14520 51020 21600 2 2
50460 20030 51020 45490 2 2
50460 20030 51020 45490 3 2
50460 20080 51020 45440 1 2
50460 20080 51020 45440 2 2
50490 220 50990 3140 0 2
50490 220 50990 3140 1 2
50490 4420 50990 7340 0 2
50490 4420 50990 7340 1 2
50490 6940 50990 14900 0 2
50490 6940 50990 14900 1 2
50490 15340 50990 18260 0 2
50490 15340 50990 18260 1 2
50490 19540 50990 22460 0 2
50490 19540 50990 22460 1 2
50490 22060 50990 30020 0 2
50490 22060 50990 30020 1 2
50490 31300 50990 34220 0 2
50490 31300 50990 34220 1 2
51320 15830 51880 53050 2 2
51320 15830 51880 53050 3 2
51320 15880 51880 53000 1 2
51320 15880 51880 53000 2 2
51350 6940 51850 14900 0 2
51350 6940 51850 14900 1 2
51350 22060 51850 30020 0 2
51350 22060 51850 30020 1 2
