16480 12720 17920 14160 0 2
16480 24480 17920 25920 0 2
16480 39600 17920 41040 0 2
16480 51360 17920 52800 0 2
17340 960 18780 2400 0 2
17340 5160 18780 6600 0 2
17340 13560 18780 15000 0 2
17340 16920 18780 18360 0 2
17340 25320 18780 26760 0 2
17340 27840 18780 29280 0 2
17340 32040 18780 33480 0 2
17340 40440 18780 41880 0 2
17340 43800 18780 45240 0 2
17340 52200 18780 53640 0 2
18200 12720 19640 14160 0 2
18200 24480 19640 25920 0 2
18200 39600 19640 41040 0 2
18200 51360 19640 52800 0 2
19060 960 20500 2400 0 2
19060 5160 20500 6600 0 2
19060 13560 20500 15000 0 2
19060 16920 20500 18360 0 2
19060 25320 20500 26760 0 2
19060 27840 20500 29280 0 2
19060 32040 20500 33480 0 2
19060 40440 20500 41880 0 2
19060 43800 20500 45240 0 2
19060 52200 20500 53640 0 2
19920 12720 21360 14160 0 2
19920 24480 21360 25920 0 2
19920 39600 21360 41040 0 2
19920 51360 21360 52800 0 2
20780 27840 22220 29280 0 2
20780 32040 22220 33480 0 2
20780 40440 22220 41880 0 2
20780 43800 22220 45240 0 2
20780 52200 22220 53640 0 2
21640 39600 23080 41040 0 2
21640 51360 23080 52800 0 2
22500 27840 23940 29280 0 2
22500 32040 23940 33480 0 2
22500 40440 23940 41880 0 2
22500 43800 23940 45240 0 2
22500 52200 23940 53640 0 2
23360 12720 24800 14160 0 2
23360 24480 24800 25920 0 2
23360 39600 24800 41040 0 2
23360 51360 24800 52800 0 2
24220 960 25660 2400 0 2
24220 5160 25660 6600 0 2
24220 13560 25660 15000 0 2
24220 16920 25660 18360 0 2
24220 25320 25660 26760 0 2
24220 27840 25660 29280 0 2
24220 32040 25660 33480 0 2
24220 40440 25660 41880 0 2
24220 43800 25660 45240 0 2
24220 52200 25660 53640 0 2
25080 12720 26520 14160 0 2
25080 24480 26520 25920 0 2
25080 39600 26520 41040 0 2
25080 51360 26520 52800 0 2
25940 960 27380 2400 0 2
25940 5160 27380 6600 0 2
25940 13560 27380 15000 0 2
25940 16920 27380 18360 0 2
25940 25320 27380 26760 0 2
25940 27840 27380 29280 0 2
25940 32040 27380 33480 0 2
25940 40440 27380 41880 0 2
25940 43800 27380 45240 0 2
25940 52200 27380 53640 0 2
26800 12720 28240 14160 0 2
26800 24480 28240 25920 0 2
26800 39600 28240 41040 0 2
26800 51360 28240 52800 0 2
30240 12720 31680 14160 0 2
30240 24480 31680 25920 0 2
30240 39600 31680 41040 0 2
30240 51360 31680 52800 0 2
31100 960 32540 2400 0 2
31100 5160 32540 6600 0 2
31100 13560 32540 15000 0 2
31100 16920 32540 18360 0 2
31100 25320 32540 26760 0 2
31100 27840 32540 29280 0 2
31100 32040 32540 33480 0 2
31100 40440 32540 41880 0 2
31100 43800 32540 45240 0 2
31100 52200 32540 53640 0 2
31960 12720 33400 14160 0 2
31960 24480 33400 25920 0 2
31960 39600 33400 41040 0 2
31960 51360 33400 52800 0 2
32820 960 34260 2400 0 2
32820 5160 34260 6600 0 2
32820 13560 34260 15000 0 2
32820 16920 34260 18360 0 2
32820 25320 34260 26760 0 2
32820 27840 34260 29280 0 2
32820 32040 34260 33480 0 2
32820 40440 34260 41880 0 2
32820 43800 34260 45240 0 2
32820 52200 34260 53640 0 2
33680 12720 35120 14160 0 2
33680 24480 35120 25920 0 2
33680 39600 35120 41040 0 2
33680 51360 35120 52800 0 2
34540 27840 35980 29280 0 2
34540 32040 35980 33480 0 2
34540 40440 35980 41880 0 2
34540 43800 35980 45240 0 2
34540 52200 35980 53640 0 2
35400 39600 36840 41040 0 2
35400 51360 36840 52800 0 2
36260 27840 37700 29280 0 2
36260 32040 37700 33480 0 2
36260 40440 37700 41880 0 2
36260 43800 37700 45240 0 2
36260 52200 37700 53640 0 2
37120 12720 38560 14160 0 2
37120 24480 38560 25920 0 2
37120 39600 38560 41040 0 2
37120 51360 38560 52800 0 2
37980 960 39420 2400 0 2
37980 5160 39420 6600 0 2
37980 13560 39420 15000 0 2
37980 16920 39420 18360 0 2
37980 25320 39420 26760 0 2
37980 27840 39420 29280 0 2
37980 32040 39420 33480 0 2
37980 40440 39420 41880 0 2
37980 43800 39420 45240 0 2
37980 52200 39420 53640 0 2
38840 12720 40280 14160 0 2
38840 24480 40280 25920 0 2
38840 39600 40280 41040 0 2
38840 51360 40280 52800 0 2
39700 960 41140 2400 0 2
39700 5160 41140 6600 0 2
39700 13560 41140 15000 0 2
39700 16920 41140 18360 0 2
39700 25320 41140 26760 0 2
39700 27840 41140 29280 0 2
39700 32040 41140 33480 0 2
39700 40440 41140 41880 0 2
39700 43800 41140 45240 0 2
39700 52200 41140 53640 0 2
40560 12720 42000 14160 0 2
40560 24480 42000 25920 0 2
40560 39600 42000 41040 0 2
40560 51360 42000 52800 0 2
44000 12720 45440 14160 0 2
44000 27840 45440 29280 0 2
44000 39600 45440 41040 0 2
44000 51360 45440 52800 0 2
44860 960 46300 2400 0 2
44860 5160 46300 6600 0 2
44860 13560 46300 15000 0 2
44860 16080 46300 17520 0 2
44860 20280 46300 21720 0 2
44860 28680 46300 30120 0 2
44860 32040 46300 33480 0 2
44860 40440 46300 41880 0 2
44860 43800 46300 45240 0 2
44860 52200 46300 53640 0 2
45720 12720 47160 14160 0 2
45720 27840 47160 29280 0 2
45720 39600 47160 41040 0 2
45720 51360 47160 52800 0 2
46580 960 48020 2400 0 2
46580 5160 48020 6600 0 2
46580 13560 48020 15000 0 2
46580 16080 48020 17520 0 2
46580 20280 48020 21720 0 2
46580 28680 48020 30120 0 2
46580 32040 48020 33480 0 2
46580 40440 48020 41880 0 2
46580 43800 48020 45240 0 2
46580 52200 48020 53640 0 2
47440 12720 48880 14160 0 2
47440 27840 48880 29280 0 2
47440 39600 48880 41040 0 2
47440 51360 48880 52800 0 2
48300 960 49740 2400 0 2
48300 5160 49740 6600 0 2
48300 13560 49740 15000 0 2
48300 16080 49740 17520 0 2
48300 20280 49740 21720 0 2
48300 28680 49740 30120 0 2
48300 32040 49740 33480 0 2
48300 40440 49740 41880 0 2
48300 43800 49740 45240 0 2
48300 52200 49740 53640 0 2
49160 12720 50600 14160 0 2
49160 27840 50600 29280 0 2
49160 39600 50600 41040 0 2
49160 51360 50600 52800 0 2
50020 960 51460 2400 0 2
50020 5160 51460 6600 0 2
50020 13560 51460 15000 0 2
50020 16080 51460 17520 0 2
50020 20280 51460 21720 0 2
50020 28680 51460 30120 0 2
50020 32040 51460 33480 0 2
50020 40440 51460 41880 0 2
50020 43800 51460 45240 0 2
50020 52200 51460 53640 0 2
50880 12720 52320 14160 0 2
50880 27840 52320 29280 0 2
50880 39600 52320 41040 0 2
50880 51360 52320 52800 0 2
51740 960 53180 2400 0 2
51740 5160 53180 6600 0 2
51740 13560 53180 15000 0 2
51740 16080 53180 17520 0 2
51740 20280 53180 21720 0 2
51740 28680 53180 30120 0 2
51740 32040 53180 33480 0 2
51740 40440 53180 41880 0 2
51740 43800 53180 45240 0 2
51740 52200 53180 53640 0 2
52600 12720 54040 14160 0 2
52600 27840 54040 29280 0 2
52600 39600 54040 41040 0 2
52600 51360 54040 52800 0 2
53460 960 54900 2400 0 2
53460 5160 54900 6600 0 2
53460 13560 54900 15000 0 2
53460 16080 54900 17520 0 2
53460 20280 54900 21720 0 2
53460 28680 54900 30120 0 2
53460 32040 54900 33480 0 2
53460 40440 54900 41880 0 2
53460 43800 54900 45240 0 2
53460 52200 54900 53640 0 2
54320 12720 55760 14160 0 2
54320 27840 55760 29280 0 2
54320 39600 55760 41040 0 2
54320 51360 55760 52800 0 2
55180 16080 56620 17520 0 2
55180 20280 56620 21720 0 2
55180 28680 56620 30120 0 2
55180 32040 56620 33480 0 2
55180 40440 56620 41880 0 2
55180 43800 56620 45240 0 2
55180 52200 56620 53640 0 2
56040 27840 57480 29280 0 2
56040 39600 57480 41040 0 2
56040 51360 57480 52800 0 2
6240 16160 7520 17440 1 2
6240 27920 7520 29200 1 2
6240 39680 7520 40960 1 2
6240 51440 7520 52720 1 2
7100 14480 8380 15760 1 2
7100 20360 8380 21640 1 2
7100 32120 8380 33400 1 2
7100 43880 8380 45160 1 2
7960 5240 9240 6520 1 2
7960 13640 9240 14920 1 2
7960 14480 9240 15760 1 2
7960 28760 9240 30040 1 2
7960 40520 9240 41800 1 2
7960 52280 9240 53560 1 2
8820 1040 10100 2320 1 2
8820 12800 10100 14080 1 2
17420 13640 18700 14920 1 2
17420 14480 18700 15760 1 2
17420 25400 18700 26680 1 2
18280 5240 19560 6520 1 2
18280 17000 19560 18280 1 2
19140 12800 20420 14080 1 2
19140 18680 20420 19960 1 2
19140 24560 20420 25840 1 2
21720 32120 23000 33400 1 2
21720 40520 23000 41800 1 2
21720 43880 23000 45160 1 2
21720 52280 23000 53560 1 2
22580 27920 23860 29200 1 2
22580 39680 23860 40960 1 2
22580 51440 23860 52720 1 2
24300 1040 25580 2320 1 2
24300 12800 25580 14080 1 2
24300 24560 25580 25840 1 2
25160 5240 26440 6520 1 2
25160 11960 26440 13240 1 2
25160 13640 26440 14920 1 2
25160 17000 26440 18280 1 2
25160 25400 26440 26680 1 2
31180 13640 32460 14920 1 2
31180 18680 32460 19960 1 2
31180 25400 32460 26680 1 2
32040 5240 33320 6520 1 2
32040 11960 33320 13240 1 2
32040 17000 33320 18280 1 2
32900 1040 34180 2320 1 2
32900 12800 34180 14080 1 2
32900 24560 34180 25840 1 2
34620 27920 35900 29200 1 2
34620 39680 35900 40960 1 2
34620 51440 35900 52720 1 2
35480 32120 36760 33400 1 2
35480 43880 36760 45160 1 2
36340 40520 37620 41800 1 2
36340 43040 37620 44320 1 2
36340 52280 37620 53560 1 2
38060 12800 39340 14080 1 2
38060 24560 39340 25840 1 2
38920 5240 40200 6520 1 2
38920 17000 40200 18280 1 2
39780 13640 41060 14920 1 2
39780 14480 41060 15760 1 2
39780 25400 41060 26680 1 2
48380 1040 49660 2320 1 2
48380 12800 49660 14080 1 2
49240 5240 50520 6520 1 2
49240 13640 50520 14920 1 2
49240 14480 50520 15760 1 2
49240 28760 50520 30040 1 2
49240 40520 50520 41800 1 2
49240 43040 50520 44320 1 2
49240 52280 50520 53560 1 2
50100 14480 51380 15760 1 2
50100 20360 51380 21640 1 2
50100 32120 51380 33400 1 2
50100 43880 51380 45160 1 2
50960 16160 52240 17440 1 2
50960 27920 52240 29200 1 2
50960 39680 52240 40960 1 2
50960 51440 52240 52720 1 2
7800 39520 9400 41120 2 2
21560 39520 23160 41120 2 2
35320 39520 36920 41120 2 2
