1000 27840 2440 29280 0 2
1000 39600 2440 41040 0 2
1000 51360 2440 52800 0 2
1000 54720 2440 56160 0 2
1860 16080 3300 17520 0 2
1860 20280 3300 21720 0 2
1860 28680 3300 30120 0 2
1860 32040 3300 33480 0 2
1860 40440 3300 41880 0 2
1860 43800 3300 45240 0 2
1860 52200 3300 53640 0 2
1860 53880 3300 55320 0 2
1860 62280 3300 63720 0 2
1860 66480 3300 67920 0 2
2720 27840 4160 29280 0 2
2720 39600 4160 41040 0 2
2720 51360 4160 52800 0 2
2720 54720 4160 56160 0 2
3580 16080 5020 17520 0 2
3580 20280 5020 21720 0 2
3580 28680 5020 30120 0 2
3580 32040 5020 33480 0 2
3580 40440 5020 41880 0 2
3580 43800 5020 45240 0 2
3580 52200 5020 53640 0 2
3580 53880 5020 55320 0 2
3580 62280 5020 63720 0 2
3580 66480 5020 67920 0 2
4440 27840 5880 29280 0 2
4440 39600 5880 41040 0 2
4440 51360 5880 52800 0 2
4440 54720 5880 56160 0 2
5300 16080 6740 17520 0 2
5300 20280 6740 21720 0 2
5300 28680 6740 30120 0 2
5300 32040 6740 33480 0 2
5300 40440 6740 41880 0 2
5300 43800 6740 45240 0 2
5300 52200 6740 53640 0 2
5300 53880 6740 55320 0 2
5300 62280 6740 63720 0 2
5300 66480 6740 67920 0 2
6160 27840 7600 29280 0 2
6160 39600 7600 41040 0 2
6160 51360 7600 52800 0 2
6160 54720 7600 56160 0 2
7020 16080 8460 17520 0 2
7020 20280 8460 21720 0 2
7020 28680 8460 30120 0 2
7020 32040 8460 33480 0 2
7020 40440 8460 41880 0 2
7020 43800 8460 45240 0 2
7020 52200 8460 53640 0 2
7020 53880 8460 55320 0 2
7020 62280 8460 63720 0 2
7020 66480 8460 67920 0 2
7880 12720 9320 14160 0 2
7880 27840 9320 29280 0 2
7880 39600 9320 41040 0 2
7880 51360 9320 52800 0 2
7880 54720 9320 56160 0 2
8740 960 10180 2400 0 2
8740 5160 10180 6600 0 2
8740 13560 10180 15000 0 2
8740 16080 10180 17520 0 2
8740 20280 10180 21720 0 2
8740 28680 10180 30120 0 2
8740 32040 10180 33480 0 2
8740 40440 10180 41880 0 2
8740 43800 10180 45240 0 2
8740 52200 10180 53640 0 2
8740 53880 10180 55320 0 2
8740 62280 10180 63720 0 2
8740 66480 10180 67920 0 2
9600 12720 11040 14160 0 2
9600 27840 11040 29280 0 2
9600 39600 11040 41040 0 2
9600 51360 11040 52800 0 2
9600 54720 11040 56160 0 2
10460 960 11900 2400 0 2
10460 5160 11900 6600 0 2
10460 13560 11900 15000 0 2
10460 16080 11900 17520 0 2
10460 20280 11900 21720 0 2
10460 28680 11900 30120 0 2
10460 32040 11900 33480 0 2
10460 40440 11900 41880 0 2
10460 43800 11900 45240 0 2
10460 52200 11900 53640 0 2
10460 53880 11900 55320 0 2
10460 62280 11900 63720 0 2
10460 66480 11900 67920 0 2
11320 12720 12760 14160 0 2
11320 27840 12760 29280 0 2
11320 39600 12760 41040 0 2
11320 51360 12760 52800 0 2
11320 54720 12760 56160 0 2
12180 960 13620 2400 0 2
12180 5160 13620 6600 0 2
12180 13560 13620 15000 0 2
12180 16080 13620 17520 0 2
12180 20280 13620 21720 0 2
12180 28680 13620 30120 0 2
12180 32040 13620 33480 0 2
12180 40440 13620 41880 0 2
12180 43800 13620 45240 0 2
12180 52200 13620 53640 0 2
12180 53880 13620 55320 0 2
12180 62280 13620 63720 0 2
12180 66480 13620 67920 0 2
13040 12720 14480 14160 0 2
13040 27840 14480 29280 0 2
13040 39600 14480 41040 0 2
13040 51360 14480 52800 0 2
13040 54720 14480 56160 0 2
13900 960 15340 2400 0 2
13900 5160 15340 6600 0 2
13900 13560 15340 15000 0 2
13900 53880 15340 55320 0 2
13900 62280 15340 63720 0 2
13900 66480 15340 67920 0 2
14760 12720 16200 14160 0 2
14760 54720 16200 56160 0 2
15620 53880 17060 55320 0 2
15620 62280 17060 63720 0 2
15620 66480 17060 67920 0 2
16480 27840 17920 29280 0 2
16480 39600 17920 41040 0 2
16480 54720 17920 56160 0 2
17340 27000 18780 28440 0 2
17340 35400 18780 36840 0 2
17340 38760 18780 40200 0 2
17340 47160 18780 48600 0 2
17340 51360 18780 52800 0 2
17340 53880 18780 55320 0 2
17340 62280 18780 63720 0 2
17340 66480 18780 67920 0 2
18200 12720 19640 14160 0 2
18200 24480 19640 25920 0 2
18200 27840 19640 29280 0 2
18200 39600 19640 41040 0 2
18200 54720 19640 56160 0 2
19060 960 20500 2400 0 2
19060 5160 20500 6600 0 2
19060 13560 20500 15000 0 2
19060 16920 20500 18360 0 2
19060 25320 20500 26760 0 2
19060 27000 20500 28440 0 2
19060 35400 20500 36840 0 2
19060 38760 20500 40200 0 2
19060 47160 20500 48600 0 2
19060 51360 20500 52800 0 2
19060 53880 20500 55320 0 2
19060 62280 20500 63720 0 2
19060 66480 20500 67920 0 2
19920 12720 21360 14160 0 2
19920 24480 21360 25920 0 2
19920 27840 21360 29280 0 2
19920 39600 21360 41040 0 2
19920 54720 21360 56160 0 2
20780 960 22220 2400 0 2
20780 5160 22220 6600 0 2
20780 13560 22220 15000 0 2
20780 16920 22220 18360 0 2
20780 25320 22220 26760 0 2
20780 27000 22220 28440 0 2
20780 35400 22220 36840 0 2
20780 38760 22220 40200 0 2
20780 47160 22220 48600 0 2
20780 51360 22220 52800 0 2
20780 53880 22220 55320 0 2
20780 62280 22220 63720 0 2
20780 66480 22220 67920 0 2
21640 12720 23080 14160 0 2
21640 24480 23080 25920 0 2
21640 27840 23080 29280 0 2
21640 39600 23080 41040 0 2
21640 54720 23080 56160 0 2
25080 12720 26520 14160 0 2
25080 24480 26520 25920 0 2
25080 27840 26520 29280 0 2
25080 39600 26520 41040 0 2
25080 54720 26520 56160 0 2
25940 960 27380 2400 0 2
25940 5160 27380 6600 0 2
25940 13560 27380 15000 0 2
25940 16920 27380 18360 0 2
25940 25320 27380 26760 0 2
25940 27000 27380 28440 0 2
25940 35400 27380 36840 0 2
25940 38760 27380 40200 0 2
25940 47160 27380 48600 0 2
25940 51360 27380 52800 0 2
25940 53880 27380 55320 0 2
25940 62280 27380 63720 0 2
25940 66480 27380 67920 0 2
26800 12720 28240 14160 0 2
26800 24480 28240 25920 0 2
26800 27840 28240 29280 0 2
26800 39600 28240 41040 0 2
26800 54720 28240 56160 0 2
27660 960 29100 2400 0 2
27660 5160 29100 6600 0 2
27660 13560 29100 15000 0 2
27660 16920 29100 18360 0 2
27660 25320 29100 26760 0 2
27660 27000 29100 28440 0 2
27660 35400 29100 36840 0 2
27660 38760 29100 40200 0 2
27660 47160 29100 48600 0 2
27660 51360 29100 52800 0 2
27660 53880 29100 55320 0 2
27660 62280 29100 63720 0 2
27660 66480 29100 67920 0 2
28520 12720 29960 14160 0 2
28520 24480 29960 25920 0 2
28520 27840 29960 29280 0 2
28520 39600 29960 41040 0 2
28520 54720 29960 56160 0 2
29380 27000 30820 28440 0 2
29380 35400 30820 36840 0 2
29380 38760 30820 40200 0 2
29380 47160 30820 48600 0 2
29380 51360 30820 52800 0 2
29380 53880 30820 55320 0 2
29380 62280 30820 63720 0 2
29380 66480 30820 67920 0 2
30240 12720 31680 14160 0 2
30240 14400 31680 15840 0 2
30240 27840 31680 29280 0 2
30240 39600 31680 41040 0 2
30240 54720 31680 56160 0 2
31100 53880 32540 55320 0 2
31100 62280 32540 63720 0 2
31100 66480 32540 67920 0 2
31960 12720 33400 14160 0 2
31960 54720 33400 56160 0 2
32820 960 34260 2400 0 2
32820 5160 34260 6600 0 2
32820 13560 34260 15000 0 2
32820 53880 34260 55320 0 2
32820 62280 34260 63720 0 2
32820 66480 34260 67920 0 2
33680 12720 35120 14160 0 2
33680 27840 35120 29280 0 2
33680 39600 35120 41040 0 2
33680 51360 35120 52800 0 2
33680 54720 35120 56160 0 2
34540 960 35980 2400 0 2
34540 5160 35980 6600 0 2
34540 13560 35980 15000 0 2
34540 16080 35980 17520 0 2
34540 20280 35980 21720 0 2
34540 28680 35980 30120 0 2
34540 32040 35980 33480 0 2
34540 40440 35980 41880 0 2
34540 43800 35980 45240 0 2
34540 52200 35980 53640 0 2
34540 53880 35980 55320 0 2
34540 62280 35980 63720 0 2
34540 66480 35980 67920 0 2
35400 12720 36840 14160 0 2
35400 27840 36840 29280 0 2
35400 39600 36840 41040 0 2
35400 51360 36840 52800 0 2
35400 54720 36840 56160 0 2
36260 960 37700 2400 0 2
36260 5160 37700 6600 0 2
36260 13560 37700 15000 0 2
36260 16080 37700 17520 0 2
36260 20280 37700 21720 0 2
36260 28680 37700 30120 0 2
36260 32040 37700 33480 0 2
36260 40440 37700 41880 0 2
36260 43800 37700 45240 0 2
36260 52200 37700 53640 0 2
36260 53880 37700 55320 0 2
36260 62280 37700 63720 0 2
36260 66480 37700 67920 0 2
37120 12720 38560 14160 0 2
37120 27840 38560 29280 0 2
37120 39600 38560 41040 0 2
37120 51360 38560 52800 0 2
37120 54720 38560 56160 0 2
37980 960 39420 2400 0 2
37980 5160 39420 6600 0 2
37980 13560 39420 15000 0 2
37980 16080 39420 17520 0 2
37980 20280 39420 21720 0 2
37980 28680 39420 30120 0 2
37980 32040 39420 33480 0 2
37980 40440 39420 41880 0 2
37980 43800 39420 45240 0 2
37980 52200 39420 53640 0 2
37980 53880 39420 55320 0 2
37980 62280 39420 63720 0 2
37980 66480 39420 67920 0 2
38840 12720 40280 14160 0 2
38840 27840 40280 29280 0 2
38840 39600 40280 41040 0 2
38840 51360 40280 52800 0 2
38840 54720 40280 56160 0 2
39700 16080 41140 17520 0 2
39700 20280 41140 21720 0 2
39700 28680 41140 30120 0 2
39700 32040 41140 33480 0 2
39700 40440 41140 41880 0 2
39700 43800 41140 45240 0 2
39700 52200 41140 53640 0 2
39700 53880 41140 55320 0 2
39700 62280 41140 63720 0 2
39700 66480 41140 67920 0 2
40560 27840 42000 29280 0 2
40560 39600 42000 41040 0 2
40560 51360 42000 52800 0 2
40560 54720 42000 56160 0 2
41420 16080 42860 17520 0 2
41420 20280 42860 21720 0 2
41420 28680 42860 30120 0 2
41420 32040 42860 33480 0 2
41420 40440 42860 41880 0 2
41420 43800 42860 45240 0 2
41420 52200 42860 53640 0 2
41420 53880 42860 55320 0 2
41420 62280 42860 63720 0 2
41420 66480 42860 67920 0 2
42280 27840 43720 29280 0 2
42280 39600 43720 41040 0 2
42280 51360 43720 52800 0 2
42280 54720 43720 56160 0 2
43140 16080 44580 17520 0 2
43140 20280 44580 21720 0 2
43140 28680 44580 30120 0 2
43140 32040 44580 33480 0 2
43140 40440 44580 41880 0 2
43140 43800 44580 45240 0 2
43140 52200 44580 53640 0 2
43140 53880 44580 55320 0 2
43140 62280 44580 63720 0 2
43140 66480 44580 67920 0 2
44000 27840 45440 29280 0 2
44000 39600 45440 41040 0 2
44000 51360 45440 52800 0 2
44000 54720 45440 56160 0 2
44860 16080 46300 17520 0 2
44860 20280 46300 21720 0 2
44860 28680 46300 30120 0 2
44860 32040 46300 33480 0 2
44860 40440 46300 41880 0 2
44860 43800 46300 45240 0 2
44860 52200 46300 53640 0 2
44860 53880 46300 55320 0 2
44860 62280 46300 63720 0 2
44860 66480 46300 67920 0 2
45720 27840 47160 29280 0 2
45720 39600 47160 41040 0 2
45720 51360 47160 52800 0 2
45720 54720 47160 56160 0 2
1940 66560 3220 67840 1 2
6240 16160 7520 17440 1 2
6240 27920 7520 29200 1 2
6240 39680 7520 40960 1 2
6240 51440 7520 52720 1 2
7100 13640 8380 14920 1 2
7100 20360 8380 21640 1 2
7100 32120 8380 33400 1 2
7100 43880 8380 45160 1 2
7960 28760 9240 30040 1 2
7960 40520 9240 41800 1 2
7960 52280 9240 53560 1 2
7960 53120 9240 54400 1 2
8820 1040 10100 2320 1 2
10540 53120 11820 54400 1 2
10540 53960 11820 55240 1 2
10540 62360 11820 63640 1 2
16560 12800 17840 14080 1 2
16560 14480 17840 15760 1 2
16560 32960 17840 34240 1 2
16560 54800 17840 56080 1 2
19140 1040 20420 2320 1 2
19140 12800 20420 14080 1 2
19140 24560 20420 25840 1 2
19140 27080 20420 28360 1 2
19140 35480 20420 36760 1 2
19140 38840 20420 40120 1 2
19140 47240 20420 48520 1 2
20000 5240 21280 6520 1 2
20000 11960 21280 13240 1 2
20000 13640 21280 14920 1 2
20000 17000 21280 18280 1 2
20000 25400 21280 26680 1 2
20000 27920 21280 29200 1 2
20000 39680 21280 40960 1 2
20000 51440 21280 52720 1 2
22580 62360 23860 63640 1 2
26020 13640 27300 14920 1 2
26020 14480 27300 15760 1 2
26020 25400 27300 26680 1 2
26020 32960 27300 34240 1 2
26020 66560 27300 67840 1 2
26880 5240 28160 6520 1 2
26880 11960 28160 13240 1 2
26880 17000 28160 18280 1 2
26880 27920 28160 29200 1 2
26880 39680 28160 40960 1 2
26880 51440 28160 52720 1 2
27740 1040 29020 2320 1 2
27740 12800 29020 14080 1 2
27740 24560 29020 25840 1 2
27740 27080 29020 28360 1 2
27740 35480 29020 36760 1 2
27740 38840 29020 40120 1 2
27740 47240 29020 48520 1 2
32900 1040 34180 2320 1 2
38920 28760 40200 30040 1 2
38920 40520 40200 41800 1 2
38920 52280 40200 53560 1 2
38920 53960 40200 55240 1 2
39780 13640 41060 14920 1 2
39780 20360 41060 21640 1 2
39780 32120 41060 33400 1 2
39780 43880 41060 45160 1 2
40640 16160 41920 17440 1 2
40640 27920 41920 29200 1 2
40640 39680 41920 40960 1 2
40640 51440 41920 52720 1 2
1780 52120 3380 53720 2 2
6080 34480 7680 36080 2 2
6940 26920 8540 28520 2 2
8660 16840 10260 18440 2 2
10380 62200 11980 63800 2 2
18980 16840 20580 18440 2 2
18980 26920 20580 28520 2 2
19840 34480 21440 36080 2 2
22420 62200 24020 63800 2 2
25860 52120 27460 53720 2 2
26720 34480 28320 36080 2 2
27580 16840 29180 18440 2 2
27580 26920 29180 28520 2 2
32740 16840 34340 18440 2 2
39620 26920 41220 28520 2 2
-800 -800 800 800 3 2
-800 34480 800 36080 3 2
22880 16840 24480 18440 3 2
22880 52120 24480 53720 3 2
46560 -800 48160 800 3 2
46560 34480 48160 36080 3 2
