780 28280 14700 28840 1 2
780 28280 14700 28840 2 2
760 28280 14720 28840 0 2
760 28280 14720 28840 1 2
780 40040 14700 40600 1 2
780 40040 14700 40600 2 2
760 40040 14720 40600 0 2
760 40040 14720 40600 1 2
780 51800 14700 52360 1 2
780 51800 14700 52360 2 2
760 51800 14720 52360 0 2
760 51800 14720 52360 1 2
780 55160 23300 55720 1 2
780 55160 23300 55720 2 2
760 55160 23320 55720 0 2
760 55160 23320 55720 1 2
1470 22060 1970 30020 0 2
1470 22060 1970 30020 1 2
1470 33820 1970 41780 0 2
1470 33820 1970 41780 1 2
1470 45580 1970 53540 0 2
1470 45580 1970 53540 1 2
1470 53980 1970 61940 0 2
1470 53980 1970 61940 1 2
1170 52120 3990 53720 3 2
1170 52120 3990 53720 4 2
1170 52120 3990 53720 2 2
1170 52120 3990 53720 3 2
1640 16520 13840 17080 1 2
1640 16520 13840 17080 2 2
1620 16520 13860 17080 0 2
1620 16520 13860 17080 1 2
1640 20720 13840 21280 1 2
1640 20720 13840 21280 2 2
1620 20720 13860 21280 0 2
1620 20720 13860 21280 1 2
1640 29120 13840 29680 1 2
1640 29120 13840 29680 2 2
1620 29120 13860 29680 0 2
1620 29120 13860 29680 1 2
1640 32480 13840 33040 1 2
1640 32480 13840 33040 2 2
1620 32480 13860 33040 0 2
1620 32480 13860 33040 1 2
1640 40880 13840 41440 1 2
1640 40880 13840 41440 2 2
1620 40880 13860 41440 0 2
1620 40880 13860 41440 1 2
1640 44240 13840 44800 1 2
1640 44240 13840 44800 2 2
1620 44240 13860 44800 0 2
1620 44240 13860 44800 1 2
1640 52640 13840 53200 1 2
1640 52640 13840 53200 2 2
1620 52640 13860 53200 0 2
1620 52640 13860 53200 1 2
1640 54320 22440 54880 1 2
1640 54320 22440 54880 2 2
1620 54320 22460 54880 0 2
1620 54320 22460 54880 1 2
1640 62720 22440 63280 1 2
1640 62720 22440 63280 2 2
1620 62720 22460 63280 0 2
1620 62720 22460 63280 1 2
1640 66920 22440 67480 1 2
1640 66920 22440 67480 2 2
1620 66920 22460 67480 0 2
1620 66920 22460 67480 1 2
1660 66920 3500 67480 1 2
1660 66920 3500 67480 2 2
1640 66920 3520 67480 0 2
1640 66920 3520 67480 1 2
2300 51900 2860 53940 2 2
2300 51900 2860 53940 3 2
2300 51950 2860 53890 1 2
2300 51950 2860 53890 2 2
2300 52270 2860 67850 2 2
2300 52270 2860 67850 3 2
2300 52320 2860 67800 1 2
2300 52320 2860 67800 2 2
2300 66230 2860 68170 2 2
2300 66230 2860 68170 3 2
2300 66280 2860 68120 1 2
2300 66280 2860 68120 2 2
1700 66920 3460 67480 1 2
1700 66920 3460 67480 2 2
1680 66920 3480 67480 0 2
1680 66920 3480 67480 1 2
2330 15340 2830 18260 0 2
2330 15340 2830 18260 1 2
2330 19540 2830 22460 0 2
2330 19540 2830 22460 1 2
2330 22060 2830 30020 0 2
2330 22060 2830 30020 1 2
2330 31300 2830 34220 0 2
2330 31300 2830 34220 1 2
2330 33820 2830 41780 0 2
2330 33820 2830 41780 1 2
2330 43060 2830 45980 0 2
2330 43060 2830 45980 1 2
2330 45580 2830 53540 0 2
2330 45580 2830 53540 1 2
2330 53980 2830 61940 0 2
2330 53980 2830 61940 1 2
2330 61540 2830 64460 0 2
2330 61540 2830 64460 1 2
2330 65740 2830 68660 0 2
2330 65740 2830 68660 1 2
3190 22060 3690 30020 0 2
3190 22060 3690 30020 1 2
3190 33820 3690 41780 0 2
3190 33820 3690 41780 1 2
3190 45580 3690 53540 0 2
3190 45580 3690 53540 1 2
3190 53980 3690 61940 0 2
3190 53980 3690 61940 1 2
4050 15340 4550 18260 0 2
4050 15340 4550 18260 1 2
4050 19540 4550 22460 0 2
4050 19540 4550 22460 1 2
4050 22060 4550 30020 0 2
4050 22060 4550 30020 1 2
4050 31300 4550 34220 0 2
4050 31300 4550 34220 1 2
4050 33820 4550 41780 0 2
4050 33820 4550 41780 1 2
4050 43060 4550 45980 0 2
4050 43060 4550 45980 1 2
4050 45580 4550 53540 0 2
4050 45580 4550 53540 1 2
4050 53980 4550 61940 0 2
4050 53980 4550 61940 1 2
4050 61540 4550 64460 0 2
4050 61540 4550 64460 1 2
4050 65740 4550 68660 0 2
4050 65740 4550 68660 1 2
4910 22060 5410 30020 0 2
4910 22060 5410 30020 1 2
4910 33820 5410 41780 0 2
4910 33820 5410 41780 1 2
4910 45580 5410 53540 0 2
4910 45580 5410 53540 1 2
4910 53980 5410 61940 0 2
4910 53980 5410 61940 1 2
5770 15340 6270 18260 0 2
5770 15340 6270 18260 1 2
5770 19540 6270 22460 0 2
5770 19540 6270 22460 1 2
5770 22060 6270 30020 0 2
5770 22060 6270 30020 1 2
5770 31300 6270 34220 0 2
5770 31300 6270 34220 1 2
5770 33820 6270 41780 0 2
5770 33820 6270 41780 1 2
5770 43060 6270 45980 0 2
5770 43060 6270 45980 1 2
5770 45580 6270 53540 0 2
5770 45580 6270 53540 1 2
5770 53980 6270 61940 0 2
5770 53980 6270 61940 1 2
5770 61540 6270 64460 0 2
5770 61540 6270 64460 1 2
5770 65740 6270 68660 0 2
5770 65740 6270 68660 1 2
5470 34480 8290 36080 3 2
5470 34480 8290 36080 4 2
5470 34480 8290 36080 2 2
5470 34480 8290 36080 3 2
5940 34480 7820 36080 3 2
5940 34480 7820 36080 4 2
5940 34480 7820 36080 2 2
5940 34480 7820 36080 3 2
6600 34260 7160 36300 2 2
6600 34260 7160 36300 3 2
6600 34310 7160 36250 1 2
6600 34310 7160 36250 2 2
6600 34350 7160 36210 2 2
6600 34350 7160 36210 3 2
6600 34400 7160 36160 1 2
6600 34400 7160 36160 2 2
6630 22060 7130 30020 0 2
6630 22060 7130 30020 1 2
6630 33820 7130 41780 0 2
6630 33820 7130 41780 1 2
6630 45580 7130 53540 0 2
6630 45580 7130 53540 1 2
6630 53980 7130 61940 0 2
6630 53980 7130 61940 1 2
6800 26920 8680 28520 3 2
6800 26920 8680 28520 4 2
6800 26920 8680 28520 2 2
6800 26920 8680 28520 3 2
6820 14000 8660 14560 1 2
6820 14000 8660 14560 2 2
6800 14000 8680 14560 0 2
6800 14000 8680 14560 1 2
7460 13310 8020 15250 2 2
7460 13310 8020 15250 3 2
7460 13360 8020 15200 1 2
7460 13360 8020 15200 2 2
7460 13630 8020 21650 2 2
7460 13630 8020 21650 3 2
7460 13680 8020 21600 1 2
7460 13680 8020 21600 2 2
7460 20030 8020 45490 2 2
7460 20030 8020 45490 3 2
7460 20080 8020 45440 1 2
7460 20080 8020 45440 2 2
7460 26700 8020 28740 2 2
7460 26700 8020 28740 3 2
7460 26750 8020 28690 1 2
7460 26750 8020 28690 2 2
7490 15340 7990 18260 0 2
7490 15340 7990 18260 1 2
7490 19540 7990 22460 0 2
7490 19540 7990 22460 1 2
7490 22060 7990 30020 0 2
7490 22060 7990 30020 1 2
7490 31300 7990 34220 0 2
7490 31300 7990 34220 1 2
7490 33820 7990 41780 0 2
7490 33820 7990 41780 1 2
7490 43060 7990 45980 0 2
7490 43060 7990 45980 1 2
7490 45580 7990 53540 0 2
7490 45580 7990 53540 1 2
7490 53980 7990 61940 0 2
7490 53980 7990 61940 1 2
7490 61540 7990 64460 0 2
7490 61540 7990 64460 1 2
7490 65740 7990 68660 0 2
7490 65740 7990 68660 1 2
7140 14000 10060 14560 1 2
7140 14000 10060 14560 2 2
7120 14000 10080 14560 0 2
7120 14000 10080 14560 1 2
7130 26920 20390 28520 3 2
7130 26920 20390 28520 4 2
7130 26920 20390 28520 2 2
7130 26920 20390 28520 3 2
7660 13160 16420 13720 1 2
7660 13160 16420 13720 2 2
7640 13160 16440 13720 0 2
7640 13160 16440 13720 1 2
7680 53480 9520 54040 1 2
7680 53480 9520 54040 2 2
7660 53480 9540 54040 0 2
7660 53480 9540 54040 1 2
8320 28430 8880 53890 2 2
8320 28430 8880 53890 3 2
8320 28480 8880 53840 1 2
8320 28480 8880 53840 2 2
8320 52270 8880 54410 2 2
8320 52270 8880 54410 3 2
8320 52320 8880 54360 1 2
8320 52320 8880 54360 2 2
8320 52790 8880 54730 2 2
8320 52790 8880 54730 3 2
8320 52840 8880 54680 1 2
8320 52840 8880 54680 2 2
8350 6940 8850 14900 0 2
8350 6940 8850 14900 1 2
8350 22060 8850 30020 0 2
8350 22060 8850 30020 1 2
8350 33820 8850 41780 0 2
8350 33820 8850 41780 1 2
8350 45580 8850 53540 0 2
8350 45580 8850 53540 1 2
8350 53980 8850 61940 0 2
8350 53980 8850 61940 1 2
8000 53480 11780 54040 1 2
8000 53480 11780 54040 2 2
7980 53480 11800 54040 0 2
7980 53480 11800 54040 1 2
8050 16840 10870 18440 3 2
8050 16840 10870 18440 4 2
8050 16840 10870 18440 2 2
8050 16840 10870 18440 3 2
8520 1400 15560 1960 1 2
8520 1400 15560 1960 2 2
8500 1400 15580 1960 0 2
8500 1400 15580 1960 1 2
8520 5600 15560 6160 1 2
8520 5600 15560 6160 2 2
8500 5600 15580 6160 0 2
8500 5600 15580 6160 1 2
8520 14000 15560 14560 1 2
8520 14000 15560 14560 2 2
8500 14000 15580 14560 0 2
8500 14000 15580 14560 1 2
8540 1400 10380 1960 1 2
8540 1400 10380 1960 2 2
8520 1400 10400 1960 0 2
8520 1400 10400 1960 1 2
9180 710 9740 2650 2 2
9180 710 9740 2650 3 2
9180 760 9740 2600 1 2
9180 760 9740 2600 2 2
8580 1400 10340 1960 1 2
8580 1400 10340 1960 2 2
8560 1400 10360 1960 0 2
8560 1400 10360 1960 1 2
9180 1030 9740 18290 2 2
9180 1030 9740 18290 3 2
9180 1080 9740 18240 1 2
9180 1080 9740 18240 2 2
9180 16620 9740 18660 2 2
9180 16620 9740 18660 3 2
9180 16670 9740 18610 1 2
9180 16670 9740 18610 2 2
9210 220 9710 3140 0 2
9210 220 9710 3140 1 2
9210 4420 9710 7340 0 2
9210 4420 9710 7340 1 2
9210 6940 9710 14900 0 2
9210 6940 9710 14900 1 2
9210 15340 9710 18260 0 2
9210 15340 9710 18260 1 2
9210 19540 9710 22460 0 2
9210 19540 9710 22460 1 2
9210 22060 9710 30020 0 2
9210 22060 9710 30020 1 2
9210 31300 9710 34220 0 2
9210 31300 9710 34220 1 2
9210 33820 9710 41780 0 2
9210 33820 9710 41780 1 2
9210 43060 9710 45980 0 2
9210 43060 9710 45980 1 2
9210 45580 9710 53540 0 2
9210 45580 9710 53540 1 2
9210 53980 9710 61940 0 2
9210 53980 9710 61940 1 2
9210 61540 9710 64460 0 2
9210 61540 9710 64460 1 2
9210 65740 9710 68660 0 2
9210 65740 9710 68660 1 2
10070 6940 10570 14900 0 2
10070 6940 10570 14900 1 2
10070 22060 10570 30020 0 2
10070 22060 10570 30020 1 2
10070 33820 10570 41780 0 2
10070 33820 10570 41780 1 2
10070 45580 10570 53540 0 2
10070 45580 10570 53540 1 2
10070 53980 10570 61940 0 2
10070 53980 10570 61940 1 2
10240 62200 12120 63800 3 2
10240 62200 12120 63800 4 2
10240 62200 12120 63800 2 2
10240 62200 12120 63800 3 2
10260 53480 12100 54040 1 2
10260 53480 12100 54040 2 2
10240 53480 12120 54040 0 2
10240 53480 12120 54040 1 2
10900 52790 11460 54730 2 2
10900 52790 11460 54730 3 2
10900 52840 11460 54680 1 2
10900 52840 11460 54680 2 2
10900 53110 11460 55250 2 2
10900 53110 11460 55250 3 2
10900 53160 11460 55200 1 2
10900 53160 11460 55200 2 2
10900 53630 11460 63970 2 2
10900 53630 11460 63970 3 2
10900 53680 11460 63920 1 2
10900 53680 11460 63920 2 2
10900 61980 11460 64020 2 2
10900 61980 11460 64020 3 2
10900 62030 11460 63970 1 2
10900 62030 11460 63970 2 2
10930 220 11430 3140 0 2
10930 220 11430 3140 1 2
10930 4420 11430 7340 0 2
10930 4420 11430 7340 1 2
10930 6940 11430 14900 0 2
10930 6940 11430 14900 1 2
10930 15340 11430 18260 0 2
10930 15340 11430 18260 1 2
10930 19540 11430 22460 0 2
10930 19540 11430 22460 1 2
10930 22060 11430 30020 0 2
10930 22060 11430 30020 1 2
10930 31300 11430 34220 0 2
10930 31300 11430 34220 1 2
10930 33820 11430 41780 0 2
10930 33820 11430 41780 1 2
10930 43060 11430 45980 0 2
10930 43060 11430 45980 1 2
10930 45580 11430 53540 0 2
10930 45580 11430 53540 1 2
10930 53980 11430 61940 0 2
10930 53980 11430 61940 1 2
10930 61540 11430 64460 0 2
10930 61540 11430 64460 1 2
10930 65740 11430 68660 0 2
10930 65740 11430 68660 1 2
10570 62200 23830 63800 3 2
10570 62200 23830 63800 4 2
10570 62200 23830 63800 2 2
10570 62200 23830 63800 3 2
11790 6940 12290 14900 0 2
11790 6940 12290 14900 1 2
11790 22060 12290 30020 0 2
11790 22060 12290 30020 1 2
11790 33820 12290 41780 0 2
11790 33820 12290 41780 1 2
11790 45580 12290 53540 0 2
11790 45580 12290 53540 1 2
11790 53980 12290 61940 0 2
11790 53980 12290 61940 1 2
12650 220 13150 3140 0 2
12650 220 13150 3140 1 2
12650 4420 13150 7340 0 2
12650 4420 13150 7340 1 2
12650 6940 13150 14900 0 2
12650 6940 13150 14900 1 2
12650 15340 13150 18260 0 2
12650 15340 13150 18260 1 2
12650 19540 13150 22460 0 2
12650 19540 13150 22460 1 2
12650 22060 13150 30020 0 2
12650 22060 13150 30020 1 2
12650 31300 13150 34220 0 2
12650 31300 13150 34220 1 2
12650 33820 13150 41780 0 2
12650 33820 13150 41780 1 2
12650 43060 13150 45980 0 2
12650 43060 13150 45980 1 2
12650 45580 13150 53540 0 2
12650 45580 13150 53540 1 2
12650 53980 13150 61940 0 2
12650 53980 13150 61940 1 2
12650 61540 13150 64460 0 2
12650 61540 13150 64460 1 2
12650 65740 13150 68660 0 2
12650 65740 13150 68660 1 2
13510 6940 14010 14900 0 2
13510 6940 14010 14900 1 2
13510 22060 14010 30020 0 2
13510 22060 14010 30020 1 2
13510 33820 14010 41780 0 2
13510 33820 14010 41780 1 2
13510 45580 14010 53540 0 2
13510 45580 14010 53540 1 2
13510 53980 14010 61940 0 2
13510 53980 14010 61940 1 2
14370 220 14870 3140 0 2
14370 220 14870 3140 1 2
14370 4420 14870 7340 0 2
14370 4420 14870 7340 1 2
14370 6940 14870 14900 0 2
14370 6940 14870 14900 1 2
14370 53980 14870 61940 0 2
14370 53980 14870 61940 1 2
14370 61540 14870 64460 0 2
14370 61540 14870 64460 1 2
14370 65740 14870 68660 0 2
14370 65740 14870 68660 1 2
15230 6940 15730 14900 0 2
15230 6940 15730 14900 1 2
15230 53980 15730 61940 0 2
15230 53980 15730 61940 1 2
14880 13160 17800 13720 1 2
14880 13160 17800 13720 2 2
14860 13160 17820 13720 0 2
14860 13160 17820 13720 1 2
16090 53980 16590 61940 0 2
16090 53980 16590 61940 1 2
16090 61540 16590 64460 0 2
16090 61540 16590 64460 1 2
16090 65740 16590 68660 0 2
16090 65740 16590 68660 1 2
16260 28280 23300 28840 1 2
16260 28280 23300 28840 2 2
16240 28280 23320 28840 0 2
16240 28280 23320 28840 1 2
16260 40040 23300 40600 1 2
16260 40040 23300 40600 2 2
16240 40040 23320 40600 0 2
16240 40040 23320 40600 1 2
16280 13160 18120 13720 1 2
16280 13160 18120 13720 2 2
16260 13160 18140 13720 0 2
16260 13160 18140 13720 1 2
16280 14840 18120 15400 1 2
16280 14840 18120 15400 2 2
16260 14840 18140 15400 0 2
16260 14840 18140 15400 1 2
16280 33320 18120 33880 1 2
16280 33320 18120 33880 2 2
16260 33320 18140 33880 0 2
16260 33320 18140 33880 1 2
16280 55160 18120 55720 1 2
16280 55160 18120 55720 2 2
16260 55160 18140 55720 0 2
16260 55160 18140 55720 1 2
16920 12470 17480 14410 2 2
16920 12470 17480 14410 3 2
16920 12520 17480 14360 1 2
16920 12520 17480 14360 2 2
16920 12790 17480 15770 2 2
16920 12790 17480 15770 3 2
16920 12840 17480 15720 1 2
16920 12840 17480 15720 2 2
16920 14150 17480 16090 2 2
16920 14150 17480 16090 3 2
16920 14200 17480 16040 1 2
16920 14200 17480 16040 2 2
16920 32630 17480 34570 2 2
16920 32630 17480 34570 3 2
16920 32680 17480 34520 1 2
16920 32680 17480 34520 2 2
16920 32950 17480 56090 2 2
16920 32950 17480 56090 3 2
16920 33000 17480 56040 1 2
16920 33000 17480 56040 2 2
16920 54470 17480 56410 2 2
16920 54470 17480 56410 3 2
16920 54520 17480 56360 1 2
16920 54520 17480 56360 2 2
16950 27100 17450 35060 0 2
16950 27100 17450 35060 1 2
16950 38860 17450 46820 0 2
16950 38860 17450 46820 1 2
16950 53980 17450 61940 0 2
16950 53980 17450 61940 1 2
16600 14840 27260 15400 1 2
16600 14840 27260 15400 2 2
16580 14840 27280 15400 0 2
16580 14840 27280 15400 1 2
16600 33320 27260 33880 1 2
16600 33320 27260 33880 2 2
16580 33320 27280 33880 0 2
16580 33320 27280 33880 1 2
17120 27440 22440 28000 1 2
17120 27440 22440 28000 2 2
17100 27440 22460 28000 0 2
17100 27440 22460 28000 1 2
17120 35840 22440 36400 1 2
17120 35840 22440 36400 2 2
17100 35840 22460 36400 0 2
17100 35840 22460 36400 1 2
17120 39200 22440 39760 1 2
17120 39200 22440 39760 2 2
17100 39200 22460 39760 0 2
17100 39200 22460 39760 1 2
17120 47600 22440 48160 1 2
17120 47600 22440 48160 2 2
17100 47600 22460 48160 0 2
17100 47600 22460 48160 1 2
17120 51800 22440 52360 1 2
17120 51800 22440 52360 2 2
17100 51800 22460 52360 0 2
17100 51800 22460 52360 1 2
17810 27100 18310 35060 0 2
17810 27100 18310 35060 1 2
17810 34660 18310 37580 0 2
17810 34660 18310 37580 1 2
17810 38860 18310 46820 0 2
17810 38860 18310 46820 1 2
17810 46420 18310 49340 0 2
17810 46420 18310 49340 1 2
17810 50620 18310 53540 0 2
17810 50620 18310 53540 1 2
17810 53980 18310 61940 0 2
17810 53980 18310 61940 1 2
17810 61540 18310 64460 0 2
17810 61540 18310 64460 1 2
17810 65740 18310 68660 0 2
17810 65740 18310 68660 1 2
17980 13160 23300 13720 1 2
17980 13160 23300 13720 2 2
17960 13160 23320 13720 0 2
17960 13160 23320 13720 1 2
17980 24920 23300 25480 1 2
17980 24920 23300 25480 2 2
17960 24920 23320 25480 0 2
17960 24920 23320 25480 1 2
18670 6940 19170 14900 0 2
18670 6940 19170 14900 1 2
18670 18700 19170 26660 0 2
18670 18700 19170 26660 1 2
18670 27100 19170 35060 0 2
18670 27100 19170 35060 1 2
18670 38860 19170 46820 0 2
18670 38860 19170 46820 1 2
18670 53980 19170 61940 0 2
18670 53980 19170 61940 1 2
18370 16840 21190 18440 3 2
18370 16840 21190 18440 4 2
18370 16840 21190 18440 2 2
18370 16840 21190 18440 3 2
18840 1400 22440 1960 1 2
18840 1400 22440 1960 2 2
18820 1400 22460 1960 0 2
18820 1400 22460 1960 1 2
18840 5600 22440 6160 1 2
18840 5600 22440 6160 2 2
18820 5600 22460 6160 0 2
18820 5600 22460 6160 1 2
18840 14000 22440 14560 1 2
18840 14000 22440 14560 2 2
18820 14000 22460 14560 0 2
18820 14000 22460 14560 1 2
18840 17360 22440 17920 1 2
18840 17360 22440 17920 2 2
18820 17360 22460 17920 0 2
18820 17360 22460 17920 1 2
18840 25760 22440 26320 1 2
18840 25760 22440 26320 2 2
18820 25760 22460 26320 0 2
18820 25760 22460 26320 1 2
18840 26920 20720 28520 3 2
18840 26920 20720 28520 4 2
18840 26920 20720 28520 2 2
18840 26920 20720 28520 3 2
19500 710 20060 26170 2 2
19500 710 20060 26170 3 2
19500 760 20060 26120 1 2
19500 760 20060 26120 2 2
19500 16620 20060 18660 2 2
19500 16620 20060 18660 3 2
19500 16670 20060 18610 1 2
19500 16670 20060 18610 2 2
19500 16710 20060 18570 2 2
19500 16710 20060 18570 3 2
19500 16760 20060 18520 1 2
19500 16760 20060 18520 2 2
19500 26700 20060 28740 2 2
19500 26700 20060 28740 3 2
19500 26750 20060 28690 1 2
19500 26750 20060 28690 2 2
19500 26750 20060 48850 2 2
19500 26750 20060 48850 3 2
19500 26800 20060 48800 1 2
19500 26800 20060 48800 2 2
19530 220 20030 3140 0 2
19530 220 20030 3140 1 2
19530 4420 20030 7340 0 2
19530 4420 20030 7340 1 2
19530 6940 20030 14900 0 2
19530 6940 20030 14900 1 2
19530 16180 20030 19100 0 2
19530 16180 20030 19100 1 2
19530 18700 20030 26660 0 2
19530 18700 20030 26660 1 2
19530 27100 20030 35060 0 2
19530 27100 20030 35060 1 2
19530 34660 20030 37580 0 2
19530 34660 20030 37580 1 2
19530 38860 20030 46820 0 2
19530 38860 20030 46820 1 2
19530 46420 20030 49340 0 2
19530 46420 20030 49340 1 2
19530 50620 20030 53540 0 2
19530 50620 20030 53540 1 2
19530 53980 20030 61940 0 2
19530 53980 20030 61940 1 2
19530 61540 20030 64460 0 2
19530 61540 20030 64460 1 2
19530 65740 20030 68660 0 2
19530 65740 20030 68660 1 2
19720 12320 21560 12880 1 2
19720 12320 21560 12880 2 2
19700 12320 21580 12880 0 2
19700 12320 21580 12880 1 2
20360 4910 20920 27010 2 2
20360 4910 20920 27010 3 2
20360 4960 20920 26960 1 2
20360 4960 20920 26960 2 2
20360 11580 20920 13620 2 2
20360 11580 20920 13620 3 2
20360 11630 20920 13570 1 2
20360 11630 20920 13570 2 2
20360 11630 20920 13570 2 2
20360 11630 20920 13570 3 2
20360 11680 20920 13520 1 2
20360 11680 20920 13520 2 2
20360 34260 20920 36300 2 2
20360 34260 20920 36300 3 2
20360 34310 20920 36250 1 2
20360 34310 20920 36250 2 2
20360 34350 20920 36210 2 2
20360 34350 20920 36210 3 2
20360 34400 20920 36160 1 2
20360 34400 20920 36160 2 2
20390 6940 20890 14900 0 2
20390 6940 20890 14900 1 2
20390 18700 20890 26660 0 2
20390 18700 20890 26660 1 2
20390 27100 20890 35060 0 2
20390 27100 20890 35060 1 2
20390 38860 20890 46820 0 2
20390 38860 20890 46820 1 2
20390 53980 20890 61940 0 2
20390 53980 20890 61940 1 2
20040 12320 28120 12880 1 2
20040 12320 28120 12880 2 2
20020 12320 28140 12880 0 2
20020 12320 28140 12880 1 2
21250 220 21750 3140 0 2
21250 220 21750 3140 1 2
21250 4420 21750 7340 0 2
21250 4420 21750 7340 1 2
21250 6940 21750 14900 0 2
21250 6940 21750 14900 1 2
21250 16180 21750 19100 0 2
21250 16180 21750 19100 1 2
21250 18700 21750 26660 0 2
21250 18700 21750 26660 1 2
21250 27100 21750 35060 0 2
21250 27100 21750 35060 1 2
21250 34660 21750 37580 0 2
21250 34660 21750 37580 1 2
21250 38860 21750 46820 0 2
21250 38860 21750 46820 1 2
21250 46420 21750 49340 0 2
21250 46420 21750 49340 1 2
21250 50620 21750 53540 0 2
21250 50620 21750 53540 1 2
21250 53980 21750 61940 0 2
21250 53980 21750 61940 1 2
21250 61540 21750 64460 0 2
21250 61540 21750 64460 1 2
21250 65740 21750 68660 0 2
21250 65740 21750 68660 1 2
22110 6940 22610 14900 0 2
22110 6940 22610 14900 1 2
22110 18700 22610 26660 0 2
22110 18700 22610 26660 1 2
22110 27100 22610 35060 0 2
22110 27100 22610 35060 1 2
22110 38860 22610 46820 0 2
22110 38860 22610 46820 1 2
22110 53980 22610 61940 0 2
22110 53980 22610 61940 1 2
21760 55160 26400 55720 1 2
21760 55160 26400 55720 2 2
21740 55160 26420 55720 0 2
21740 55160 26420 55720 1 2
22280 62200 24160 63800 3 2
22280 62200 24160 63800 4 2
22280 62200 24160 63800 2 2
22280 62200 24160 63800 3 2
22300 62720 24140 63280 1 2
22300 62720 24140 63280 2 2
22280 62720 24160 63280 0 2
22280 62720 24160 63280 1 2
22940 61980 23500 64020 2 2
22940 61980 23500 64020 3 2
22940 62030 23500 63970 1 2
22940 62030 23500 63970 2 2
22940 62030 23500 63970 2 2
22940 62030 23500 63970 3 2
22940 62080 23500 63920 1 2
22940 62080 23500 63920 2 2
22940 62108 23500 63892 2 2
22940 62108 23500 63892 3 2
22940 62158 23500 63842 1 2
22940 62158 23500 63842 2 2
22620 62720 27260 63280 1 2
22620 62720 27260 63280 2 2
22600 62720 27280 63280 0 2
22600 62720 27280 63280 1 2
24860 13160 30180 13720 1 2
24860 13160 30180 13720 2 2
24840 13160 30200 13720 0 2
24840 13160 30200 13720 1 2
24860 24920 30180 25480 1 2
24860 24920 30180 25480 2 2
24840 24920 30200 25480 0 2
24840 24920 30200 25480 1 2
24860 28280 31900 28840 1 2
24860 28280 31900 28840 2 2
24840 28280 31920 28840 0 2
24840 28280 31920 28840 1 2
24860 40040 31900 40600 1 2
24860 40040 31900 40600 2 2
24840 40040 31920 40600 0 2
24840 40040 31920 40600 1 2
24860 55160 47380 55720 1 2
24860 55160 47380 55720 2 2
24840 55160 47400 55720 0 2
24840 55160 47400 55720 1 2
25550 6940 26050 14900 0 2
25550 6940 26050 14900 1 2
25550 18700 26050 26660 0 2
25550 18700 26050 26660 1 2
25550 27100 26050 35060 0 2
25550 27100 26050 35060 1 2
25550 38860 26050 46820 0 2
25550 38860 26050 46820 1 2
25550 53980 26050 61940 0 2
25550 53980 26050 61940 1 2
25250 52120 28070 53720 3 2
25250 52120 28070 53720 4 2
25250 52120 28070 53720 2 2
25250 52120 28070 53720 3 2
25720 1400 29320 1960 1 2
25720 1400 29320 1960 2 2
25700 1400 29340 1960 0 2
25700 1400 29340 1960 1 2
25720 5600 29320 6160 1 2
25720 5600 29320 6160 2 2
25700 5600 29340 6160 0 2
25700 5600 29340 6160 1 2
25720 14000 29320 14560 1 2
25720 14000 29320 14560 2 2
25700 14000 29340 14560 0 2
25700 14000 29340 14560 1 2
25720 17360 29320 17920 1 2
25720 17360 29320 17920 2 2
25700 17360 29340 17920 0 2
25700 17360 29340 17920 1 2
25720 25760 29320 26320 1 2
25720 25760 29320 26320 2 2
25700 25760 29340 26320 0 2
25700 25760 29340 26320 1 2
25720 27440 31040 28000 1 2
25720 27440 31040 28000 2 2
25700 27440 31060 28000 0 2
25700 27440 31060 28000 1 2
25720 35840 31040 36400 1 2
25720 35840 31040 36400 2 2
25700 35840 31060 36400 0 2
25700 35840 31060 36400 1 2
25720 39200 31040 39760 1 2
25720 39200 31040 39760 2 2
25700 39200 31060 39760 0 2
25700 39200 31060 39760 1 2
25720 47600 31040 48160 1 2
25720 47600 31040 48160 2 2
25700 47600 31060 48160 0 2
25700 47600 31060 48160 1 2
25720 51800 31040 52360 1 2
25720 51800 31040 52360 2 2
25700 51800 31060 52360 0 2
25700 51800 31060 52360 1 2
25720 54320 46520 54880 1 2
25720 54320 46520 54880 2 2
25700 54320 46540 54880 0 2
25700 54320 46540 54880 1 2
25720 62720 46520 63280 1 2
25720 62720 46520 63280 2 2
25700 62720 46540 63280 0 2
25700 62720 46540 63280 1 2
25720 66920 46520 67480 1 2
25720 66920 46520 67480 2 2
25700 66920 46540 67480 0 2
25700 66920 46540 67480 1 2
25740 14840 27580 15400 1 2
25740 14840 27580 15400 2 2
25720 14840 27600 15400 0 2
25720 14840 27600 15400 1 2
25740 33320 27580 33880 1 2
25740 33320 27580 33880 2 2
25720 33320 27600 33880 0 2
25720 33320 27600 33880 1 2
25740 66920 27580 67480 1 2
25740 66920 27580 67480 2 2
25720 66920 27600 67480 0 2
25720 66920 27600 67480 1 2
26380 13310 26940 27010 2 2
26380 13310 26940 27010 3 2
26380 13360 26940 26960 1 2
26380 13360 26940 26960 2 2
26380 14100 26940 16140 2 2
26380 14100 26940 16140 3 2
26380 14150 26940 16090 1 2
26380 14150 26940 16090 2 2
26380 14150 26940 16090 2 2
26380 14150 26940 16090 3 2
26380 14200 26940 16040 1 2
26380 14200 26940 16040 2 2
26380 25390 26940 34250 2 2
26380 25390 26940 34250 3 2
26380 25440 26940 34200 1 2
26380 25440 26940 34200 2 2
26380 32630 26940 34570 2 2
26380 32630 26940 34570 3 2
26380 32680 26940 34520 1 2
26380 32680 26940 34520 2 2
26380 51900 26940 53940 2 2
26380 51900 26940 53940 3 2
26380 51950 26940 53890 1 2
26380 51950 26940 53890 2 2
26380 52270 26940 67850 2 2
26380 52270 26940 67850 3 2
26380 52320 26940 67800 1 2
26380 52320 26940 67800 2 2
26380 66230 26940 68170 2 2
26380 66230 26940 68170 3 2
26380 66280 26940 68120 1 2
26380 66280 26940 68120 2 2
25780 66920 27540 67480 1 2
25780 66920 27540 67480 2 2
25760 66920 27560 67480 0 2
25760 66920 27560 67480 1 2
26410 220 26910 3140 0 2
26410 220 26910 3140 1 2
26410 4420 26910 7340 0 2
26410 4420 26910 7340 1 2
26410 6940 26910 14900 0 2
26410 6940 26910 14900 1 2
26410 16180 26910 19100 0 2
26410 16180 26910 19100 1 2
26410 18700 26910 26660 0 2
26410 18700 26910 26660 1 2
26410 27100 26910 35060 0 2
26410 27100 26910 35060 1 2
26410 34660 26910 37580 0 2
26410 34660 26910 37580 1 2
26410 38860 26910 46820 0 2
26410 38860 26910 46820 1 2
26410 46420 26910 49340 0 2
26410 46420 26910 49340 1 2
26410 50620 26910 53540 0 2
26410 50620 26910 53540 1 2
26410 53980 26910 61940 0 2
26410 53980 26910 61940 1 2
26410 61540 26910 64460 0 2
26410 61540 26910 64460 1 2
26410 65740 26910 68660 0 2
26410 65740 26910 68660 1 2
26060 14840 31560 15400 1 2
26060 14840 31560 15400 2 2
26040 14840 31580 15400 0 2
26040 14840 31580 15400 1 2
26600 12320 28440 12880 1 2
26600 12320 28440 12880 2 2
26580 12320 28460 12880 0 2
26580 12320 28460 12880 1 2
27240 4910 27800 18610 2 2
27240 4910 27800 18610 3 2
27240 4960 27800 18560 1 2
27240 4960 27800 18560 2 2
27240 11580 27800 13620 2 2
27240 11580 27800 13620 3 2
27240 11630 27800 13570 1 2
27240 11630 27800 13570 2 2
27240 11630 27800 13570 2 2
27240 11630 27800 13570 3 2
27240 11680 27800 13520 1 2
27240 11680 27800 13520 2 2
27240 34260 27800 36300 2 2
27240 34260 27800 36300 3 2
27240 34310 27800 36250 1 2
27240 34310 27800 36250 2 2
27240 34350 27800 36210 2 2
27240 34350 27800 36210 3 2
27240 34400 27800 36160 1 2
27240 34400 27800 36160 2 2
27270 6940 27770 14900 0 2
27270 6940 27770 14900 1 2
27270 18700 27770 26660 0 2
27270 18700 27770 26660 1 2
27270 27100 27770 35060 0 2
27270 27100 27770 35060 1 2
27270 38860 27770 46820 0 2
27270 38860 27770 46820 1 2
27270 53980 27770 61940 0 2
27270 53980 27770 61940 1 2
26970 16840 29790 18440 3 2
26970 16840 29790 18440 4 2
26970 16840 29790 18440 2 2
26970 16840 29790 18440 3 2
27440 26920 29320 28520 3 2
27440 26920 29320 28520 4 2
27440 26920 29320 28520 2 2
27440 26920 29320 28520 3 2
28100 710 28660 26170 2 2
28100 710 28660 26170 3 2
28100 760 28660 26120 1 2
28100 760 28660 26120 2 2
28100 16620 28660 18660 2 2
28100 16620 28660 18660 3 2
28100 16670 28660 18610 1 2
28100 16670 28660 18610 2 2
28100 16710 28660 18570 2 2
28100 16710 28660 18570 3 2
28100 16760 28660 18520 1 2
28100 16760 28660 18520 2 2
28100 26700 28660 28740 2 2
28100 26700 28660 28740 3 2
28100 26750 28660 28690 1 2
28100 26750 28660 28690 2 2
28100 26750 28660 48850 2 2
28100 26750 28660 48850 3 2
28100 26800 28660 48800 1 2
28100 26800 28660 48800 2 2
28130 220 28630 3140 0 2
28130 220 28630 3140 1 2
28130 4420 28630 7340 0 2
28130 4420 28630 7340 1 2
28130 6940 28630 14900 0 2
28130 6940 28630 14900 1 2
28130 16180 28630 19100 0 2
28130 16180 28630 19100 1 2
28130 18700 28630 26660 0 2
28130 18700 28630 26660 1 2
28130 27100 28630 35060 0 2
28130 27100 28630 35060 1 2
28130 34660 28630 37580 0 2
28130 34660 28630 37580 1 2
28130 38860 28630 46820 0 2
28130 38860 28630 46820 1 2
28130 46420 28630 49340 0 2
28130 46420 28630 49340 1 2
28130 50620 28630 53540 0 2
28130 50620 28630 53540 1 2
28130 53980 28630 61940 0 2
28130 53980 28630 61940 1 2
28130 61540 28630 64460 0 2
28130 61540 28630 64460 1 2
28130 65740 28630 68660 0 2
28130 65740 28630 68660 1 2
27770 26920 41030 28520 3 2
27770 26920 41030 28520 4 2
27770 26920 41030 28520 2 2
27770 26920 41030 28520 3 2
28990 6940 29490 14900 0 2
28990 6940 29490 14900 1 2
28990 18700 29490 26660 0 2
28990 18700 29490 26660 1 2
28990 27100 29490 35060 0 2
28990 27100 29490 35060 1 2
28990 38860 29490 46820 0 2
28990 38860 29490 46820 1 2
28990 53980 29490 61940 0 2
28990 53980 29490 61940 1 2
29850 27100 30350 35060 0 2
29850 27100 30350 35060 1 2
29850 34660 30350 37580 0 2
29850 34660 30350 37580 1 2
29850 38860 30350 46820 0 2
29850 38860 30350 46820 1 2
29850 46420 30350 49340 0 2
29850 46420 30350 49340 1 2
29850 50620 30350 53540 0 2
29850 50620 30350 53540 1 2
29850 53980 30350 61940 0 2
29850 53980 30350 61940 1 2
29850 61540 30350 64460 0 2
29850 61540 30350 64460 1 2
29850 65740 30350 68660 0 2
29850 65740 30350 68660 1 2
30020 13160 31900 13720 1 2
30020 13160 31900 13720 2 2
30000 13160 31920 13720 0 2
30000 13160 31920 13720 1 2
30020 14840 31900 15400 1 2
30020 14840 31900 15400 2 2
30000 14840 31920 15400 0 2
30000 14840 31920 15400 1 2
30710 12820 31210 14060 0 2
30710 12820 31210 14060 1 2
30710 12990 31210 15570 0 2
30710 12990 31210 15570 1 2
30710 14500 31210 15740 0 2
30710 14500 31210 15740 1 2
30710 27100 31210 35060 0 2
30710 27100 31210 35060 1 2
30710 38860 31210 46820 0 2
30710 38860 31210 46820 1 2
30710 53980 31210 61940 0 2
30710 53980 31210 61940 1 2
30360 13160 33280 13720 1 2
30360 13160 33280 13720 2 2
30340 13160 33300 13720 0 2
30340 13160 33300 13720 1 2
31570 53980 32070 61940 0 2
31570 53980 32070 61940 1 2
31570 61540 32070 64460 0 2
31570 61540 32070 64460 1 2
31570 65740 32070 68660 0 2
31570 65740 32070 68660 1 2
31740 13160 40500 13720 1 2
31740 13160 40500 13720 2 2
31720 13160 40520 13720 0 2
31720 13160 40520 13720 1 2
32430 6940 32930 14900 0 2
32430 6940 32930 14900 1 2
32430 53980 32930 61940 0 2
32430 53980 32930 61940 1 2
32130 16840 34950 18440 3 2
32130 16840 34950 18440 4 2
32130 16840 34950 18440 2 2
32130 16840 34950 18440 3 2
32600 1400 39640 1960 1 2
32600 1400 39640 1960 2 2
32580 1400 39660 1960 0 2
32580 1400 39660 1960 1 2
32600 5600 39640 6160 1 2
32600 5600 39640 6160 2 2
32580 5600 39660 6160 0 2
32580 5600 39660 6160 1 2
32600 14000 39640 14560 1 2
32600 14000 39640 14560 2 2
32580 14000 39660 14560 0 2
32580 14000 39660 14560 1 2
32620 1400 34460 1960 1 2
32620 1400 34460 1960 2 2
32600 1400 34480 1960 0 2
32600 1400 34480 1960 1 2
33260 710 33820 2650 2 2
33260 710 33820 2650 3 2
33260 760 33820 2600 1 2
33260 760 33820 2600 2 2
32660 1400 34420 1960 1 2
32660 1400 34420 1960 2 2
32640 1400 34440 1960 0 2
32640 1400 34440 1960 1 2
33260 1030 33820 18290 2 2
33260 1030 33820 18290 3 2
33260 1080 33820 18240 1 2
33260 1080 33820 18240 2 2
33260 16620 33820 18660 2 2
33260 16620 33820 18660 3 2
33260 16670 33820 18610 1 2
33260 16670 33820 18610 2 2
33290 220 33790 3140 0 2
33290 220 33790 3140 1 2
33290 4420 33790 7340 0 2
33290 4420 33790 7340 1 2
33290 6940 33790 14900 0 2
33290 6940 33790 14900 1 2
33290 53980 33790 61940 0 2
33290 53980 33790 61940 1 2
33290 61540 33790 64460 0 2
33290 61540 33790 64460 1 2
33290 65740 33790 68660 0 2
33290 65740 33790 68660 1 2
33460 28280 47380 28840 1 2
33460 28280 47380 28840 2 2
33440 28280 47400 28840 0 2
33440 28280 47400 28840 1 2
33460 40040 47380 40600 1 2
33460 40040 47380 40600 2 2
33440 40040 47400 40600 0 2
33440 40040 47400 40600 1 2
33460 51800 47380 52360 1 2
33460 51800 47380 52360 2 2
33440 51800 47400 52360 0 2
33440 51800 47400 52360 1 2
34150 6940 34650 14900 0 2
34150 6940 34650 14900 1 2
34150 22060 34650 30020 0 2
34150 22060 34650 30020 1 2
34150 33820 34650 41780 0 2
34150 33820 34650 41780 1 2
34150 45580 34650 53540 0 2
34150 45580 34650 53540 1 2
34150 53980 34650 61940 0 2
34150 53980 34650 61940 1 2
34320 16520 46520 17080 1 2
34320 16520 46520 17080 2 2
34300 16520 46540 17080 0 2
34300 16520 46540 17080 1 2
34320 20720 46520 21280 1 2
34320 20720 46520 21280 2 2
34300 20720 46540 21280 0 2
34300 20720 46540 21280 1 2
34320 29120 46520 29680 1 2
34320 29120 46520 29680 2 2
34300 29120 46540 29680 0 2
34300 29120 46540 29680 1 2
34320 32480 46520 33040 1 2
34320 32480 46520 33040 2 2
34300 32480 46540 33040 0 2
34300 32480 46540 33040 1 2
34320 40880 46520 41440 1 2
34320 40880 46520 41440 2 2
34300 40880 46540 41440 0 2
34300 40880 46540 41440 1 2
34320 44240 46520 44800 1 2
34320 44240 46520 44800 2 2
34300 44240 46540 44800 0 2
34300 44240 46540 44800 1 2
34320 52640 46520 53200 1 2
34320 52640 46520 53200 2 2
34300 52640 46540 53200 0 2
34300 52640 46540 53200 1 2
35010 220 35510 3140 0 2
35010 220 35510 3140 1 2
35010 4420 35510 7340 0 2
35010 4420 35510 7340 1 2
35010 6940 35510 14900 0 2
35010 6940 35510 14900 1 2
35010 15340 35510 18260 0 2
35010 15340 35510 18260 1 2
35010 19540 35510 22460 0 2
35010 19540 35510 22460 1 2
35010 22060 35510 30020 0 2
35010 22060 35510 30020 1 2
35010 31300 35510 34220 0 2
35010 31300 35510 34220 1 2
35010 33820 35510 41780 0 2
35010 33820 35510 41780 1 2
35010 43060 35510 45980 0 2
35010 43060 35510 45980 1 2
35010 45580 35510 53540 0 2
35010 45580 35510 53540 1 2
35010 53980 35510 61940 0 2
35010 53980 35510 61940 1 2
35010 61540 35510 64460 0 2
35010 61540 35510 64460 1 2
35010 65740 35510 68660 0 2
35010 65740 35510 68660 1 2
35870 6940 36370 14900 0 2
35870 6940 36370 14900 1 2
35870 22060 36370 30020 0 2
35870 22060 36370 30020 1 2
35870 33820 36370 41780 0 2
35870 33820 36370 41780 1 2
35870 45580 36370 53540 0 2
35870 45580 36370 53540 1 2
35870 53980 36370 61940 0 2
35870 53980 36370 61940 1 2
36730 220 37230 3140 0 2
36730 220 37230 3140 1 2
36730 4420 37230 7340 0 2
36730 4420 37230 7340 1 2
36730 6940 37230 14900 0 2
36730 6940 37230 14900 1 2
36730 15340 37230 18260 0 2
36730 15340 37230 18260 1 2
36730 19540 37230 22460 0 2
36730 19540 37230 22460 1 2
36730 22060 37230 30020 0 2
36730 22060 37230 30020 1 2
36730 31300 37230 34220 0 2
36730 31300 37230 34220 1 2
36730 33820 37230 41780 0 2
36730 33820 37230 41780 1 2
36730 43060 37230 45980 0 2
36730 43060 37230 45980 1 2
36730 45580 37230 53540 0 2
36730 45580 37230 53540 1 2
36730 53980 37230 61940 0 2
36730 53980 37230 61940 1 2
36730 61540 37230 64460 0 2
36730 61540 37230 64460 1 2
36730 65740 37230 68660 0 2
36730 65740 37230 68660 1 2
37590 6940 38090 14900 0 2
37590 6940 38090 14900 1 2
37590 22060 38090 30020 0 2
37590 22060 38090 30020 1 2
37590 33820 38090 41780 0 2
37590 33820 38090 41780 1 2
37590 45580 38090 53540 0 2
37590 45580 38090 53540 1 2
37590 53980 38090 61940 0 2
37590 53980 38090 61940 1 2
38450 220 38950 3140 0 2
38450 220 38950 3140 1 2
38450 4420 38950 7340 0 2
38450 4420 38950 7340 1 2
38450 6940 38950 14900 0 2
38450 6940 38950 14900 1 2
38450 15340 38950 18260 0 2
38450 15340 38950 18260 1 2
38450 19540 38950 22460 0 2
38450 19540 38950 22460 1 2
38450 22060 38950 30020 0 2
38450 22060 38950 30020 1 2
38450 31300 38950 34220 0 2
38450 31300 38950 34220 1 2
38450 33820 38950 41780 0 2
38450 33820 38950 41780 1 2
38450 43060 38950 45980 0 2
38450 43060 38950 45980 1 2
38450 45580 38950 53540 0 2
38450 45580 38950 53540 1 2
38450 53980 38950 61940 0 2
38450 53980 38950 61940 1 2
38450 61540 38950 64460 0 2
38450 61540 38950 64460 1 2
38450 65740 38950 68660 0 2
38450 65740 38950 68660 1 2
38100 14000 41020 14560 1 2
38100 14000 41020 14560 2 2
38080 14000 41040 14560 0 2
38080 14000 41040 14560 1 2
38640 54320 40480 54880 1 2
38640 54320 40480 54880 2 2
38620 54320 40500 54880 0 2
38620 54320 40500 54880 1 2
39280 28430 39840 53890 2 2
39280 28430 39840 53890 3 2
39280 28480 39840 53840 1 2
39280 28480 39840 53840 2 2
39280 52270 39840 55250 2 2
39280 52270 39840 55250 3 2
39280 52320 39840 55200 1 2
39280 52320 39840 55200 2 2
39280 53630 39840 55570 2 2
39280 53630 39840 55570 3 2
39280 53680 39840 55520 1 2
39280 53680 39840 55520 2 2
39310 6940 39810 14900 0 2
39310 6940 39810 14900 1 2
39310 22060 39810 30020 0 2
39310 22060 39810 30020 1 2
39310 33820 39810 41780 0 2
39310 33820 39810 41780 1 2
39310 45580 39810 53540 0 2
39310 45580 39810 53540 1 2
39310 53980 39810 61940 0 2
39310 53980 39810 61940 1 2
39480 26920 41360 28520 3 2
39480 26920 41360 28520 4 2
39480 26920 41360 28520 2 2
39480 26920 41360 28520 3 2
39500 14000 41340 14560 1 2
39500 14000 41340 14560 2 2
39480 14000 41360 14560 0 2
39480 14000 41360 14560 1 2
40140 13310 40700 15250 2 2
40140 13310 40700 15250 3 2
40140 13360 40700 15200 1 2
40140 13360 40700 15200 2 2
40140 13630 40700 21650 2 2
40140 13630 40700 21650 3 2
40140 13680 40700 21600 1 2
40140 13680 40700 21600 2 2
40140 20030 40700 45490 2 2
40140 20030 40700 45490 3 2
40140 20080 40700 45440 1 2
40140 20080 40700 45440 2 2
40140 26700 40700 28740 2 2
40140 26700 40700 28740 3 2
40140 26750 40700 28690 1 2
40140 26750 40700 28690 2 2
40170 15340 40670 18260 0 2
40170 15340 40670 18260 1 2
40170 19540 40670 22460 0 2
40170 19540 40670 22460 1 2
40170 22060 40670 30020 0 2
40170 22060 40670 30020 1 2
40170 31300 40670 34220 0 2
40170 31300 40670 34220 1 2
40170 33820 40670 41780 0 2
40170 33820 40670 41780 1 2
40170 43060 40670 45980 0 2
40170 43060 40670 45980 1 2
40170 45580 40670 53540 0 2
40170 45580 40670 53540 1 2
40170 53980 40670 61940 0 2
40170 53980 40670 61940 1 2
40170 61540 40670 64460 0 2
40170 61540 40670 64460 1 2
40170 65740 40670 68660 0 2
40170 65740 40670 68660 1 2
41030 22060 41530 30020 0 2
41030 22060 41530 30020 1 2
41030 33820 41530 41780 0 2
41030 33820 41530 41780 1 2
41030 45580 41530 53540 0 2
41030 45580 41530 53540 1 2
41030 53980 41530 61940 0 2
41030 53980 41530 61940 1 2
41890 15340 42390 18260 0 2
41890 15340 42390 18260 1 2
41890 19540 42390 22460 0 2
41890 19540 42390 22460 1 2
41890 22060 42390 30020 0 2
41890 22060 42390 30020 1 2
41890 31300 42390 34220 0 2
41890 31300 42390 34220 1 2
41890 33820 42390 41780 0 2
41890 33820 42390 41780 1 2
41890 43060 42390 45980 0 2
41890 43060 42390 45980 1 2
41890 45580 42390 53540 0 2
41890 45580 42390 53540 1 2
41890 53980 42390 61940 0 2
41890 53980 42390 61940 1 2
41890 61540 42390 64460 0 2
41890 61540 42390 64460 1 2
41890 65740 42390 68660 0 2
41890 65740 42390 68660 1 2
42750 22060 43250 30020 0 2
42750 22060 43250 30020 1 2
42750 33820 43250 41780 0 2
42750 33820 43250 41780 1 2
42750 45580 43250 53540 0 2
42750 45580 43250 53540 1 2
42750 53980 43250 61940 0 2
42750 53980 43250 61940 1 2
43610 15340 44110 18260 0 2
43610 15340 44110 18260 1 2
43610 19540 44110 22460 0 2
43610 19540 44110 22460 1 2
43610 22060 44110 30020 0 2
43610 22060 44110 30020 1 2
43610 31300 44110 34220 0 2
43610 31300 44110 34220 1 2
43610 33820 44110 41780 0 2
43610 33820 44110 41780 1 2
43610 43060 44110 45980 0 2
43610 43060 44110 45980 1 2
43610 45580 44110 53540 0 2
43610 45580 44110 53540 1 2
43610 53980 44110 61940 0 2
43610 53980 44110 61940 1 2
43610 61540 44110 64460 0 2
43610 61540 44110 64460 1 2
43610 65740 44110 68660 0 2
43610 65740 44110 68660 1 2
44470 22060 44970 30020 0 2
44470 22060 44970 30020 1 2
44470 33820 44970 41780 0 2
44470 33820 44970 41780 1 2
44470 45580 44970 53540 0 2
44470 45580 44970 53540 1 2
44470 53980 44970 61940 0 2
44470 53980 44970 61940 1 2
45330 15340 45830 18260 0 2
45330 15340 45830 18260 1 2
45330 19540 45830 22460 0 2
45330 19540 45830 22460 1 2
45330 22060 45830 30020 0 2
45330 22060 45830 30020 1 2
45330 31300 45830 34220 0 2
45330 31300 45830 34220 1 2
45330 33820 45830 41780 0 2
45330 33820 45830 41780 1 2
45330 43060 45830 45980 0 2
45330 43060 45830 45980 1 2
45330 45580 45830 53540 0 2
45330 45580 45830 53540 1 2
45330 53980 45830 61940 0 2
45330 53980 45830 61940 1 2
45330 61540 45830 64460 0 2
45330 61540 45830 64460 1 2
45330 65740 45830 68660 0 2
45330 65740 45830 68660 1 2
46190 22060 46690 30020 0 2
46190 22060 46690 30020 1 2
46190 33820 46690 41780 0 2
46190 33820 46690 41780 1 2
46190 45580 46690 53540 0 2
46190 45580 46690 53540 1 2
46190 53980 46690 61940 0 2
46190 53980 46690 61940 1 2
