16600 33320 27260 33880 1 2
16600 33320 27260 33880 2 2
16580 33320 27280 33880 0 2
16580 33320 27280 33880 1 2
17120 27440 22440 28000 1 2
17120 27440 22440 28000 2 2
17100 27440 22460 28000 0 2
17100 27440 22460 28000 1 2
17120 35840 22440 36400 1 2
17120 35840 22440 36400 2 2
17100 35840 22460 36400 0 2
17100 35840 22460 36400 1 2
17120 39200 22440 39760 1 2
17120 39200 22440 39760 2 2
17100 39200 22460 39760 0 2
17100 39200 22460 39760 1 2
17120 47600 22440 48160 1 2
17120 47600 22440 48160 2 2
17100 47600 22460 48160 0 2
17100 47600 22460 48160 1 2
17120 51800 22440 52360 1 2
17120 51800 22440 52360 2 2
17100 51800 22460 52360 0 2
17100 51800 22460 52360 1 2
17810 27100 18310 35060 0 2
17810 27100 18310 35060 1 2
17810 34660 18310 37580 0 2
17810 34660 18310 37580 1 2
17810 38860 18310 46820 0 2
17810 38860 18310 46820 1 2
17810 46420 18310 49340 0 2
17810 46420 18310 49340 1 2
17810 50620 18310 53540 0 2
17810 50620 18310 53540 1 2
17810 53980 18310 61940 0 2
17810 53980 18310 61940 1 2
17810 61540 18310 64460 0 2
17810 61540 18310 64460 1 2
17810 65740 18310 68660 0 2
17810 65740 18310 68660 1 2
17980 24920 23300 25480 1 2
17980 24920 23300 25480 2 2
17960 24920 23320 25480 0 2
17960 24920 23320 25480 1 2
18670 18700 19170 26660 0 2
18670 18700 19170 26660 1 2
18670 27100 19170 35060 0 2
18670 27100 19170 35060 1 2
18670 38860 19170 46820 0 2
18670 38860 19170 46820 1 2
18670 53980 19170 61940 0 2
18670 53980 19170 61940 1 2
18840 17360 22440 17920 1 2
18840 17360 22440 17920 2 2
18820 17360 22460 17920 0 2
18820 17360 22460 17920 1 2
18840 25760 22440 26320 1 2
18840 25760 22440 26320 2 2
18820 25760 22460 26320 0 2
18820 25760 22460 26320 1 2
18840 26920 20720 28520 3 2
18840 26920 20720 28520 4 2
18840 26920 20720 28520 2 2
18840 26920 20720 28520 3 2
19500 26700 20060 28740 2 2
19500 26700 20060 28740 3 2
19500 26750 20060 28690 1 2
19500 26750 20060 28690 2 2
19500 26750 20060 48850 2 2
19500 26750 20060 48850 3 2
19500 26800 20060 48800 1 2
19500 26800 20060 48800 2 2
19530 18700 20030 26660 0 2
19530 18700 20030 26660 1 2
19530 27100 20030 35060 0 2
19530 27100 20030 35060 1 2
19530 34660 20030 37580 0 2
19530 34660 20030 37580 1 2
19530 38860 20030 46820 0 2
19530 38860 20030 46820 1 2
19530 46420 20030 49340 0 2
19530 46420 20030 49340 1 2
19530 50620 20030 53540 0 2
19530 50620 20030 53540 1 2
19530 53980 20030 61940 0 2
19530 53980 20030 61940 1 2
19530 61540 20030 64460 0 2
19530 61540 20030 64460 1 2
19530 65740 20030 68660 0 2
19530 65740 20030 68660 1 2
20360 27590 20920 53050 2 2
20360 27590 20920 53050 3 2
20360 27640 20920 53000 1 2
20360 27640 20920 53000 2 2
20390 18700 20890 26660 0 2
20390 18700 20890 26660 1 2
20390 27100 20890 35060 0 2
20390 27100 20890 35060 1 2
20390 38860 20890 46820 0 2
20390 38860 20890 46820 1 2
20390 53980 20890 61940 0 2
20390 53980 20890 61940 1 2
21250 18700 21750 26660 0 2
21250 18700 21750 26660 1 2
21250 27100 21750 35060 0 2
21250 27100 21750 35060 1 2
21250 34660 21750 37580 0 2
21250 34660 21750 37580 1 2
21250 38860 21750 46820 0 2
21250 38860 21750 46820 1 2
21250 46420 21750 49340 0 2
21250 46420 21750 49340 1 2
21250 50620 21750 53540 0 2
21250 50620 21750 53540 1 2
21250 53980 21750 61940 0 2
21250 53980 21750 61940 1 2
21250 61540 21750 64460 0 2
21250 61540 21750 64460 1 2
21250 65740 21750 68660 0 2
21250 65740 21750 68660 1 2
22110 18700 22610 26660 0 2
22110 18700 22610 26660 1 2
22110 27100 22610 35060 0 2
22110 27100 22610 35060 1 2
22110 38860 22610 46820 0 2
22110 38860 22610 46820 1 2
22110 53980 22610 61940 0 2
22110 53980 22610 61940 1 2
21760 55160 26400 55720 1 2
21760 55160 26400 55720 2 2
21740 55160 26420 55720 0 2
21740 55160 26420 55720 1 2
22280 62200 24160 63800 3 2
22280 62200 24160 63800 4 2
22280 62200 24160 63800 2 2
22280 62200 24160 63800 3 2
22300 62720 24140 63280 1 2
22300 62720 24140 63280 2 2
22280 62720 24160 63280 0 2
22280 62720 24160 63280 1 2
22940 61980 23500 64020 2 2
22940 61980 23500 64020 3 2
22940 62030 23500 63970 1 2
22940 62030 23500 63970 2 2
22940 62030 23500 63970 2 2
22940 62030 23500 63970 3 2
22940 62080 23500 63920 1 2
22940 62080 23500 63920 2 2
22940 62108 23500 63892 2 2
22940 62108 23500 63892 3 2
22940 62158 23500 63842 1 2
22940 62158 23500 63842 2 2
22620 62720 27260 63280 1 2
22620 62720 27260 63280 2 2
22600 62720 27280 63280 0 2
22600 62720 27280 63280 1 2
24860 24920 30180 25480 1 2
24860 24920 30180 25480 2 2
24840 24920 30200 25480 0 2
24840 24920 30200 25480 1 2
24860 28280 31900 28840 1 2
24860 28280 31900 28840 2 2
24840 28280 31920 28840 0 2
24840 28280 31920 28840 1 2
24860 40040 31900 40600 1 2
24860 40040 31900 40600 2 2
24840 40040 31920 40600 0 2
24840 40040 31920 40600 1 2
24860 55160 47380 55720 1 2
24860 55160 47380 55720 2 2
24840 55160 47400 55720 0 2
24840 55160 47400 55720 1 2
25550 18700 26050 26660 0 2
25550 18700 26050 26660 1 2
25550 27100 26050 35060 0 2
25550 27100 26050 35060 1 2
25550 38860 26050 46820 0 2
25550 38860 26050 46820 1 2
25550 53980 26050 61940 0 2
25550 53980 26050 61940 1 2
25720 17360 29320 17920 1 2
25720 17360 29320 17920 2 2
25700 17360 29340 17920 0 2
25700 17360 29340 17920 1 2
25720 25760 29320 26320 1 2
25720 25760 29320 26320 2 2
25700 25760 29340 26320 0 2
25700 25760 29340 26320 1 2
25720 27440 31040 28000 1 2
25720 27440 31040 28000 2 2
25700 27440 31060 28000 0 2
25700 27440 31060 28000 1 2
25720 35840 31040 36400 1 2
25720 35840 31040 36400 2 2
25700 35840 31060 36400 0 2
25700 35840 31060 36400 1 2
25720 39200 31040 39760 1 2
25720 39200 31040 39760 2 2
25700 39200 31060 39760 0 2
25700 39200 31060 39760 1 2
25720 47600 31040 48160 1 2
25720 47600 31040 48160 2 2
25700 47600 31060 48160 0 2
25700 47600 31060 48160 1 2
25720 51800 31040 52360 1 2
25720 51800 31040 52360 2 2
25700 51800 31060 52360 0 2
25700 51800 31060 52360 1 2
25720 62720 46520 63280 1 2
25720 62720 46520 63280 2 2
25700 62720 46540 63280 0 2
25700 62720 46540 63280 1 2
25720 66920 46520 67480 1 2
25720 66920 46520 67480 2 2
25700 66920 46540 67480 0 2
25700 66920 46540 67480 1 2
25740 33320 27580 33880 1 2
25740 33320 27580 33880 2 2
25720 33320 27600 33880 0 2
25720 33320 27600 33880 1 2
26380 25390 26940 34250 2 2
26380 25390 26940 34250 3 2
26380 25440 26940 34200 1 2
26380 25440 26940 34200 2 2
26380 32630 26940 34570 2 2
26380 32630 26940 34570 3 2
26380 32680 26940 34520 1 2
26380 32680 26940 34520 2 2
26410 18700 26910 26660 0 2
26410 18700 26910 26660 1 2
26410 27100 26910 35060 0 2
26410 27100 26910 35060 1 2
26410 34660 26910 37580 0 2
26410 34660 26910 37580 1 2
26410 38860 26910 46820 0 2
26410 38860 26910 46820 1 2
26410 46420 26910 49340 0 2
26410 46420 26910 49340 1 2
26410 50620 26910 53540 0 2
26410 50620 26910 53540 1 2
26410 53980 26910 61940 0 2
26410 53980 26910 61940 1 2
26410 61540 26910 64460 0 2
26410 61540 26910 64460 1 2
26410 65740 26910 68660 0 2
26410 65740 26910 68660 1 2
27240 27590 27800 53050 2 2
27240 27590 27800 53050 3 2
27240 27640 27800 53000 1 2
27240 27640 27800 53000 2 2
27270 18700 27770 26660 0 2
27270 18700 27770 26660 1 2
27270 27100 27770 35060 0 2
27270 27100 27770 35060 1 2
27270 38860 27770 46820 0 2
27270 38860 27770 46820 1 2
27270 53980 27770 61940 0 2
27270 53980 27770 61940 1 2
27440 26920 29320 28520 3 2
27440 26920 29320 28520 4 2
27440 26920 29320 28520 2 2
27440 26920 29320 28520 3 2
28100 26700 28660 28740 2 2
28100 26700 28660 28740 3 2
28100 26750 28660 28690 1 2
28100 26750 28660 28690 2 2
28100 26750 28660 48850 2 2
28100 26750 28660 48850 3 2
28100 26800 28660 48800 1 2
28100 26800 28660 48800 2 2
28130 18700 28630 26660 0 2
28130 18700 28630 26660 1 2
28130 27100 28630 35060 0 2
28130 27100 28630 35060 1 2
28130 34660 28630 37580 0 2
28130 34660 28630 37580 1 2
28130 38860 28630 46820 0 2
28130 38860 28630 46820 1 2
28130 46420 28630 49340 0 2
28130 46420 28630 49340 1 2
28130 50620 28630 53540 0 2
28130 50620 28630 53540 1 2
28130 53980 28630 61940 0 2
28130 53980 28630 61940 1 2
28130 61540 28630 64460 0 2
28130 61540 28630 64460 1 2
28130 65740 28630 68660 0 2
28130 65740 28630 68660 1 2
27770 26920 41030 28520 3 2
27770 26920 41030 28520 4 2
27770 26920 41030 28520 2 2
27770 26920 41030 28520 3 2
28990 18700 29490 26660 0 2
28990 18700 29490 26660 1 2
28990 27100 29490 35060 0 2
28990 27100 29490 35060 1 2
28990 38860 29490 46820 0 2
28990 38860 29490 46820 1 2
28990 53980 29490 61940 0 2
28990 53980 29490 61940 1 2
29850 27100 30350 35060 0 2
29850 27100 30350 35060 1 2
29850 34660 30350 37580 0 2
29850 34660 30350 37580 1 2
29850 38860 30350 46820 0 2
29850 38860 30350 46820 1 2
29850 46420 30350 49340 0 2
29850 46420 30350 49340 1 2
29850 50620 30350 53540 0 2
29850 50620 30350 53540 1 2
29850 53980 30350 61940 0 2
29850 53980 30350 61940 1 2
29850 61540 30350 64460 0 2
29850 61540 30350 64460 1 2
29850 65740 30350 68660 0 2
29850 65740 30350 68660 1 2
30710 27100 31210 35060 0 2
30710 27100 31210 35060 1 2
30710 38860 31210 46820 0 2
30710 38860 31210 46820 1 2
30710 53980 31210 61940 0 2
30710 53980 31210 61940 1 2
31570 53980 32070 61940 0 2
31570 53980 32070 61940 1 2
31570 61540 32070 64460 0 2
31570 61540 32070 64460 1 2
31570 65740 32070 68660 0 2
31570 65740 32070 68660 1 2
32430 53980 32930 61940 0 2
32430 53980 32930 61940 1 2
33290 53980 33790 61940 0 2
33290 53980 33790 61940 1 2
33290 61540 33790 64460 0 2
33290 61540 33790 64460 1 2
33290 65740 33790 68660 0 2
33290 65740 33790 68660 1 2
33460 28280 47380 28840 1 2
33460 28280 47380 28840 2 2
33440 28280 47400 28840 0 2
33440 28280 47400 28840 1 2
33460 40040 47380 40600 1 2
33460 40040 47380 40600 2 2
33440 40040 47400 40600 0 2
33440 40040 47400 40600 1 2
33460 51800 47380 52360 1 2
33460 51800 47380 52360 2 2
33440 51800 47400 52360 0 2
33440 51800 47400 52360 1 2
34150 22060 34650 30020 0 2
34150 22060 34650 30020 1 2
34150 33820 34650 41780 0 2
34150 33820 34650 41780 1 2
34150 45580 34650 53540 0 2
34150 45580 34650 53540 1 2
34150 53980 34650 61940 0 2
34150 53980 34650 61940 1 2
34320 20720 46520 21280 1 2
34320 20720 46520 21280 2 2
34300 20720 46540 21280 0 2
34300 20720 46540 21280 1 2
34320 29120 46520 29680 1 2
34320 29120 46520 29680 2 2
34300 29120 46540 29680 0 2
34300 29120 46540 29680 1 2
34320 32480 46520 33040 1 2
34320 32480 46520 33040 2 2
34300 32480 46540 33040 0 2
34300 32480 46540 33040 1 2
34320 40880 46520 41440 1 2
34320 40880 46520 41440 2 2
34300 40880 46540 41440 0 2
34300 40880 46540 41440 1 2
34320 44240 46520 44800 1 2
34320 44240 46520 44800 2 2
34300 44240 46540 44800 0 2
34300 44240 46540 44800 1 2
34320 52640 46520 53200 1 2
34320 52640 46520 53200 2 2
34300 52640 46540 53200 0 2
34300 52640 46540 53200 1 2
35010 19540 35510 22460 0 2
35010 19540 35510 22460 1 2
35010 22060 35510 30020 0 2
35010 22060 35510 30020 1 2
35010 31300 35510 34220 0 2
35010 31300 35510 34220 1 2
35010 33820 35510 41780 0 2
35010 33820 35510 41780 1 2
35010 43060 35510 45980 0 2
35010 43060 35510 45980 1 2
35010 45580 35510 53540 0 2
35010 45580 35510 53540 1 2
35010 53980 35510 61940 0 2
35010 53980 35510 61940 1 2
35010 61540 35510 64460 0 2
35010 61540 35510 64460 1 2
35010 65740 35510 68660 0 2
35010 65740 35510 68660 1 2
35870 22060 36370 30020 0 2
35870 22060 36370 30020 1 2
35870 33820 36370 41780 0 2
35870 33820 36370 41780 1 2
35870 45580 36370 53540 0 2
35870 45580 36370 53540 1 2
35870 53980 36370 61940 0 2
35870 53980 36370 61940 1 2
36730 19540 37230 22460 0 2
36730 19540 37230 22460 1 2
36730 22060 37230 30020 0 2
36730 22060 37230 30020 1 2
36730 31300 37230 34220 0 2
36730 31300 37230 34220 1 2
36730 33820 37230 41780 0 2
36730 33820 37230 41780 1 2
36730 43060 37230 45980 0 2
36730 43060 37230 45980 1 2
36730 45580 37230 53540 0 2
36730 45580 37230 53540 1 2
36730 53980 37230 61940 0 2
36730 53980 37230 61940 1 2
36730 61540 37230 64460 0 2
36730 61540 37230 64460 1 2
36730 65740 37230 68660 0 2
36730 65740 37230 68660 1 2
37590 22060 38090 30020 0 2
37590 22060 38090 30020 1 2
37590 33820 38090 41780 0 2
37590 33820 38090 41780 1 2
37590 45580 38090 53540 0 2
37590 45580 38090 53540 1 2
37590 53980 38090 61940 0 2
37590 53980 38090 61940 1 2
38450 19540 38950 22460 0 2
38450 19540 38950 22460 1 2
38450 22060 38950 30020 0 2
38450 22060 38950 30020 1 2
38450 31300 38950 34220 0 2
38450 31300 38950 34220 1 2
38450 33820 38950 41780 0 2
38450 33820 38950 41780 1 2
38450 43060 38950 45980 0 2
38450 43060 38950 45980 1 2
38450 45580 38950 53540 0 2
38450 45580 38950 53540 1 2
38450 53980 38950 61940 0 2
38450 53980 38950 61940 1 2
38450 61540 38950 64460 0 2
38450 61540 38950 64460 1 2
38450 65740 38950 68660 0 2
38450 65740 38950 68660 1 2
39310 22060 39810 30020 0 2
39310 22060 39810 30020 1 2
39310 33820 39810 41780 0 2
39310 33820 39810 41780 1 2
39310 45580 39810 53540 0 2
39310 45580 39810 53540 1 2
39310 53980 39810 61940 0 2
39310 53980 39810 61940 1 2
39480 26920 41360 28520 3 2
39480 26920 41360 28520 4 2
39480 26920 41360 28520 2 2
39480 26920 41360 28520 3 2
40140 20030 40700 45490 2 2
40140 20030 40700 45490 3 2
40140 20080 40700 45440 1 2
40140 20080 40700 45440 2 2
40140 26700 40700 28740 2 2
40140 26700 40700 28740 3 2
40140 26750 40700 28690 1 2
40140 26750 40700 28690 2 2
40170 19540 40670 22460 0 2
40170 19540 40670 22460 1 2
40170 22060 40670 30020 0 2
40170 22060 40670 30020 1 2
40170 31300 40670 34220 0 2
40170 31300 40670 34220 1 2
40170 33820 40670 41780 0 2
40170 33820 40670 41780 1 2
40170 43060 40670 45980 0 2
40170 43060 40670 45980 1 2
40170 45580 40670 53540 0 2
40170 45580 40670 53540 1 2
40170 53980 40670 61940 0 2
40170 53980 40670 61940 1 2
40170 61540 40670 64460 0 2
40170 61540 40670 64460 1 2
40170 65740 40670 68660 0 2
40170 65740 40670 68660 1 2
41030 22060 41530 30020 0 2
41030 22060 41530 30020 1 2
41030 33820 41530 41780 0 2
41030 33820 41530 41780 1 2
41030 45580 41530 53540 0 2
41030 45580 41530 53540 1 2
41030 53980 41530 61940 0 2
41030 53980 41530 61940 1 2
41890 19540 42390 22460 0 2
41890 19540 42390 22460 1 2
41890 22060 42390 30020 0 2
41890 22060 42390 30020 1 2
41890 31300 42390 34220 0 2
41890 31300 42390 34220 1 2
41890 33820 42390 41780 0 2
41890 33820 42390 41780 1 2
41890 43060 42390 45980 0 2
41890 43060 42390 45980 1 2
41890 45580 42390 53540 0 2
41890 45580 42390 53540 1 2
41890 53980 42390 61940 0 2
41890 53980 42390 61940 1 2
41890 61540 42390 64460 0 2
41890 61540 42390 64460 1 2
41890 65740 42390 68660 0 2
41890 65740 42390 68660 1 2
42750 22060 43250 30020 0 2
42750 22060 43250 30020 1 2
42750 33820 43250 41780 0 2
42750 33820 43250 41780 1 2
42750 45580 43250 53540 0 2
42750 45580 43250 53540 1 2
42750 53980 43250 61940 0 2
42750 53980 43250 61940 1 2
43610 19540 44110 22460 0 2
43610 19540 44110 22460 1 2
43610 22060 44110 30020 0 2
43610 22060 44110 30020 1 2
43610 31300 44110 34220 0 2
43610 31300 44110 34220 1 2
43610 33820 44110 41780 0 2
43610 33820 44110 41780 1 2
43610 43060 44110 45980 0 2
43610 43060 44110 45980 1 2
43610 45580 44110 53540 0 2
43610 45580 44110 53540 1 2
43610 53980 44110 61940 0 2
43610 53980 44110 61940 1 2
43610 61540 44110 64460 0 2
43610 61540 44110 64460 1 2
43610 65740 44110 68660 0 2
43610 65740 44110 68660 1 2
44470 22060 44970 30020 0 2
44470 22060 44970 30020 1 2
44470 33820 44970 41780 0 2
44470 33820 44970 41780 1 2
44470 45580 44970 53540 0 2
44470 45580 44970 53540 1 2
44470 53980 44970 61940 0 2
44470 53980 44970 61940 1 2
45330 19540 45830 22460 0 2
45330 19540 45830 22460 1 2
45330 22060 45830 30020 0 2
45330 22060 45830 30020 1 2
45330 31300 45830 34220 0 2
45330 31300 45830 34220 1 2
45330 33820 45830 41780 0 2
45330 33820 45830 41780 1 2
45330 43060 45830 45980 0 2
45330 43060 45830 45980 1 2
45330 45580 45830 53540 0 2
45330 45580 45830 53540 1 2
45330 53980 45830 61940 0 2
45330 53980 45830 61940 1 2
45330 61540 45830 64460 0 2
45330 61540 45830 64460 1 2
45330 65740 45830 68660 0 2
45330 65740 45830 68660 1 2
46190 22060 46690 30020 0 2
46190 22060 46690 30020 1 2
46190 33820 46690 41780 0 2
46190 33820 46690 41780 1 2
46190 45580 46690 53540 0 2
46190 45580 46690 53540 1 2
46190 53980 46690 61940 0 2
46190 53980 46690 61940 1 2
