24690 16180 25190 19100 0 2
24690 16180 25190 19100 1 2
24690 18700 25190 26660 0 2
24690 18700 25190 26660 1 2
24690 27100 25190 30020 0 2
24690 27100 25190 30020 1 2
24690 31300 25190 34220 0 2
24690 31300 25190 34220 1 2
24690 33820 25190 41780 0 2
24690 33820 25190 41780 1 2
24690 42220 25190 45140 0 2
24690 42220 25190 45140 1 2
24690 46420 25190 49340 0 2
24690 46420 25190 49340 1 2
24690 48940 25190 56900 0 2
24690 48940 25190 56900 1 2
24690 58180 25190 61100 0 2
24690 58180 25190 61100 1 2
24690 60700 25190 68660 0 2
24690 60700 25190 68660 1 2
24690 69100 25190 77060 0 2
24690 69100 25190 77060 1 2
24690 76660 25190 79580 0 2
24690 76660 25190 79580 1 2
24690 80860 25190 88820 0 2
24690 80860 25190 88820 1 2
24690 88420 25190 91340 0 2
24690 88420 25190 91340 1 2
24690 92620 25190 100580 0 2
24690 92620 25190 100580 1 2
25550 18700 26050 26660 0 2
25550 18700 26050 26660 1 2
25550 33820 26050 41780 0 2
25550 33820 26050 41780 1 2
25550 48940 26050 56900 0 2
25550 48940 26050 56900 1 2
25550 60700 26050 68660 0 2
25550 60700 26050 68660 1 2
25550 69100 26050 77060 0 2
25550 69100 26050 77060 1 2
25550 80860 26050 88820 0 2
25550 80860 26050 88820 1 2
25550 92620 26050 100580 0 2
25550 92620 26050 100580 1 2
26410 16180 26910 19100 0 2
26410 16180 26910 19100 1 2
26410 18700 26910 26660 0 2
26410 18700 26910 26660 1 2
26410 27100 26910 30020 0 2
26410 27100 26910 30020 1 2
26410 31300 26910 34220 0 2
26410 31300 26910 34220 1 2
26410 33820 26910 41780 0 2
26410 33820 26910 41780 1 2
26410 42220 26910 45140 0 2
26410 42220 26910 45140 1 2
26410 46420 26910 49340 0 2
26410 46420 26910 49340 1 2
26410 48940 26910 56900 0 2
26410 48940 26910 56900 1 2
26410 58180 26910 61100 0 2
26410 58180 26910 61100 1 2
26410 60700 26910 68660 0 2
26410 60700 26910 68660 1 2
26410 69100 26910 77060 0 2
26410 69100 26910 77060 1 2
26410 76660 26910 79580 0 2
26410 76660 26910 79580 1 2
26410 80860 26910 88820 0 2
26410 80860 26910 88820 1 2
26410 88420 26910 91340 0 2
26410 88420 26910 91340 1 2
26410 92620 26910 100580 0 2
26410 92620 26910 100580 1 2
27270 18700 27770 26660 0 2
27270 18700 27770 26660 1 2
27270 33820 27770 41780 0 2
27270 33820 27770 41780 1 2
27270 48940 27770 56900 0 2
27270 48940 27770 56900 1 2
27270 60700 27770 68660 0 2
27270 60700 27770 68660 1 2
27270 69100 27770 77060 0 2
27270 69100 27770 77060 1 2
27270 80860 27770 88820 0 2
27270 80860 27770 88820 1 2
27270 92620 27770 100580 0 2
27270 92620 27770 100580 1 2
28130 16180 28630 19100 0 2
28130 16180 28630 19100 1 2
28130 18700 28630 26660 0 2
28130 18700 28630 26660 1 2
28130 27100 28630 30020 0 2
28130 27100 28630 30020 1 2
28130 31300 28630 34220 0 2
28130 31300 28630 34220 1 2
28130 33820 28630 41780 0 2
28130 33820 28630 41780 1 2
28130 42220 28630 45140 0 2
28130 42220 28630 45140 1 2
28130 46420 28630 49340 0 2
28130 46420 28630 49340 1 2
28130 48940 28630 56900 0 2
28130 48940 28630 56900 1 2
28130 58180 28630 61100 0 2
28130 58180 28630 61100 1 2
28130 60700 28630 68660 0 2
28130 60700 28630 68660 1 2
28130 69100 28630 77060 0 2
28130 69100 28630 77060 1 2
28130 76660 28630 79580 0 2
28130 76660 28630 79580 1 2
28130 80860 28630 88820 0 2
28130 80860 28630 88820 1 2
28130 88420 28630 91340 0 2
28130 88420 28630 91340 1 2
28130 92620 28630 100580 0 2
28130 92620 28630 100580 1 2
28990 18700 29490 26660 0 2
28990 18700 29490 26660 1 2
28990 33820 29490 41780 0 2
28990 33820 29490 41780 1 2
28990 48940 29490 56900 0 2
28990 48940 29490 56900 1 2
28990 60700 29490 68660 0 2
28990 60700 29490 68660 1 2
28990 69100 29490 77060 0 2
28990 69100 29490 77060 1 2
28990 80860 29490 88820 0 2
28990 80860 29490 88820 1 2
28990 92620 29490 100580 0 2
28990 92620 29490 100580 1 2
28690 16840 31510 18440 3 2
28690 16840 31510 18440 4 2
28690 16840 31510 18440 2 2
28690 16840 31510 18440 3 2
29820 16620 30380 18660 2 2
29820 16620 30380 18660 3 2
29820 16670 30380 18610 1 2
29820 16670 30380 18610 2 2
29820 16710 30380 18570 2 2
29820 16710 30380 18570 3 2
29820 16760 30380 18520 1 2
29820 16760 30380 18520 2 2
29850 16180 30350 19100 0 2
29850 16180 30350 19100 1 2
29850 18700 30350 26660 0 2
29850 18700 30350 26660 1 2
29850 27100 30350 30020 0 2
29850 27100 30350 30020 1 2
29850 31300 30350 34220 0 2
29850 31300 30350 34220 1 2
29850 33820 30350 41780 0 2
29850 33820 30350 41780 1 2
29850 42220 30350 45140 0 2
29850 42220 30350 45140 1 2
29850 46420 30350 49340 0 2
29850 46420 30350 49340 1 2
29850 48940 30350 56900 0 2
29850 48940 30350 56900 1 2
29850 58180 30350 61100 0 2
29850 58180 30350 61100 1 2
29850 60700 30350 68660 0 2
29850 60700 30350 68660 1 2
29850 69100 30350 77060 0 2
29850 69100 30350 77060 1 2
29850 76660 30350 79580 0 2
29850 76660 30350 79580 1 2
29850 80860 30350 88820 0 2
29850 80860 30350 88820 1 2
29850 88420 30350 91340 0 2
29850 88420 30350 91340 1 2
29850 92620 30350 100580 0 2
29850 92620 30350 100580 1 2
30040 12320 31880 12880 1 2
30040 12320 31880 12880 2 2
30020 12320 31900 12880 0 2
30020 12320 31900 12880 1 2
30680 11580 31240 13620 2 2
30680 11580 31240 13620 3 2
30680 11630 31240 13570 1 2
30680 11630 31240 13570 2 2
30680 11630 31240 13570 2 2
30680 11630 31240 13570 3 2
30680 11680 31240 13520 1 2
30680 11680 31240 13520 2 2
30710 18700 31210 26660 0 2
30710 18700 31210 26660 1 2
30710 33820 31210 41780 0 2
30710 33820 31210 41780 1 2
30710 48940 31210 56900 0 2
30710 48940 31210 56900 1 2
30710 60700 31210 68660 0 2
30710 60700 31210 68660 1 2
30710 69100 31210 77060 0 2
30710 69100 31210 77060 1 2
30710 80860 31210 88820 0 2
30710 80860 31210 88820 1 2
30710 92620 31210 100580 0 2
30710 92620 31210 100580 1 2
30360 12320 59080 12880 1 2
30360 12320 59080 12880 2 2
30340 12320 59100 12880 0 2
30340 12320 59100 12880 1 2
31570 16180 32070 19100 0 2
31570 16180 32070 19100 1 2
31570 18700 32070 26660 0 2
31570 18700 32070 26660 1 2
31570 27100 32070 30020 0 2
31570 27100 32070 30020 1 2
31570 31300 32070 34220 0 2
31570 31300 32070 34220 1 2
31570 33820 32070 41780 0 2
31570 33820 32070 41780 1 2
31570 69100 32070 77060 0 2
31570 69100 32070 77060 1 2
31570 76660 32070 79580 0 2
31570 76660 32070 79580 1 2
31570 80860 32070 88820 0 2
31570 80860 32070 88820 1 2
31570 88420 32070 91340 0 2
31570 88420 32070 91340 1 2
31570 92620 32070 100580 0 2
31570 92620 32070 100580 1 2
32430 18700 32930 26660 0 2
32430 18700 32930 26660 1 2
32430 33820 32930 41780 0 2
32430 33820 32930 41780 1 2
32430 69100 32930 77060 0 2
32430 69100 32930 77060 1 2
32430 80860 32930 88820 0 2
32430 80860 32930 88820 1 2
32430 92620 32930 100580 0 2
32430 92620 32930 100580 1 2
33290 16180 33790 19100 0 2
33290 16180 33790 19100 1 2
33290 18700 33790 26660 0 2
33290 18700 33790 26660 1 2
33290 27100 33790 30020 0 2
33290 27100 33790 30020 1 2
33290 31300 33790 34220 0 2
33290 31300 33790 34220 1 2
33290 33820 33790 41780 0 2
33290 33820 33790 41780 1 2
33290 69100 33790 77060 0 2
33290 69100 33790 77060 1 2
33290 76660 33790 79580 0 2
33290 76660 33790 79580 1 2
33290 80860 33790 88820 0 2
33290 80860 33790 88820 1 2
33290 88420 33790 91340 0 2
33290 88420 33790 91340 1 2
33290 92620 33790 100580 0 2
33290 92620 33790 100580 1 2
33460 43400 43940 43960 1 2
33460 43400 43940 43960 2 2
33440 43400 43960 43960 0 2
33440 43400 43960 43960 1 2
34150 18700 34650 26660 0 2
34150 18700 34650 26660 1 2
34150 33820 34650 41780 0 2
34150 33820 34650 41780 1 2
34150 42220 34650 50180 0 2
34150 42220 34650 50180 1 2
34150 69100 34650 77060 0 2
34150 69100 34650 77060 1 2
34150 80860 34650 88820 0 2
34150 80860 34650 88820 1 2
34150 92620 34650 100580 0 2
34150 92620 34650 100580 1 2
34320 42560 43080 43120 1 2
34320 42560 43080 43120 2 2
34300 42560 43100 43120 0 2
34300 42560 43100 43120 1 2
34320 50960 43080 51520 1 2
34320 50960 43080 51520 2 2
34300 50960 43100 51520 0 2
34300 50960 43100 51520 1 2
34320 55160 43080 55720 1 2
34320 55160 43080 55720 2 2
34300 55160 43100 55720 0 2
34300 55160 43100 55720 1 2
35010 16180 35510 19100 0 2
35010 16180 35510 19100 1 2
35010 18700 35510 26660 0 2
35010 18700 35510 26660 1 2
35010 27100 35510 30020 0 2
35010 27100 35510 30020 1 2
35010 31300 35510 34220 0 2
35010 31300 35510 34220 1 2
35010 33820 35510 41780 0 2
35010 33820 35510 41780 1 2
35010 42220 35510 50180 0 2
35010 42220 35510 50180 1 2
35010 49780 35510 52700 0 2
35010 49780 35510 52700 1 2
35010 53980 35510 56900 0 2
35010 53980 35510 56900 1 2
35010 69100 35510 77060 0 2
35010 69100 35510 77060 1 2
35010 76660 35510 79580 0 2
35010 76660 35510 79580 1 2
35010 80860 35510 88820 0 2
35010 80860 35510 88820 1 2
35010 88420 35510 91340 0 2
35010 88420 35510 91340 1 2
35010 92620 35510 100580 0 2
35010 92620 35510 100580 1 2
35870 18700 36370 26660 0 2
35870 18700 36370 26660 1 2
35870 33820 36370 41780 0 2
35870 33820 36370 41780 1 2
35870 42220 36370 50180 0 2
35870 42220 36370 50180 1 2
35870 69100 36370 77060 0 2
35870 69100 36370 77060 1 2
35870 80860 36370 88820 0 2
35870 80860 36370 88820 1 2
35870 92620 36370 100580 0 2
35870 92620 36370 100580 1 2
35570 34480 38390 36080 3 2
35570 34480 38390 36080 4 2
35570 34480 38390 36080 2 2
35570 34480 38390 36080 3 2
36040 34480 37920 36080 3 2
36040 34480 37920 36080 4 2
36040 34480 37920 36080 2 2
36040 34480 37920 36080 3 2
36060 44240 37900 44800 1 2
36060 44240 37900 44800 2 2
36040 44240 37920 44800 0 2
36040 44240 37920 44800 1 2
36700 34260 37260 36300 2 2
36700 34260 37260 36300 3 2
36700 34310 37260 36250 1 2
36700 34310 37260 36250 2 2
36700 34630 37260 45170 2 2
36700 34630 37260 45170 3 2
36700 34680 37260 45120 1 2
36700 34680 37260 45120 2 2
36700 43550 37260 45490 2 2
36700 43550 37260 45490 3 2
36700 43600 37260 45440 1 2
36700 43600 37260 45440 2 2
36730 16180 37230 19100 0 2
36730 16180 37230 19100 1 2
36730 18700 37230 26660 0 2
36730 18700 37230 26660 1 2
36730 27100 37230 30020 0 2
36730 27100 37230 30020 1 2
36730 31300 37230 34220 0 2
36730 31300 37230 34220 1 2
36730 33820 37230 41780 0 2
36730 33820 37230 41780 1 2
36730 42220 37230 50180 0 2
36730 42220 37230 50180 1 2
36730 49780 37230 52700 0 2
36730 49780 37230 52700 1 2
36730 53980 37230 56900 0 2
36730 53980 37230 56900 1 2
36730 69100 37230 77060 0 2
36730 69100 37230 77060 1 2
36730 76660 37230 79580 0 2
36730 76660 37230 79580 1 2
36730 80860 37230 88820 0 2
36730 80860 37230 88820 1 2
36730 88420 37230 91340 0 2
36730 88420 37230 91340 1 2
36730 92620 37230 100580 0 2
36730 92620 37230 100580 1 2
36380 44240 38440 44800 1 2
36380 44240 38440 44800 2 2
36360 44240 38460 44800 0 2
36360 44240 38460 44800 1 2
36920 44240 38760 44800 1 2
36920 44240 38760 44800 2 2
36900 44240 38780 44800 0 2
36900 44240 38780 44800 1 2
37560 43550 38120 45490 2 2
37560 43550 38120 45490 3 2
37560 43600 38120 45440 1 2
37560 43600 38120 45440 2 2
37560 43590 38120 45450 2 2
37560 43590 38120 45450 3 2
37560 43640 38120 45400 1 2
37560 43640 38120 45400 2 2
37590 18700 38090 26660 0 2
37590 18700 38090 26660 1 2
37590 33820 38090 41780 0 2
37590 33820 38090 41780 1 2
37590 42220 38090 50180 0 2
37590 42220 38090 50180 1 2
37590 69100 38090 77060 0 2
37590 69100 38090 77060 1 2
37590 80860 38090 88820 0 2
37590 80860 38090 88820 1 2
37590 92620 38090 100580 0 2
37590 92620 38090 100580 1 2
37780 40880 39620 41440 1 2
37780 40880 39620 41440 2 2
37760 40880 39640 41440 0 2
37760 40880 39640 41440 1 2
38420 40190 38980 42130 2 2
38420 40190 38980 42130 3 2
38420 40240 38980 42080 1 2
38420 40240 38980 42080 2 2
38420 40510 38980 43490 2 2
38420 40510 38980 43490 3 2
38420 40560 38980 43440 1 2
38420 40560 38980 43440 2 2
38420 41870 38980 52210 2 2
38420 41870 38980 52210 3 2
38420 41920 38980 52160 1 2
38420 41920 38980 52160 2 2
38450 16180 38950 19100 0 2
38450 16180 38950 19100 1 2
38450 18700 38950 26660 0 2
38450 18700 38950 26660 1 2
38450 27100 38950 30020 0 2
38450 27100 38950 30020 1 2
38450 31300 38950 34220 0 2
38450 31300 38950 34220 1 2
38450 33820 38950 41780 0 2
38450 33820 38950 41780 1 2
38450 42220 38950 50180 0 2
38450 42220 38950 50180 1 2
38450 49780 38950 52700 0 2
38450 49780 38950 52700 1 2
38450 53980 38950 56900 0 2
38450 53980 38950 56900 1 2
38450 69100 38950 77060 0 2
38450 69100 38950 77060 1 2
38450 76660 38950 79580 0 2
38450 76660 38950 79580 1 2
38450 80860 38950 88820 0 2
38450 80860 38950 88820 1 2
38450 88420 38950 91340 0 2
38450 88420 38950 91340 1 2
38450 92620 38950 100580 0 2
38450 92620 38950 100580 1 2
39310 18700 39810 26660 0 2
39310 18700 39810 26660 1 2
39310 33820 39810 41780 0 2
39310 33820 39810 41780 1 2
39310 42220 39810 50180 0 2
39310 42220 39810 50180 1 2
39310 69100 39810 77060 0 2
39310 69100 39810 77060 1 2
39310 80860 39810 88820 0 2
39310 80860 39810 88820 1 2
39310 92620 39810 100580 0 2
39310 92620 39810 100580 1 2
40170 16180 40670 19100 0 2
40170 16180 40670 19100 1 2
40170 18700 40670 26660 0 2
40170 18700 40670 26660 1 2
40170 27100 40670 30020 0 2
40170 27100 40670 30020 1 2
40170 31300 40670 34220 0 2
40170 31300 40670 34220 1 2
40170 33820 40670 41780 0 2
40170 33820 40670 41780 1 2
40170 42220 40670 50180 0 2
40170 42220 40670 50180 1 2
40170 49780 40670 52700 0 2
40170 49780 40670 52700 1 2
40170 53980 40670 56900 0 2
40170 53980 40670 56900 1 2
40170 69100 40670 77060 0 2
40170 69100 40670 77060 1 2
40170 76660 40670 79580 0 2
40170 76660 40670 79580 1 2
40170 80860 40670 88820 0 2
40170 80860 40670 88820 1 2
40170 88420 40670 91340 0 2
40170 88420 40670 91340 1 2
40170 92620 40670 100580 0 2
40170 92620 40670 100580 1 2
41030 18700 41530 26660 0 2
41030 18700 41530 26660 1 2
41030 33820 41530 41780 0 2
41030 33820 41530 41780 1 2
41030 42220 41530 50180 0 2
41030 42220 41530 50180 1 2
41030 69100 41530 77060 0 2
41030 69100 41530 77060 1 2
41030 80860 41530 88820 0 2
41030 80860 41530 88820 1 2
41030 92620 41530 100580 0 2
41030 92620 41530 100580 1 2
41890 16180 42390 19100 0 2
41890 16180 42390 19100 1 2
41890 18700 42390 26660 0 2
41890 18700 42390 26660 1 2
41890 27100 42390 30020 0 2
41890 27100 42390 30020 1 2
41890 31300 42390 34220 0 2
41890 31300 42390 34220 1 2
41890 33820 42390 41780 0 2
41890 33820 42390 41780 1 2
41890 42220 42390 50180 0 2
41890 42220 42390 50180 1 2
41890 49780 42390 52700 0 2
41890 49780 42390 52700 1 2
41890 53980 42390 56900 0 2
41890 53980 42390 56900 1 2
41890 69100 42390 77060 0 2
41890 69100 42390 77060 1 2
41890 76660 42390 79580 0 2
41890 76660 42390 79580 1 2
41890 80860 42390 88820 0 2
41890 80860 42390 88820 1 2
41890 88420 42390 91340 0 2
41890 88420 42390 91340 1 2
41890 92620 42390 100580 0 2
41890 92620 42390 100580 1 2
42750 18700 43250 26660 0 2
42750 18700 43250 26660 1 2
42750 33820 43250 41780 0 2
42750 33820 43250 41780 1 2
42750 42220 43250 50180 0 2
42750 42220 43250 50180 1 2
42750 69100 43250 77060 0 2
42750 69100 43250 77060 1 2
42750 80860 43250 88820 0 2
42750 80860 43250 88820 1 2
42750 92620 43250 100580 0 2
42750 92620 43250 100580 1 2
42400 40040 47040 40600 1 2
42400 40040 47040 40600 2 2
42380 40040 47060 40600 0 2
42380 40040 47060 40600 1 2
45500 13160 71460 13720 1 2
45500 13160 71460 13720 2 2
45480 13160 71480 13720 0 2
45480 13160 71480 13720 1 2
45500 24920 71460 25480 1 2
45500 24920 71460 25480 2 2
45480 24920 71480 25480 0 2
45480 24920 71480 25480 1 2
45500 40040 71460 40600 1 2
45500 40040 71460 40600 2 2
45480 40040 71480 40600 0 2
45480 40040 71480 40600 1 2
45500 43400 55980 43960 1 2
45500 43400 55980 43960 2 2
45480 43400 56000 43960 0 2
45480 43400 56000 43960 1 2
45500 70280 88660 70840 1 2
45500 70280 88660 70840 2 2
45480 70280 88680 70840 0 2
45480 70280 88680 70840 1 2
45500 82040 88660 82600 1 2
45500 82040 88660 82600 2 2
45480 82040 88680 82600 0 2
45480 82040 88680 82600 1 2
45500 93800 88660 94360 1 2
45500 93800 88660 94360 2 2
45480 93800 88680 94360 0 2
45480 93800 88680 94360 1 2
46190 18700 46690 26660 0 2
46190 18700 46690 26660 1 2
46190 33820 46690 41780 0 2
46190 33820 46690 41780 1 2
46190 42220 46690 50180 0 2
46190 42220 46690 50180 1 2
46190 69100 46690 77060 0 2
46190 69100 46690 77060 1 2
46190 80860 46690 88820 0 2
46190 80860 46690 88820 1 2
46190 92620 46690 100580 0 2
46190 92620 46690 100580 1 2
45890 16840 48710 18440 3 2
45890 16840 48710 18440 4 2
45890 16840 48710 18440 2 2
45890 16840 48710 18440 3 2
46360 14000 70600 14560 1 2
46360 14000 70600 14560 2 2
46340 14000 70620 14560 0 2
46340 14000 70620 14560 1 2
46360 17360 70600 17920 1 2
46360 17360 70600 17920 2 2
46340 17360 70620 17920 0 2
46340 17360 70620 17920 1 2
46360 25760 70600 26320 1 2
46360 25760 70600 26320 2 2
46340 25760 70620 26320 0 2
46340 25760 70620 26320 1 2
46360 28280 70600 28840 1 2
46360 28280 70600 28840 2 2
46340 28280 70620 28840 0 2
46340 28280 70620 28840 1 2
46360 32480 70600 33040 1 2
46360 32480 70600 33040 2 2
46340 32480 70620 33040 0 2
46340 32480 70620 33040 1 2
46360 40880 70600 41440 1 2
46360 40880 70600 41440 2 2
46340 40880 70620 41440 0 2
46340 40880 70620 41440 1 2
46360 42560 55120 43120 1 2
46360 42560 55120 43120 2 2
46340 42560 55140 43120 0 2
46340 42560 55140 43120 1 2
46360 50960 55120 51520 1 2
46360 50960 55120 51520 2 2
46340 50960 55140 51520 0 2
46340 50960 55140 51520 1 2
46360 55160 55120 55720 1 2
46360 55160 55120 55720 2 2
46340 55160 55140 55720 0 2
46340 55160 55140 55720 1 2
46360 69440 87800 70000 1 2
46360 69440 87800 70000 2 2
46340 69440 87820 70000 0 2
46340 69440 87820 70000 1 2
46360 77840 87800 78400 1 2
46360 77840 87800 78400 2 2
46340 77840 87820 78400 0 2
46340 77840 87820 78400 1 2
46360 81200 87800 81760 1 2
46360 81200 87800 81760 2 2
46340 81200 87820 81760 0 2
46340 81200 87820 81760 1 2
46360 89600 87800 90160 1 2
46360 89600 87800 90160 2 2
46340 89600 87820 90160 0 2
46340 89600 87820 90160 1 2
46360 92960 87800 93520 1 2
46360 92960 87800 93520 2 2
46340 92960 87820 93520 0 2
46340 92960 87820 93520 1 2
46380 28280 48220 28840 1 2
46380 28280 48220 28840 2 2
46360 28280 48240 28840 0 2
46360 28280 48240 28840 1 2
47020 16620 47580 18660 2 2
47020 16620 47580 18660 3 2
47020 16670 47580 18610 1 2
47020 16670 47580 18610 2 2
47020 16990 47580 29210 2 2
47020 16990 47580 29210 3 2
47020 17040 47580 29160 1 2
47020 17040 47580 29160 2 2
47020 27590 47580 29530 2 2
47020 27590 47580 29530 3 2
47020 27640 47580 29480 1 2
47020 27640 47580 29480 2 2
46420 28280 48180 28840 1 2
46420 28280 48180 28840 2 2
46400 28280 48200 28840 0 2
46400 28280 48200 28840 1 2
47050 16180 47550 19100 0 2
47050 16180 47550 19100 1 2
47050 18700 47550 26660 0 2
47050 18700 47550 26660 1 2
47050 27100 47550 30020 0 2
47050 27100 47550 30020 1 2
47050 31300 47550 34220 0 2
47050 31300 47550 34220 1 2
47050 33820 47550 41780 0 2
47050 33820 47550 41780 1 2
47050 42220 47550 50180 0 2
47050 42220 47550 50180 1 2
47050 49780 47550 52700 0 2
47050 49780 47550 52700 1 2
47050 53980 47550 56900 0 2
47050 53980 47550 56900 1 2
47050 69100 47550 77060 0 2
47050 69100 47550 77060 1 2
47050 76660 47550 79580 0 2
47050 76660 47550 79580 1 2
47050 80860 47550 88820 0 2
47050 80860 47550 88820 1 2
47050 88420 47550 91340 0 2
47050 88420 47550 91340 1 2
47050 92620 47550 100580 0 2
47050 92620 47550 100580 1 2
47910 18700 48410 26660 0 2
47910 18700 48410 26660 1 2
47910 33820 48410 41780 0 2
47910 33820 48410 41780 1 2
47910 42220 48410 50180 0 2
47910 42220 48410 50180 1 2
47910 69100 48410 77060 0 2
47910 69100 48410 77060 1 2
47910 80860 48410 88820 0 2
47910 80860 48410 88820 1 2
47910 92620 48410 100580 0 2
47910 92620 48410 100580 1 2
48770 16180 49270 19100 0 2
48770 16180 49270 19100 1 2
48770 18700 49270 26660 0 2
48770 18700 49270 26660 1 2
48770 27100 49270 30020 0 2
48770 27100 49270 30020 1 2
48770 31300 49270 34220 0 2
48770 31300 49270 34220 1 2
48770 33820 49270 41780 0 2
48770 33820 49270 41780 1 2
48770 42220 49270 50180 0 2
48770 42220 49270 50180 1 2
48770 49780 49270 52700 0 2
48770 49780 49270 52700 1 2
48770 53980 49270 56900 0 2
48770 53980 49270 56900 1 2
48770 69100 49270 77060 0 2
48770 69100 49270 77060 1 2
48770 76660 49270 79580 0 2
48770 76660 49270 79580 1 2
48770 80860 49270 88820 0 2
48770 80860 49270 88820 1 2
48770 88420 49270 91340 0 2
48770 88420 49270 91340 1 2
48770 92620 49270 100580 0 2
48770 92620 49270 100580 1 2
49630 18700 50130 26660 0 2
49630 18700 50130 26660 1 2
49630 33820 50130 41780 0 2
49630 33820 50130 41780 1 2
49630 42220 50130 50180 0 2
49630 42220 50130 50180 1 2
49630 69100 50130 77060 0 2
49630 69100 50130 77060 1 2
49630 80860 50130 88820 0 2
49630 80860 50130 88820 1 2
49630 92620 50130 100580 0 2
49630 92620 50130 100580 1 2
49820 40880 51660 41440 1 2
49820 40880 51660 41440 2 2
49800 40880 51680 41440 0 2
49800 40880 51680 41440 1 2
50460 40190 51020 42130 2 2
50460 40190 51020 42130 3 2
50460 40240 51020 42080 1 2
50460 40240 51020 42080 2 2
50460 40510 51020 43490 2 2
50460 40510 51020 43490 3 2
50460 40560 51020 43440 1 2
50460 40560 51020 43440 2 2
50460 41870 51020 52210 2 2
50460 41870 51020 52210 3 2
50460 41920 51020 52160 1 2
50460 41920 51020 52160 2 2
50490 16180 50990 19100 0 2
50490 16180 50990 19100 1 2
50490 18700 50990 26660 0 2
50490 18700 50990 26660 1 2
50490 27100 50990 30020 0 2
50490 27100 50990 30020 1 2
50490 31300 50990 34220 0 2
50490 31300 50990 34220 1 2
50490 33820 50990 41780 0 2
50490 33820 50990 41780 1 2
50490 42220 50990 50180 0 2
50490 42220 50990 50180 1 2
50490 49780 50990 52700 0 2
50490 49780 50990 52700 1 2
50490 53980 50990 56900 0 2
50490 53980 50990 56900 1 2
50490 69100 50990 77060 0 2
50490 69100 50990 77060 1 2
50490 76660 50990 79580 0 2
50490 76660 50990 79580 1 2
50490 80860 50990 88820 0 2
50490 80860 50990 88820 1 2
50490 88420 50990 91340 0 2
50490 88420 50990 91340 1 2
50490 92620 50990 100580 0 2
50490 92620 50990 100580 1 2
50680 44240 52520 44800 1 2
50680 44240 52520 44800 2 2
50660 44240 52540 44800 0 2
50660 44240 52540 44800 1 2
51320 43550 51880 45490 2 2
51320 43550 51880 45490 3 2
51320 43600 51880 45440 1 2
51320 43600 51880 45440 2 2
51320 43590 51880 45450 2 2
51320 43590 51880 45450 3 2
51320 43640 51880 45400 1 2
51320 43640 51880 45400 2 2
51350 18700 51850 26660 0 2
51350 18700 51850 26660 1 2
51350 33820 51850 41780 0 2
51350 33820 51850 41780 1 2
51350 42220 51850 50180 0 2
51350 42220 51850 50180 1 2
51350 69100 51850 77060 0 2
51350 69100 51850 77060 1 2
51350 80860 51850 88820 0 2
51350 80860 51850 88820 1 2
51350 92620 51850 100580 0 2
51350 92620 51850 100580 1 2
51000 44240 53060 44800 1 2
51000 44240 53060 44800 2 2
50980 44240 53080 44800 0 2
50980 44240 53080 44800 1 2
51050 34480 53870 36080 3 2
51050 34480 53870 36080 4 2
51050 34480 53870 36080 2 2
51050 34480 53870 36080 3 2
51520 34480 53400 36080 3 2
51520 34480 53400 36080 4 2
51520 34480 53400 36080 2 2
51520 34480 53400 36080 3 2
51540 44240 53380 44800 1 2
51540 44240 53380 44800 2 2
51520 44240 53400 44800 0 2
51520 44240 53400 44800 1 2
52180 34260 52740 36300 2 2
52180 34260 52740 36300 3 2
52180 34310 52740 36250 1 2
52180 34310 52740 36250 2 2
52180 34630 52740 45170 2 2
52180 34630 52740 45170 3 2
52180 34680 52740 45120 1 2
52180 34680 52740 45120 2 2
52180 43550 52740 45490 2 2
52180 43550 52740 45490 3 2
52180 43600 52740 45440 1 2
52180 43600 52740 45440 2 2
52210 16180 52710 19100 0 2
52210 16180 52710 19100 1 2
52210 18700 52710 26660 0 2
52210 18700 52710 26660 1 2
52210 27100 52710 30020 0 2
52210 27100 52710 30020 1 2
52210 31300 52710 34220 0 2
52210 31300 52710 34220 1 2
52210 33820 52710 41780 0 2
52210 33820 52710 41780 1 2
52210 42220 52710 50180 0 2
52210 42220 52710 50180 1 2
52210 49780 52710 52700 0 2
52210 49780 52710 52700 1 2
52210 53980 52710 56900 0 2
52210 53980 52710 56900 1 2
52210 69100 52710 77060 0 2
52210 69100 52710 77060 1 2
52210 76660 52710 79580 0 2
52210 76660 52710 79580 1 2
52210 80860 52710 88820 0 2
52210 80860 52710 88820 1 2
52210 88420 52710 91340 0 2
52210 88420 52710 91340 1 2
52210 92620 52710 100580 0 2
52210 92620 52710 100580 1 2
53070 18700 53570 26660 0 2
53070 18700 53570 26660 1 2
53070 33820 53570 41780 0 2
53070 33820 53570 41780 1 2
53070 42220 53570 50180 0 2
53070 42220 53570 50180 1 2
53070 69100 53570 77060 0 2
53070 69100 53570 77060 1 2
53070 80860 53570 88820 0 2
53070 80860 53570 88820 1 2
53070 92620 53570 100580 0 2
53070 92620 53570 100580 1 2
53930 16180 54430 19100 0 2
53930 16180 54430 19100 1 2
53930 18700 54430 26660 0 2
53930 18700 54430 26660 1 2
53930 27100 54430 30020 0 2
53930 27100 54430 30020 1 2
53930 31300 54430 34220 0 2
53930 31300 54430 34220 1 2
53930 33820 54430 41780 0 2
53930 33820 54430 41780 1 2
53930 42220 54430 50180 0 2
53930 42220 54430 50180 1 2
53930 49780 54430 52700 0 2
53930 49780 54430 52700 1 2
53930 53980 54430 56900 0 2
53930 53980 54430 56900 1 2
53930 69100 54430 77060 0 2
53930 69100 54430 77060 1 2
53930 76660 54430 79580 0 2
53930 76660 54430 79580 1 2
53930 80860 54430 88820 0 2
53930 80860 54430 88820 1 2
53930 88420 54430 91340 0 2
53930 88420 54430 91340 1 2
53930 92620 54430 100580 0 2
53930 92620 54430 100580 1 2
54790 18700 55290 26660 0 2
54790 18700 55290 26660 1 2
54790 33820 55290 41780 0 2
54790 33820 55290 41780 1 2
54790 42220 55290 50180 0 2
54790 42220 55290 50180 1 2
54790 69100 55290 77060 0 2
54790 69100 55290 77060 1 2
54790 80860 55290 88820 0 2
54790 80860 55290 88820 1 2
54790 92620 55290 100580 0 2
54790 92620 55290 100580 1 2
55650 16180 56150 19100 0 2
55650 16180 56150 19100 1 2
55650 18700 56150 26660 0 2
55650 18700 56150 26660 1 2
55650 27100 56150 30020 0 2
55650 27100 56150 30020 1 2
55650 31300 56150 34220 0 2
55650 31300 56150 34220 1 2
55650 33820 56150 41780 0 2
55650 33820 56150 41780 1 2
55650 69100 56150 77060 0 2
55650 69100 56150 77060 1 2
55650 76660 56150 79580 0 2
55650 76660 56150 79580 1 2
55650 80860 56150 88820 0 2
55650 80860 56150 88820 1 2
55650 88420 56150 91340 0 2
55650 88420 56150 91340 1 2
55650 92620 56150 100580 0 2
55650 92620 56150 100580 1 2
56510 18700 57010 26660 0 2
56510 18700 57010 26660 1 2
56510 33820 57010 41780 0 2
56510 33820 57010 41780 1 2
56510 69100 57010 77060 0 2
56510 69100 57010 77060 1 2
56510 80860 57010 88820 0 2
56510 80860 57010 88820 1 2
56510 92620 57010 100580 0 2
56510 92620 57010 100580 1 2
56700 40040 58540 40600 1 2
56700 40040 58540 40600 2 2
56680 40040 58560 40600 0 2
56680 40040 58560 40600 1 2
57340 13310 57900 27010 2 2
57340 13310 57900 27010 3 2
57340 13360 57900 26960 1 2
57340 13360 57900 26960 2 2
57340 25390 57900 40970 2 2
57340 25390 57900 40970 3 2
57340 25440 57900 40920 1 2
57340 25440 57900 40920 2 2
57340 39350 57900 41290 2 2
57340 39350 57900 41290 3 2
57340 39400 57900 41240 1 2
57340 39400 57900 41240 2 2
57370 16180 57870 19100 0 2
57370 16180 57870 19100 1 2
57370 18700 57870 26660 0 2
57370 18700 57870 26660 1 2
57370 27100 57870 30020 0 2
57370 27100 57870 30020 1 2
57370 31300 57870 34220 0 2
57370 31300 57870 34220 1 2
57370 33820 57870 41780 0 2
57370 33820 57870 41780 1 2
57370 69100 57870 77060 0 2
57370 69100 57870 77060 1 2
57370 76660 57870 79580 0 2
57370 76660 57870 79580 1 2
57370 80860 57870 88820 0 2
57370 80860 57870 88820 1 2
57370 88420 57870 91340 0 2
57370 88420 57870 91340 1 2
57370 92620 57870 100580 0 2
57370 92620 57870 100580 1 2
57540 55160 85220 55720 1 2
57540 55160 85220 55720 2 2
57520 55160 85240 55720 0 2
57520 55160 85240 55720 1 2
57540 66920 85220 67480 1 2
57540 66920 85220 67480 2 2
57520 66920 85240 67480 0 2
57520 66920 85240 67480 1 2
57560 12320 59400 12880 1 2
57560 12320 59400 12880 2 2
57540 12320 59420 12880 0 2
57540 12320 59420 12880 1 2
58200 11580 58760 13620 2 2
58200 11580 58760 13620 3 2
58200 11630 58760 13570 1 2
58200 11630 58760 13570 2 2
58200 11630 58760 13570 2 2
58200 11630 58760 13570 3 2
58200 11680 58760 13520 1 2
58200 11680 58760 13520 2 2
58230 18700 58730 26660 0 2
58230 18700 58730 26660 1 2
58230 33820 58730 41780 0 2
58230 33820 58730 41780 1 2
58230 48940 58730 56900 0 2
58230 48940 58730 56900 1 2
58230 60700 58730 68660 0 2
58230 60700 58730 68660 1 2
58230 69100 58730 77060 0 2
58230 69100 58730 77060 1 2
58230 80860 58730 88820 0 2
58230 80860 58730 88820 1 2
58230 92620 58730 100580 0 2
58230 92620 58730 100580 1 2
57930 16840 60750 18440 3 2
57930 16840 60750 18440 4 2
57930 16840 60750 18440 2 2
57930 16840 60750 18440 3 2
58400 43400 84360 43960 1 2
58400 43400 84360 43960 2 2
58380 43400 84380 43960 0 2
58380 43400 84380 43960 1 2
58400 47600 84360 48160 1 2
58400 47600 84360 48160 2 2
58380 47600 84380 48160 0 2
58380 47600 84380 48160 1 2
58400 56000 84360 56560 1 2
58400 56000 84360 56560 2 2
58380 56000 84380 56560 0 2
58380 56000 84380 56560 1 2
58400 59360 84360 59920 1 2
58400 59360 84360 59920 2 2
58380 59360 84380 59920 0 2
58380 59360 84380 59920 1 2
58400 67760 84360 68320 1 2
58400 67760 84360 68320 2 2
58380 67760 84380 68320 0 2
58380 67760 84380 68320 1 2
59060 16620 59620 18660 2 2
59060 16620 59620 18660 3 2
59060 16670 59620 18610 1 2
59060 16670 59620 18610 2 2
59060 16710 59620 18570 2 2
59060 16710 59620 18570 3 2
59060 16760 59620 18520 1 2
59060 16760 59620 18520 2 2
59090 16180 59590 19100 0 2
59090 16180 59590 19100 1 2
59090 18700 59590 26660 0 2
59090 18700 59590 26660 1 2
59090 27100 59590 30020 0 2
59090 27100 59590 30020 1 2
59090 31300 59590 34220 0 2
59090 31300 59590 34220 1 2
59090 33820 59590 41780 0 2
59090 33820 59590 41780 1 2
59090 42220 59590 45140 0 2
59090 42220 59590 45140 1 2
59090 46420 59590 49340 0 2
59090 46420 59590 49340 1 2
59090 48940 59590 56900 0 2
59090 48940 59590 56900 1 2
59090 58180 59590 61100 0 2
59090 58180 59590 61100 1 2
59090 60700 59590 68660 0 2
59090 60700 59590 68660 1 2
59090 69100 59590 77060 0 2
59090 69100 59590 77060 1 2
59090 76660 59590 79580 0 2
59090 76660 59590 79580 1 2
59090 80860 59590 88820 0 2
59090 80860 59590 88820 1 2
59090 88420 59590 91340 0 2
59090 88420 59590 91340 1 2
59090 92620 59590 100580 0 2
59090 92620 59590 100580 1 2
59950 18700 60450 26660 0 2
59950 18700 60450 26660 1 2
59950 33820 60450 41780 0 2
59950 33820 60450 41780 1 2
59950 48940 60450 56900 0 2
59950 48940 60450 56900 1 2
59950 60700 60450 68660 0 2
59950 60700 60450 68660 1 2
59950 69100 60450 77060 0 2
59950 69100 60450 77060 1 2
59950 80860 60450 88820 0 2
59950 80860 60450 88820 1 2
59950 92620 60450 100580 0 2
59950 92620 60450 100580 1 2
60810 16180 61310 19100 0 2
60810 16180 61310 19100 1 2
60810 18700 61310 26660 0 2
60810 18700 61310 26660 1 2
60810 27100 61310 30020 0 2
60810 27100 61310 30020 1 2
60810 31300 61310 34220 0 2
60810 31300 61310 34220 1 2
60810 33820 61310 41780 0 2
60810 33820 61310 41780 1 2
60810 42220 61310 45140 0 2
60810 42220 61310 45140 1 2
60810 46420 61310 49340 0 2
60810 46420 61310 49340 1 2
60810 48940 61310 56900 0 2
60810 48940 61310 56900 1 2
60810 58180 61310 61100 0 2
60810 58180 61310 61100 1 2
60810 60700 61310 68660 0 2
60810 60700 61310 68660 1 2
60810 69100 61310 77060 0 2
60810 69100 61310 77060 1 2
60810 76660 61310 79580 0 2
60810 76660 61310 79580 1 2
60810 80860 61310 88820 0 2
60810 80860 61310 88820 1 2
60810 88420 61310 91340 0 2
60810 88420 61310 91340 1 2
60810 92620 61310 100580 0 2
60810 92620 61310 100580 1 2
61670 18700 62170 26660 0 2
61670 18700 62170 26660 1 2
61670 33820 62170 41780 0 2
61670 33820 62170 41780 1 2
61670 48940 62170 56900 0 2
61670 48940 62170 56900 1 2
61670 60700 62170 68660 0 2
61670 60700 62170 68660 1 2
61670 69100 62170 77060 0 2
61670 69100 62170 77060 1 2
61670 80860 62170 88820 0 2
61670 80860 62170 88820 1 2
61670 92620 62170 100580 0 2
61670 92620 62170 100580 1 2
62530 16180 63030 19100 0 2
62530 16180 63030 19100 1 2
62530 18700 63030 26660 0 2
62530 18700 63030 26660 1 2
62530 27100 63030 30020 0 2
62530 27100 63030 30020 1 2
62530 31300 63030 34220 0 2
62530 31300 63030 34220 1 2
62530 33820 63030 41780 0 2
62530 33820 63030 41780 1 2
62530 42220 63030 45140 0 2
62530 42220 63030 45140 1 2
62530 46420 63030 49340 0 2
62530 46420 63030 49340 1 2
62530 48940 63030 56900 0 2
62530 48940 63030 56900 1 2
62530 58180 63030 61100 0 2
62530 58180 63030 61100 1 2
62530 60700 63030 68660 0 2
62530 60700 63030 68660 1 2
62530 69100 63030 77060 0 2
62530 69100 63030 77060 1 2
62530 76660 63030 79580 0 2
62530 76660 63030 79580 1 2
62530 80860 63030 88820 0 2
62530 80860 63030 88820 1 2
62530 88420 63030 91340 0 2
62530 88420 63030 91340 1 2
62530 92620 63030 100580 0 2
62530 92620 63030 100580 1 2
63390 18700 63890 26660 0 2
63390 18700 63890 26660 1 2
63390 33820 63890 41780 0 2
63390 33820 63890 41780 1 2
63390 48940 63890 56900 0 2
63390 48940 63890 56900 1 2
63390 60700 63890 68660 0 2
63390 60700 63890 68660 1 2
63390 69100 63890 77060 0 2
63390 69100 63890 77060 1 2
63390 80860 63890 88820 0 2
63390 80860 63890 88820 1 2
63390 92620 63890 100580 0 2
63390 92620 63890 100580 1 2
64250 16180 64750 19100 0 2
64250 16180 64750 19100 1 2
64250 18700 64750 26660 0 2
64250 18700 64750 26660 1 2
64250 27100 64750 30020 0 2
64250 27100 64750 30020 1 2
64250 31300 64750 34220 0 2
64250 31300 64750 34220 1 2
64250 33820 64750 41780 0 2
64250 33820 64750 41780 1 2
64250 42220 64750 45140 0 2
64250 42220 64750 45140 1 2
64250 46420 64750 49340 0 2
64250 46420 64750 49340 1 2
64250 48940 64750 56900 0 2
64250 48940 64750 56900 1 2
64250 58180 64750 61100 0 2
64250 58180 64750 61100 1 2
64250 60700 64750 68660 0 2
64250 60700 64750 68660 1 2
64250 69100 64750 77060 0 2
64250 69100 64750 77060 1 2
64250 76660 64750 79580 0 2
64250 76660 64750 79580 1 2
64250 80860 64750 88820 0 2
64250 80860 64750 88820 1 2
64250 88420 64750 91340 0 2
64250 88420 64750 91340 1 2
64250 92620 64750 100580 0 2
64250 92620 64750 100580 1 2
65110 18700 65610 26660 0 2
65110 18700 65610 26660 1 2
65110 33820 65610 41780 0 2
65110 33820 65610 41780 1 2
65110 48940 65610 56900 0 2
65110 48940 65610 56900 1 2
65110 60700 65610 68660 0 2
65110 60700 65610 68660 1 2
65110 69100 65610 77060 0 2
65110 69100 65610 77060 1 2
65110 80860 65610 88820 0 2
65110 80860 65610 88820 1 2
65110 92620 65610 100580 0 2
65110 92620 65610 100580 1 2
64810 87400 67630 89000 3 2
64810 87400 67630 89000 4 2
64810 87400 67630 89000 2 2
64810 87400 67630 89000 3 2
65940 69590 66500 118570 2 2
65940 69590 66500 118570 3 2
65940 69640 66500 118520 1 2
65940 69640 66500 118520 2 2
65940 87180 66500 89220 2 2
65940 87180 66500 89220 3 2
65940 87230 66500 89170 1 2
65940 87230 66500 89170 2 2
65940 87270 66500 89130 2 2
65940 87270 66500 89130 3 2
65940 87320 66500 89080 1 2
65940 87320 66500 89080 2 2
65970 16180 66470 19100 0 2
65970 16180 66470 19100 1 2
65970 18700 66470 26660 0 2
65970 18700 66470 26660 1 2
65970 27100 66470 30020 0 2
65970 27100 66470 30020 1 2
65970 31300 66470 34220 0 2
65970 31300 66470 34220 1 2
65970 33820 66470 41780 0 2
65970 33820 66470 41780 1 2
65970 42220 66470 45140 0 2
65970 42220 66470 45140 1 2
65970 46420 66470 49340 0 2
65970 46420 66470 49340 1 2
65970 48940 66470 56900 0 2
65970 48940 66470 56900 1 2
65970 58180 66470 61100 0 2
65970 58180 66470 61100 1 2
65970 60700 66470 68660 0 2
65970 60700 66470 68660 1 2
65970 69100 66470 77060 0 2
65970 69100 66470 77060 1 2
65970 76660 66470 79580 0 2
65970 76660 66470 79580 1 2
65970 80860 66470 88820 0 2
65970 80860 66470 88820 1 2
65970 88420 66470 91340 0 2
65970 88420 66470 91340 1 2
65970 92620 66470 100580 0 2
65970 92620 66470 100580 1 2
66160 82880 68000 83440 1 2
66160 82880 68000 83440 2 2
66140 82880 68020 83440 0 2
66140 82880 68020 83440 1 2
66800 77150 67360 114370 2 2
66800 77150 67360 114370 3 2
66800 77200 67360 114320 1 2
66800 77200 67360 114320 2 2
66800 82140 67360 84180 2 2
66800 82140 67360 84180 3 2
66800 82190 67360 84130 1 2
66800 82190 67360 84130 2 2
66800 82190 67360 84130 2 2
66800 82190 67360 84130 3 2
66800 82240 67360 84080 1 2
66800 82240 67360 84080 2 2
66830 18700 67330 26660 0 2
66830 18700 67330 26660 1 2
66830 33820 67330 41780 0 2
66830 33820 67330 41780 1 2
66830 48940 67330 56900 0 2
66830 48940 67330 56900 1 2
66830 60700 67330 68660 0 2
66830 60700 67330 68660 1 2
66830 69100 67330 77060 0 2
66830 69100 67330 77060 1 2
66830 80860 67330 88820 0 2
66830 80860 67330 88820 1 2
66830 92620 67330 100580 0 2
66830 92620 67330 100580 1 2
67020 68600 68860 69160 1 2
67020 68600 68860 69160 2 2
67000 68600 68880 69160 0 2
67000 68600 68880 69160 1 2
67660 67910 68220 69850 2 2
67660 67910 68220 69850 3 2
67660 67960 68220 69800 1 2
67660 67960 68220 69800 2 2
67660 68230 68220 70370 2 2
67660 68230 68220 70370 3 2
67660 68280 68220 70320 1 2
67660 68280 68220 70320 2 2
67660 68750 68220 105970 2 2
67660 68750 68220 105970 3 2
67660 68800 68220 105920 1 2
67660 68800 68220 105920 2 2
67690 16180 68190 19100 0 2
67690 16180 68190 19100 1 2
67690 18700 68190 26660 0 2
67690 18700 68190 26660 1 2
67690 27100 68190 30020 0 2
67690 27100 68190 30020 1 2
67690 31300 68190 34220 0 2
67690 31300 68190 34220 1 2
67690 33820 68190 41780 0 2
67690 33820 68190 41780 1 2
67690 42220 68190 45140 0 2
67690 42220 68190 45140 1 2
67690 46420 68190 49340 0 2
67690 46420 68190 49340 1 2
67690 48940 68190 56900 0 2
67690 48940 68190 56900 1 2
67690 58180 68190 61100 0 2
67690 58180 68190 61100 1 2
67690 60700 68190 68660 0 2
67690 60700 68190 68660 1 2
67690 69100 68190 77060 0 2
67690 69100 68190 77060 1 2
67690 76660 68190 79580 0 2
67690 76660 68190 79580 1 2
67690 80860 68190 88820 0 2
67690 80860 68190 88820 1 2
67690 88420 68190 91340 0 2
67690 88420 68190 91340 1 2
67690 92620 68190 100580 0 2
67690 92620 68190 100580 1 2
67340 68600 71120 69160 1 2
67340 68600 71120 69160 2 2
67320 68600 71140 69160 0 2
67320 68600 71140 69160 1 2
68550 18700 69050 26660 0 2
68550 18700 69050 26660 1 2
68550 33820 69050 41780 0 2
68550 33820 69050 41780 1 2
68550 48940 69050 56900 0 2
68550 48940 69050 56900 1 2
68550 60700 69050 68660 0 2
68550 60700 69050 68660 1 2
68550 69100 69050 77060 0 2
68550 69100 69050 77060 1 2
68550 80860 69050 88820 0 2
68550 80860 69050 88820 1 2
68550 92620 69050 100580 0 2
68550 92620 69050 100580 1 2
69410 16180 69910 19100 0 2
69410 16180 69910 19100 1 2
69410 18700 69910 26660 0 2
69410 18700 69910 26660 1 2
69410 27100 69910 30020 0 2
69410 27100 69910 30020 1 2
69410 31300 69910 34220 0 2
69410 31300 69910 34220 1 2
69410 33820 69910 41780 0 2
69410 33820 69910 41780 1 2
69410 42220 69910 45140 0 2
69410 42220 69910 45140 1 2
69410 46420 69910 49340 0 2
69410 46420 69910 49340 1 2
69410 48940 69910 56900 0 2
69410 48940 69910 56900 1 2
69410 58180 69910 61100 0 2
69410 58180 69910 61100 1 2
69410 60700 69910 68660 0 2
69410 60700 69910 68660 1 2
69410 69100 69910 77060 0 2
69410 69100 69910 77060 1 2
69410 76660 69910 79580 0 2
69410 76660 69910 79580 1 2
69410 80860 69910 88820 0 2
69410 80860 69910 88820 1 2
69410 88420 69910 91340 0 2
69410 88420 69910 91340 1 2
69410 92620 69910 100580 0 2
69410 92620 69910 100580 1 2
69060 40880 71980 41440 1 2
69060 40880 71980 41440 2 2
69040 40880 72000 41440 0 2
69040 40880 72000 41440 1 2
69600 68600 71440 69160 1 2
69600 68600 71440 69160 2 2
69580 68600 71460 69160 0 2
69580 68600 71460 69160 1 2
70240 55310 70800 69010 2 2
70240 55310 70800 69010 3 2
70240 55360 70800 68960 1 2
70240 55360 70800 68960 2 2
70240 67390 70800 69530 2 2
70240 67390 70800 69530 3 2
70240 67440 70800 69480 1 2
70240 67440 70800 69480 2 2
70240 67910 70800 69850 2 2
70240 67910 70800 69850 3 2
70240 67960 70800 69800 1 2
70240 67960 70800 69800 2 2
70270 18700 70770 26660 0 2
70270 18700 70770 26660 1 2
70270 33820 70770 41780 0 2
70270 33820 70770 41780 1 2
70270 48940 70770 56900 0 2
70270 48940 70770 56900 1 2
70270 60700 70770 68660 0 2
70270 60700 70770 68660 1 2
70270 69100 70770 77060 0 2
70270 69100 70770 77060 1 2
70270 80860 70770 88820 0 2
70270 80860 70770 88820 1 2
70270 92620 70770 100580 0 2
70270 92620 70770 100580 1 2
70460 40880 72300 41440 1 2
70460 40880 72300 41440 2 2
70440 40880 72320 41440 0 2
70440 40880 72320 41440 1 2
71100 40190 71660 42130 2 2
71100 40190 71660 42130 3 2
71100 40240 71660 42080 1 2
71100 40240 71660 42080 2 2
71100 40510 71660 48530 2 2
71100 40510 71660 48530 3 2
71100 40560 71660 48480 1 2
71100 40560 71660 48480 2 2
71100 46910 71660 60610 2 2
71100 46910 71660 60610 3 2
71100 46960 71660 60560 1 2
71100 46960 71660 60560 2 2
71130 42220 71630 45140 0 2
71130 42220 71630 45140 1 2
71130 46420 71630 49340 0 2
71130 46420 71630 49340 1 2
71130 48940 71630 56900 0 2
71130 48940 71630 56900 1 2
71130 58180 71630 61100 0 2
71130 58180 71630 61100 1 2
71130 60700 71630 68660 0 2
71130 60700 71630 68660 1 2
71130 69100 71630 77060 0 2
71130 69100 71630 77060 1 2
71130 76660 71630 79580 0 2
71130 76660 71630 79580 1 2
71130 80860 71630 88820 0 2
71130 80860 71630 88820 1 2
71130 88420 71630 91340 0 2
71130 88420 71630 91340 1 2
71130 92620 71630 100580 0 2
71130 92620 71630 100580 1 2
71990 48940 72490 56900 0 2
71990 48940 72490 56900 1 2
71990 60700 72490 68660 0 2
71990 60700 72490 68660 1 2
71990 69100 72490 77060 0 2
71990 69100 72490 77060 1 2
71990 80860 72490 88820 0 2
71990 80860 72490 88820 1 2
71990 92620 72490 100580 0 2
71990 92620 72490 100580 1 2
72850 42220 73350 45140 0 2
72850 42220 73350 45140 1 2
72850 46420 73350 49340 0 2
72850 46420 73350 49340 1 2
72850 48940 73350 56900 0 2
72850 48940 73350 56900 1 2
72850 58180 73350 61100 0 2
72850 58180 73350 61100 1 2
72850 60700 73350 68660 0 2
72850 60700 73350 68660 1 2
72850 69100 73350 77060 0 2
72850 69100 73350 77060 1 2
72850 76660 73350 79580 0 2
72850 76660 73350 79580 1 2
72850 80860 73350 88820 0 2
72850 80860 73350 88820 1 2
72850 88420 73350 91340 0 2
72850 88420 73350 91340 1 2
72850 92620 73350 100580 0 2
72850 92620 73350 100580 1 2
73710 48940 74210 56900 0 2
73710 48940 74210 56900 1 2
73710 60700 74210 68660 0 2
73710 60700 74210 68660 1 2
73710 69100 74210 77060 0 2
73710 69100 74210 77060 1 2
73710 80860 74210 88820 0 2
73710 80860 74210 88820 1 2
73710 92620 74210 100580 0 2
73710 92620 74210 100580 1 2
74570 42220 75070 45140 0 2
74570 42220 75070 45140 1 2
74570 46420 75070 49340 0 2
74570 46420 75070 49340 1 2
74570 48940 75070 56900 0 2
74570 48940 75070 56900 1 2
74570 58180 75070 61100 0 2
74570 58180 75070 61100 1 2
74570 60700 75070 68660 0 2
74570 60700 75070 68660 1 2
74570 69100 75070 77060 0 2
74570 69100 75070 77060 1 2
74570 76660 75070 79580 0 2
74570 76660 75070 79580 1 2
74570 80860 75070 88820 0 2
74570 80860 75070 88820 1 2
74570 88420 75070 91340 0 2
74570 88420 75070 91340 1 2
74570 92620 75070 100580 0 2
74570 92620 75070 100580 1 2
75430 48940 75930 56900 0 2
75430 48940 75930 56900 1 2
75430 60700 75930 68660 0 2
75430 60700 75930 68660 1 2
75430 69100 75930 77060 0 2
75430 69100 75930 77060 1 2
75430 80860 75930 88820 0 2
75430 80860 75930 88820 1 2
75430 92620 75930 100580 0 2
75430 92620 75930 100580 1 2
76290 42220 76790 45140 0 2
76290 42220 76790 45140 1 2
76290 46420 76790 49340 0 2
76290 46420 76790 49340 1 2
76290 48940 76790 56900 0 2
76290 48940 76790 56900 1 2
76290 58180 76790 61100 0 2
76290 58180 76790 61100 1 2
76290 60700 76790 68660 0 2
76290 60700 76790 68660 1 2
76290 69100 76790 77060 0 2
76290 69100 76790 77060 1 2
76290 76660 76790 79580 0 2
76290 76660 76790 79580 1 2
76290 80860 76790 88820 0 2
76290 80860 76790 88820 1 2
76290 88420 76790 91340 0 2
76290 88420 76790 91340 1 2
76290 92620 76790 100580 0 2
76290 92620 76790 100580 1 2
77150 48940 77650 56900 0 2
77150 48940 77650 56900 1 2
77150 60700 77650 68660 0 2
77150 60700 77650 68660 1 2
77150 69100 77650 77060 0 2
77150 69100 77650 77060 1 2
77150 80860 77650 88820 0 2
77150 80860 77650 88820 1 2
77150 92620 77650 100580 0 2
77150 92620 77650 100580 1 2
78010 42220 78510 45140 0 2
78010 42220 78510 45140 1 2
78010 46420 78510 49340 0 2
78010 46420 78510 49340 1 2
78010 48940 78510 56900 0 2
78010 48940 78510 56900 1 2
78010 58180 78510 61100 0 2
78010 58180 78510 61100 1 2
78010 60700 78510 68660 0 2
78010 60700 78510 68660 1 2
78010 69100 78510 77060 0 2
78010 69100 78510 77060 1 2
78010 76660 78510 79580 0 2
78010 76660 78510 79580 1 2
78010 80860 78510 88820 0 2
78010 80860 78510 88820 1 2
78010 88420 78510 91340 0 2
78010 88420 78510 91340 1 2
78010 92620 78510 100580 0 2
78010 92620 78510 100580 1 2
78870 48940 79370 56900 0 2
78870 48940 79370 56900 1 2
78870 60700 79370 68660 0 2
78870 60700 79370 68660 1 2
78870 69100 79370 77060 0 2
78870 69100 79370 77060 1 2
78870 80860 79370 88820 0 2
78870 80860 79370 88820 1 2
78870 92620 79370 100580 0 2
78870 92620 79370 100580 1 2
79730 42220 80230 45140 0 2
79730 42220 80230 45140 1 2
79730 46420 80230 49340 0 2
79730 46420 80230 49340 1 2
79730 48940 80230 56900 0 2
79730 48940 80230 56900 1 2
79730 58180 80230 61100 0 2
79730 58180 80230 61100 1 2
79730 60700 80230 68660 0 2
79730 60700 80230 68660 1 2
79730 69100 80230 77060 0 2
79730 69100 80230 77060 1 2
79730 76660 80230 79580 0 2
79730 76660 80230 79580 1 2
79730 80860 80230 88820 0 2
79730 80860 80230 88820 1 2
79730 88420 80230 91340 0 2
79730 88420 80230 91340 1 2
79730 92620 80230 100580 0 2
79730 92620 80230 100580 1 2
80590 48940 81090 56900 0 2
80590 48940 81090 56900 1 2
80590 60700 81090 68660 0 2
80590 60700 81090 68660 1 2
80590 69100 81090 77060 0 2
80590 69100 81090 77060 1 2
80590 80860 81090 88820 0 2
80590 80860 81090 88820 1 2
80590 92620 81090 100580 0 2
80590 92620 81090 100580 1 2
81450 42220 81950 45140 0 2
81450 42220 81950 45140 1 2
81450 46420 81950 49340 0 2
81450 46420 81950 49340 1 2
81450 48940 81950 56900 0 2
81450 48940 81950 56900 1 2
81450 58180 81950 61100 0 2
81450 58180 81950 61100 1 2
81450 60700 81950 68660 0 2
81450 60700 81950 68660 1 2
81450 69100 81950 77060 0 2
81450 69100 81950 77060 1 2
81450 76660 81950 79580 0 2
81450 76660 81950 79580 1 2
81450 80860 81950 88820 0 2
81450 80860 81950 88820 1 2
81450 88420 81950 91340 0 2
81450 88420 81950 91340 1 2
81450 92620 81950 100580 0 2
81450 92620 81950 100580 1 2
82310 48940 82810 56900 0 2
82310 48940 82810 56900 1 2
82310 60700 82810 68660 0 2
82310 60700 82810 68660 1 2
82310 69100 82810 77060 0 2
82310 69100 82810 77060 1 2
82310 80860 82810 88820 0 2
82310 80860 82810 88820 1 2
82310 92620 82810 100580 0 2
82310 92620 82810 100580 1 2
83170 42220 83670 45140 0 2
83170 42220 83670 45140 1 2
83170 46420 83670 49340 0 2
83170 46420 83670 49340 1 2
83170 48940 83670 56900 0 2
83170 48940 83670 56900 1 2
83170 58180 83670 61100 0 2
83170 58180 83670 61100 1 2
83170 60700 83670 68660 0 2
83170 60700 83670 68660 1 2
83170 69100 83670 77060 0 2
83170 69100 83670 77060 1 2
83170 76660 83670 79580 0 2
83170 76660 83670 79580 1 2
83170 80860 83670 88820 0 2
83170 80860 83670 88820 1 2
83170 88420 83670 91340 0 2
83170 88420 83670 91340 1 2
83170 92620 83670 100580 0 2
83170 92620 83670 100580 1 2
84030 48940 84530 56900 0 2
84030 48940 84530 56900 1 2
84030 60700 84530 68660 0 2
84030 60700 84530 68660 1 2
84030 69100 84530 77060 0 2
84030 69100 84530 77060 1 2
84030 80860 84530 88820 0 2
84030 80860 84530 88820 1 2
84030 92620 84530 100580 0 2
84030 92620 84530 100580 1 2
84890 69100 85390 77060 0 2
84890 69100 85390 77060 1 2
84890 76660 85390 79580 0 2
84890 76660 85390 79580 1 2
84890 80860 85390 88820 0 2
84890 80860 85390 88820 1 2
84890 88420 85390 91340 0 2
84890 88420 85390 91340 1 2
84890 92620 85390 100580 0 2
84890 92620 85390 100580 1 2
85750 69100 86250 77060 0 2
85750 69100 86250 77060 1 2
85750 80860 86250 88820 0 2
85750 80860 86250 88820 1 2
85750 92620 86250 100580 0 2
85750 92620 86250 100580 1 2
86610 69100 87110 77060 0 2
86610 69100 87110 77060 1 2
86610 76660 87110 79580 0 2
86610 76660 87110 79580 1 2
86610 80860 87110 88820 0 2
86610 80860 87110 88820 1 2
86610 88420 87110 91340 0 2
86610 88420 87110 91340 1 2
86610 92620 87110 100580 0 2
86610 92620 87110 100580 1 2
87470 69100 87970 77060 0 2
87470 69100 87970 77060 1 2
87470 80860 87970 88820 0 2
87470 80860 87970 88820 1 2
87470 92620 87970 100580 0 2
87470 92620 87970 100580 1 2
