1000 69840 2440 71280 0 2
1000 81600 2440 83040 0 2
1000 93360 2440 94800 0 2
1000 105120 2440 106560 0 2
1860 69000 3300 70440 0 2
1860 77400 3300 78840 0 2
1860 80760 3300 82200 0 2
1860 89160 3300 90600 0 2
1860 92520 3300 93960 0 2
1860 100920 3300 102360 0 2
1860 104280 3300 105720 0 2
1860 112680 3300 114120 0 2
1860 116880 3300 118320 0 2
2720 69840 4160 71280 0 2
2720 81600 4160 83040 0 2
2720 93360 4160 94800 0 2
2720 105120 4160 106560 0 2
3580 69000 5020 70440 0 2
3580 77400 5020 78840 0 2
3580 80760 5020 82200 0 2
3580 89160 5020 90600 0 2
3580 92520 5020 93960 0 2
3580 100920 5020 102360 0 2
3580 104280 5020 105720 0 2
3580 112680 5020 114120 0 2
3580 116880 5020 118320 0 2
4440 54720 5880 56160 0 2
4440 66480 5880 67920 0 2
4440 69840 5880 71280 0 2
4440 81600 5880 83040 0 2
4440 93360 5880 94800 0 2
4440 105120 5880 106560 0 2
5300 42960 6740 44400 0 2
5300 47160 6740 48600 0 2
5300 55560 6740 57000 0 2
5300 58920 6740 60360 0 2
5300 67320 6740 68760 0 2
5300 69000 6740 70440 0 2
5300 77400 6740 78840 0 2
5300 80760 6740 82200 0 2
5300 89160 6740 90600 0 2
5300 92520 6740 93960 0 2
5300 100920 6740 102360 0 2
5300 104280 6740 105720 0 2
5300 112680 6740 114120 0 2
5300 116880 6740 118320 0 2
6160 54720 7600 56160 0 2
6160 66480 7600 67920 0 2
6160 69840 7600 71280 0 2
6160 81600 7600 83040 0 2
6160 93360 7600 94800 0 2
6160 105120 7600 106560 0 2
7020 42960 8460 44400 0 2
7020 47160 8460 48600 0 2
7020 55560 8460 57000 0 2
7020 58920 8460 60360 0 2
7020 67320 8460 68760 0 2
7020 69000 8460 70440 0 2
7020 77400 8460 78840 0 2
7020 80760 8460 82200 0 2
7020 89160 8460 90600 0 2
7020 92520 8460 93960 0 2
7020 100920 8460 102360 0 2
7020 104280 8460 105720 0 2
7020 112680 8460 114120 0 2
7020 116880 8460 118320 0 2
7880 54720 9320 56160 0 2
7880 66480 9320 67920 0 2
7880 69840 9320 71280 0 2
7880 81600 9320 83040 0 2
7880 93360 9320 94800 0 2
7880 105120 9320 106560 0 2
8740 42960 10180 44400 0 2
8740 47160 10180 48600 0 2
8740 55560 10180 57000 0 2
8740 58920 10180 60360 0 2
8740 67320 10180 68760 0 2
8740 69000 10180 70440 0 2
8740 77400 10180 78840 0 2
8740 80760 10180 82200 0 2
8740 89160 10180 90600 0 2
8740 92520 10180 93960 0 2
8740 100920 10180 102360 0 2
8740 104280 10180 105720 0 2
8740 112680 10180 114120 0 2
8740 116880 10180 118320 0 2
9600 54720 11040 56160 0 2
9600 66480 11040 67920 0 2
9600 69840 11040 71280 0 2
9600 81600 11040 83040 0 2
9600 93360 11040 94800 0 2
9600 105120 11040 106560 0 2
10460 42960 11900 44400 0 2
10460 47160 11900 48600 0 2
10460 55560 11900 57000 0 2
10460 58920 11900 60360 0 2
10460 67320 11900 68760 0 2
10460 69000 11900 70440 0 2
10460 77400 11900 78840 0 2
10460 80760 11900 82200 0 2
10460 89160 11900 90600 0 2
10460 92520 11900 93960 0 2
10460 100920 11900 102360 0 2
10460 104280 11900 105720 0 2
10460 112680 11900 114120 0 2
10460 116880 11900 118320 0 2
11320 54720 12760 56160 0 2
11320 66480 12760 67920 0 2
11320 69840 12760 71280 0 2
11320 81600 12760 83040 0 2
11320 93360 12760 94800 0 2
11320 105120 12760 106560 0 2
12180 42960 13620 44400 0 2
12180 47160 13620 48600 0 2
12180 55560 13620 57000 0 2
12180 58920 13620 60360 0 2
12180 67320 13620 68760 0 2
12180 69000 13620 70440 0 2
12180 77400 13620 78840 0 2
12180 80760 13620 82200 0 2
12180 89160 13620 90600 0 2
12180 92520 13620 93960 0 2
12180 100920 13620 102360 0 2
12180 104280 13620 105720 0 2
12180 112680 13620 114120 0 2
12180 116880 13620 118320 0 2
13040 54720 14480 56160 0 2
13040 66480 14480 67920 0 2
13040 69840 14480 71280 0 2
13040 81600 14480 83040 0 2
13040 93360 14480 94800 0 2
13040 105120 14480 106560 0 2
13900 42960 15340 44400 0 2
13900 47160 15340 48600 0 2
13900 55560 15340 57000 0 2
13900 58920 15340 60360 0 2
13900 67320 15340 68760 0 2
13900 69000 15340 70440 0 2
13900 77400 15340 78840 0 2
13900 80760 15340 82200 0 2
13900 89160 15340 90600 0 2
13900 92520 15340 93960 0 2
13900 100920 15340 102360 0 2
13900 104280 15340 105720 0 2
13900 112680 15340 114120 0 2
13900 116880 15340 118320 0 2
14760 54720 16200 56160 0 2
14760 66480 16200 67920 0 2
14760 69840 16200 71280 0 2
14760 81600 16200 83040 0 2
14760 93360 16200 94800 0 2
14760 105120 16200 106560 0 2
15620 42960 17060 44400 0 2
15620 47160 17060 48600 0 2
15620 55560 17060 57000 0 2
15620 58920 17060 60360 0 2
15620 67320 17060 68760 0 2
15620 69000 17060 70440 0 2
15620 77400 17060 78840 0 2
15620 80760 17060 82200 0 2
15620 89160 17060 90600 0 2
15620 92520 17060 93960 0 2
15620 100920 17060 102360 0 2
15620 104280 17060 105720 0 2
15620 112680 17060 114120 0 2
15620 116880 17060 118320 0 2
16480 54720 17920 56160 0 2
16480 66480 17920 67920 0 2
16480 69840 17920 71280 0 2
16480 81600 17920 83040 0 2
16480 93360 17920 94800 0 2
16480 105120 17920 106560 0 2
17340 42960 18780 44400 0 2
17340 47160 18780 48600 0 2
17340 55560 18780 57000 0 2
17340 58920 18780 60360 0 2
17340 67320 18780 68760 0 2
17340 69000 18780 70440 0 2
17340 77400 18780 78840 0 2
17340 80760 18780 82200 0 2
17340 89160 18780 90600 0 2
17340 92520 18780 93960 0 2
17340 100920 18780 102360 0 2
17340 104280 18780 105720 0 2
17340 112680 18780 114120 0 2
17340 116880 18780 118320 0 2
18200 12720 19640 14160 0 2
18200 24480 19640 25920 0 2
18200 39600 19640 41040 0 2
18200 54720 19640 56160 0 2
18200 66480 19640 67920 0 2
18200 69840 19640 71280 0 2
18200 81600 19640 83040 0 2
18200 93360 19640 94800 0 2
18200 105120 19640 106560 0 2
19060 960 20500 2400 0 2
19060 5160 20500 6600 0 2
19060 13560 20500 15000 0 2
19060 16920 20500 18360 0 2
19060 25320 20500 26760 0 2
19060 27840 20500 29280 0 2
19060 32040 20500 33480 0 2
19060 40440 20500 41880 0 2
19060 42960 20500 44400 0 2
19060 47160 20500 48600 0 2
19060 55560 20500 57000 0 2
19060 58920 20500 60360 0 2
19060 67320 20500 68760 0 2
19060 69000 20500 70440 0 2
19060 77400 20500 78840 0 2
19060 80760 20500 82200 0 2
19060 89160 20500 90600 0 2
19060 92520 20500 93960 0 2
19060 100920 20500 102360 0 2
19060 104280 20500 105720 0 2
19060 112680 20500 114120 0 2
19060 116880 20500 118320 0 2
19920 12720 21360 14160 0 2
19920 24480 21360 25920 0 2
19920 39600 21360 41040 0 2
19920 54720 21360 56160 0 2
19920 66480 21360 67920 0 2
19920 69840 21360 71280 0 2
19920 81600 21360 83040 0 2
19920 93360 21360 94800 0 2
19920 105120 21360 106560 0 2
20780 960 22220 2400 0 2
20780 5160 22220 6600 0 2
20780 13560 22220 15000 0 2
20780 16920 22220 18360 0 2
20780 25320 22220 26760 0 2
20780 27840 22220 29280 0 2
20780 32040 22220 33480 0 2
20780 40440 22220 41880 0 2
20780 42960 22220 44400 0 2
20780 47160 22220 48600 0 2
20780 55560 22220 57000 0 2
20780 58920 22220 60360 0 2
20780 67320 22220 68760 0 2
20780 69000 22220 70440 0 2
20780 77400 22220 78840 0 2
20780 80760 22220 82200 0 2
20780 89160 22220 90600 0 2
20780 92520 22220 93960 0 2
20780 100920 22220 102360 0 2
20780 104280 22220 105720 0 2
20780 112680 22220 114120 0 2
20780 116880 22220 118320 0 2
21640 12720 23080 14160 0 2
21640 24480 23080 25920 0 2
21640 39600 23080 41040 0 2
21640 54720 23080 56160 0 2
21640 66480 23080 67920 0 2
21640 69840 23080 71280 0 2
21640 81600 23080 83040 0 2
21640 93360 23080 94800 0 2
21640 105120 23080 106560 0 2
22500 960 23940 2400 0 2
22500 5160 23940 6600 0 2
22500 13560 23940 15000 0 2
22500 16920 23940 18360 0 2
22500 25320 23940 26760 0 2
22500 27840 23940 29280 0 2
22500 32040 23940 33480 0 2
22500 40440 23940 41880 0 2
22500 42960 23940 44400 0 2
22500 47160 23940 48600 0 2
22500 55560 23940 57000 0 2
22500 58920 23940 60360 0 2
22500 67320 23940 68760 0 2
22500 69000 23940 70440 0 2
22500 77400 23940 78840 0 2
22500 80760 23940 82200 0 2
22500 89160 23940 90600 0 2
22500 92520 23940 93960 0 2
22500 100920 23940 102360 0 2
22500 104280 23940 105720 0 2
22500 112680 23940 114120 0 2
22500 116880 23940 118320 0 2
23360 12720 24800 14160 0 2
23360 24480 24800 25920 0 2
23360 39600 24800 41040 0 2
23360 54720 24800 56160 0 2
23360 66480 24800 67920 0 2
23360 69840 24800 71280 0 2
23360 81600 24800 83040 0 2
23360 93360 24800 94800 0 2
23360 105120 24800 106560 0 2
24220 960 25660 2400 0 2
24220 5160 25660 6600 0 2
24220 13560 25660 15000 0 2
24220 16920 25660 18360 0 2
24220 25320 25660 26760 0 2
24220 27840 25660 29280 0 2
24220 32040 25660 33480 0 2
24220 40440 25660 41880 0 2
24220 42960 25660 44400 0 2
24220 47160 25660 48600 0 2
24220 55560 25660 57000 0 2
24220 58920 25660 60360 0 2
24220 67320 25660 68760 0 2
24220 69000 25660 70440 0 2
24220 77400 25660 78840 0 2
24220 80760 25660 82200 0 2
24220 89160 25660 90600 0 2
24220 92520 25660 93960 0 2
24220 100920 25660 102360 0 2
24220 104280 25660 105720 0 2
24220 112680 25660 114120 0 2
24220 116880 25660 118320 0 2
25080 12720 26520 14160 0 2
25080 24480 26520 25920 0 2
25080 39600 26520 41040 0 2
25080 54720 26520 56160 0 2
25080 66480 26520 67920 0 2
25080 69840 26520 71280 0 2
25080 81600 26520 83040 0 2
25080 93360 26520 94800 0 2
25080 105120 26520 106560 0 2
25940 960 27380 2400 0 2
25940 5160 27380 6600 0 2
25940 13560 27380 15000 0 2
25940 16920 27380 18360 0 2
25940 25320 27380 26760 0 2
25940 27840 27380 29280 0 2
25940 32040 27380 33480 0 2
25940 40440 27380 41880 0 2
25940 42960 27380 44400 0 2
25940 47160 27380 48600 0 2
25940 55560 27380 57000 0 2
25940 58920 27380 60360 0 2
25940 67320 27380 68760 0 2
25940 69000 27380 70440 0 2
25940 77400 27380 78840 0 2
25940 80760 27380 82200 0 2
25940 89160 27380 90600 0 2
25940 92520 27380 93960 0 2
25940 100920 27380 102360 0 2
25940 104280 27380 105720 0 2
25940 112680 27380 114120 0 2
25940 116880 27380 118320 0 2
26800 12720 28240 14160 0 2
26800 24480 28240 25920 0 2
26800 39600 28240 41040 0 2
26800 54720 28240 56160 0 2
26800 66480 28240 67920 0 2
26800 69840 28240 71280 0 2
26800 81600 28240 83040 0 2
26800 93360 28240 94800 0 2
26800 105120 28240 106560 0 2
27660 960 29100 2400 0 2
27660 5160 29100 6600 0 2
27660 13560 29100 15000 0 2
27660 16920 29100 18360 0 2
27660 25320 29100 26760 0 2
27660 27840 29100 29280 0 2
27660 32040 29100 33480 0 2
27660 40440 29100 41880 0 2
27660 42960 29100 44400 0 2
27660 47160 29100 48600 0 2
27660 55560 29100 57000 0 2
27660 58920 29100 60360 0 2
27660 67320 29100 68760 0 2
27660 69000 29100 70440 0 2
27660 77400 29100 78840 0 2
27660 80760 29100 82200 0 2
27660 89160 29100 90600 0 2
27660 92520 29100 93960 0 2
27660 100920 29100 102360 0 2
27660 104280 29100 105720 0 2
27660 112680 29100 114120 0 2
27660 116880 29100 118320 0 2
28520 12720 29960 14160 0 2
28520 24480 29960 25920 0 2
28520 39600 29960 41040 0 2
28520 54720 29960 56160 0 2
28520 66480 29960 67920 0 2
28520 69840 29960 71280 0 2
28520 81600 29960 83040 0 2
28520 93360 29960 94800 0 2
28520 105120 29960 106560 0 2
29380 960 30820 2400 0 2
29380 5160 30820 6600 0 2
29380 13560 30820 15000 0 2
29380 16920 30820 18360 0 2
29380 25320 30820 26760 0 2
29380 27840 30820 29280 0 2
29380 32040 30820 33480 0 2
29380 40440 30820 41880 0 2
29380 42960 30820 44400 0 2
29380 47160 30820 48600 0 2
29380 55560 30820 57000 0 2
29380 58920 30820 60360 0 2
29380 67320 30820 68760 0 2
29380 69000 30820 70440 0 2
29380 77400 30820 78840 0 2
29380 80760 30820 82200 0 2
29380 89160 30820 90600 0 2
29380 92520 30820 93960 0 2
29380 100920 30820 102360 0 2
29380 104280 30820 105720 0 2
29380 112680 30820 114120 0 2
29380 116880 30820 118320 0 2
30240 12720 31680 14160 0 2
30240 24480 31680 25920 0 2
30240 39600 31680 41040 0 2
30240 54720 31680 56160 0 2
30240 66480 31680 67920 0 2
30240 69840 31680 71280 0 2
30240 81600 31680 83040 0 2
30240 93360 31680 94800 0 2
30240 105120 31680 106560 0 2
31100 960 32540 2400 0 2
31100 5160 32540 6600 0 2
31100 13560 32540 15000 0 2
31100 16920 32540 18360 0 2
31100 25320 32540 26760 0 2
31100 27840 32540 29280 0 2
31100 32040 32540 33480 0 2
31100 40440 32540 41880 0 2
31100 69000 32540 70440 0 2
31100 77400 32540 78840 0 2
31100 80760 32540 82200 0 2
31100 89160 32540 90600 0 2
31100 92520 32540 93960 0 2
31100 100920 32540 102360 0 2
31100 104280 32540 105720 0 2
31100 112680 32540 114120 0 2
31100 116880 32540 118320 0 2
31960 12720 33400 14160 0 2
31960 24480 33400 25920 0 2
31960 39600 33400 41040 0 2
31960 69840 33400 71280 0 2
31960 81600 33400 83040 0 2
31960 93360 33400 94800 0 2
31960 105120 33400 106560 0 2
32820 960 34260 2400 0 2
32820 5160 34260 6600 0 2
32820 13560 34260 15000 0 2
32820 16920 34260 18360 0 2
32820 25320 34260 26760 0 2
32820 27840 34260 29280 0 2
32820 32040 34260 33480 0 2
32820 40440 34260 41880 0 2
32820 69000 34260 70440 0 2
32820 77400 34260 78840 0 2
32820 80760 34260 82200 0 2
32820 89160 34260 90600 0 2
32820 92520 34260 93960 0 2
32820 100920 34260 102360 0 2
32820 104280 34260 105720 0 2
32820 112680 34260 114120 0 2
32820 116880 34260 118320 0 2
33680 12720 35120 14160 0 2
33680 24480 35120 25920 0 2
33680 39600 35120 41040 0 2
33680 42960 35120 44400 0 2
33680 69840 35120 71280 0 2
33680 81600 35120 83040 0 2
33680 93360 35120 94800 0 2
33680 105120 35120 106560 0 2
34540 960 35980 2400 0 2
34540 5160 35980 6600 0 2
34540 13560 35980 15000 0 2
34540 16920 35980 18360 0 2
34540 25320 35980 26760 0 2
34540 27840 35980 29280 0 2
34540 32040 35980 33480 0 2
34540 40440 35980 41880 0 2
34540 42120 35980 43560 0 2
34540 50520 35980 51960 0 2
34540 54720 35980 56160 0 2
34540 69000 35980 70440 0 2
34540 77400 35980 78840 0 2
34540 80760 35980 82200 0 2
34540 89160 35980 90600 0 2
34540 92520 35980 93960 0 2
34540 100920 35980 102360 0 2
34540 104280 35980 105720 0 2
34540 112680 35980 114120 0 2
34540 116880 35980 118320 0 2
35400 12720 36840 14160 0 2
35400 24480 36840 25920 0 2
35400 39600 36840 41040 0 2
35400 42960 36840 44400 0 2
35400 69840 36840 71280 0 2
35400 81600 36840 83040 0 2
35400 93360 36840 94800 0 2
35400 105120 36840 106560 0 2
36260 960 37700 2400 0 2
36260 5160 37700 6600 0 2
36260 13560 37700 15000 0 2
36260 16920 37700 18360 0 2
36260 25320 37700 26760 0 2
36260 27840 37700 29280 0 2
36260 32040 37700 33480 0 2
36260 40440 37700 41880 0 2
36260 42120 37700 43560 0 2
36260 50520 37700 51960 0 2
36260 54720 37700 56160 0 2
36260 69000 37700 70440 0 2
36260 77400 37700 78840 0 2
36260 80760 37700 82200 0 2
36260 89160 37700 90600 0 2
36260 92520 37700 93960 0 2
36260 100920 37700 102360 0 2
36260 104280 37700 105720 0 2
36260 112680 37700 114120 0 2
36260 116880 37700 118320 0 2
37120 12720 38560 14160 0 2
37120 24480 38560 25920 0 2
37120 39600 38560 41040 0 2
37120 42960 38560 44400 0 2
37120 69840 38560 71280 0 2
37120 81600 38560 83040 0 2
37120 93360 38560 94800 0 2
37120 105120 38560 106560 0 2
37980 960 39420 2400 0 2
37980 5160 39420 6600 0 2
37980 13560 39420 15000 0 2
37980 16920 39420 18360 0 2
37980 25320 39420 26760 0 2
37980 27840 39420 29280 0 2
37980 32040 39420 33480 0 2
37980 40440 39420 41880 0 2
37980 42120 39420 43560 0 2
37980 50520 39420 51960 0 2
37980 54720 39420 56160 0 2
37980 69000 39420 70440 0 2
37980 77400 39420 78840 0 2
37980 80760 39420 82200 0 2
37980 89160 39420 90600 0 2
37980 92520 39420 93960 0 2
37980 100920 39420 102360 0 2
37980 104280 39420 105720 0 2
37980 112680 39420 114120 0 2
37980 116880 39420 118320 0 2
38840 12720 40280 14160 0 2
38840 24480 40280 25920 0 2
38840 39600 40280 41040 0 2
38840 42960 40280 44400 0 2
38840 69840 40280 71280 0 2
38840 81600 40280 83040 0 2
38840 93360 40280 94800 0 2
38840 105120 40280 106560 0 2
39700 960 41140 2400 0 2
39700 5160 41140 6600 0 2
39700 13560 41140 15000 0 2
39700 16920 41140 18360 0 2
39700 25320 41140 26760 0 2
39700 27840 41140 29280 0 2
39700 32040 41140 33480 0 2
39700 40440 41140 41880 0 2
39700 42120 41140 43560 0 2
39700 50520 41140 51960 0 2
39700 54720 41140 56160 0 2
39700 69000 41140 70440 0 2
39700 77400 41140 78840 0 2
39700 80760 41140 82200 0 2
39700 89160 41140 90600 0 2
39700 92520 41140 93960 0 2
39700 100920 41140 102360 0 2
39700 104280 41140 105720 0 2
39700 112680 41140 114120 0 2
39700 116880 41140 118320 0 2
40560 12720 42000 14160 0 2
40560 24480 42000 25920 0 2
40560 39600 42000 41040 0 2
40560 42960 42000 44400 0 2
40560 69840 42000 71280 0 2
40560 81600 42000 83040 0 2
40560 93360 42000 94800 0 2
40560 105120 42000 106560 0 2
41420 960 42860 2400 0 2
41420 5160 42860 6600 0 2
41420 13560 42860 15000 0 2
41420 16920 42860 18360 0 2
41420 25320 42860 26760 0 2
41420 27840 42860 29280 0 2
41420 32040 42860 33480 0 2
41420 40440 42860 41880 0 2
41420 42120 42860 43560 0 2
41420 50520 42860 51960 0 2
41420 54720 42860 56160 0 2
41420 69000 42860 70440 0 2
41420 77400 42860 78840 0 2
41420 80760 42860 82200 0 2
41420 89160 42860 90600 0 2
41420 92520 42860 93960 0 2
41420 100920 42860 102360 0 2
41420 104280 42860 105720 0 2
41420 112680 42860 114120 0 2
41420 116880 42860 118320 0 2
42280 12720 43720 14160 0 2
42280 24480 43720 25920 0 2
42280 39600 43720 41040 0 2
42280 42960 43720 44400 0 2
42280 69840 43720 71280 0 2
42280 81600 43720 83040 0 2
42280 93360 43720 94800 0 2
42280 105120 43720 106560 0 2
45720 12720 47160 14160 0 2
45720 24480 47160 25920 0 2
45720 39600 47160 41040 0 2
45720 42960 47160 44400 0 2
45720 69840 47160 71280 0 2
45720 81600 47160 83040 0 2
45720 93360 47160 94800 0 2
45720 105120 47160 106560 0 2
46580 960 48020 2400 0 2
46580 5160 48020 6600 0 2
46580 13560 48020 15000 0 2
46580 16920 48020 18360 0 2
46580 25320 48020 26760 0 2
46580 27840 48020 29280 0 2
46580 32040 48020 33480 0 2
46580 40440 48020 41880 0 2
46580 42120 48020 43560 0 2
46580 50520 48020 51960 0 2
46580 54720 48020 56160 0 2
46580 69000 48020 70440 0 2
46580 77400 48020 78840 0 2
46580 80760 48020 82200 0 2
46580 89160 48020 90600 0 2
46580 92520 48020 93960 0 2
46580 100920 48020 102360 0 2
46580 104280 48020 105720 0 2
46580 112680 48020 114120 0 2
46580 116880 48020 118320 0 2
47440 12720 48880 14160 0 2
47440 24480 48880 25920 0 2
47440 39600 48880 41040 0 2
47440 42960 48880 44400 0 2
47440 69840 48880 71280 0 2
47440 81600 48880 83040 0 2
47440 93360 48880 94800 0 2
47440 105120 48880 106560 0 2
48300 960 49740 2400 0 2
48300 5160 49740 6600 0 2
48300 13560 49740 15000 0 2
48300 16920 49740 18360 0 2
48300 25320 49740 26760 0 2
48300 27840 49740 29280 0 2
48300 32040 49740 33480 0 2
48300 40440 49740 41880 0 2
48300 42120 49740 43560 0 2
48300 50520 49740 51960 0 2
48300 54720 49740 56160 0 2
48300 69000 49740 70440 0 2
48300 77400 49740 78840 0 2
48300 80760 49740 82200 0 2
48300 89160 49740 90600 0 2
48300 92520 49740 93960 0 2
48300 100920 49740 102360 0 2
48300 104280 49740 105720 0 2
48300 112680 49740 114120 0 2
48300 116880 49740 118320 0 2
49160 12720 50600 14160 0 2
49160 24480 50600 25920 0 2
49160 39600 50600 41040 0 2
49160 42960 50600 44400 0 2
49160 69840 50600 71280 0 2
49160 81600 50600 83040 0 2
49160 93360 50600 94800 0 2
49160 105120 50600 106560 0 2
50020 960 51460 2400 0 2
50020 5160 51460 6600 0 2
50020 13560 51460 15000 0 2
50020 16920 51460 18360 0 2
50020 25320 51460 26760 0 2
50020 27840 51460 29280 0 2
50020 32040 51460 33480 0 2
50020 40440 51460 41880 0 2
50020 42120 51460 43560 0 2
50020 50520 51460 51960 0 2
50020 54720 51460 56160 0 2
50020 69000 51460 70440 0 2
50020 77400 51460 78840 0 2
50020 80760 51460 82200 0 2
50020 89160 51460 90600 0 2
50020 92520 51460 93960 0 2
50020 100920 51460 102360 0 2
50020 104280 51460 105720 0 2
50020 112680 51460 114120 0 2
50020 116880 51460 118320 0 2
50880 12720 52320 14160 0 2
50880 24480 52320 25920 0 2
50880 39600 52320 41040 0 2
50880 42960 52320 44400 0 2
50880 69840 52320 71280 0 2
50880 81600 52320 83040 0 2
50880 93360 52320 94800 0 2
50880 105120 52320 106560 0 2
51740 960 53180 2400 0 2
51740 5160 53180 6600 0 2
51740 13560 53180 15000 0 2
51740 16920 53180 18360 0 2
51740 25320 53180 26760 0 2
51740 27840 53180 29280 0 2
51740 32040 53180 33480 0 2
51740 40440 53180 41880 0 2
51740 42120 53180 43560 0 2
51740 50520 53180 51960 0 2
51740 54720 53180 56160 0 2
51740 69000 53180 70440 0 2
51740 77400 53180 78840 0 2
51740 80760 53180 82200 0 2
51740 89160 53180 90600 0 2
51740 92520 53180 93960 0 2
51740 100920 53180 102360 0 2
51740 104280 53180 105720 0 2
51740 112680 53180 114120 0 2
51740 116880 53180 118320 0 2
52600 12720 54040 14160 0 2
52600 24480 54040 25920 0 2
52600 39600 54040 41040 0 2
52600 42960 54040 44400 0 2
52600 69840 54040 71280 0 2
52600 81600 54040 83040 0 2
52600 93360 54040 94800 0 2
52600 105120 54040 106560 0 2
53460 960 54900 2400 0 2
53460 5160 54900 6600 0 2
53460 13560 54900 15000 0 2
53460 16920 54900 18360 0 2
53460 25320 54900 26760 0 2
53460 27840 54900 29280 0 2
53460 32040 54900 33480 0 2
53460 40440 54900 41880 0 2
53460 42120 54900 43560 0 2
53460 50520 54900 51960 0 2
53460 54720 54900 56160 0 2
53460 69000 54900 70440 0 2
53460 77400 54900 78840 0 2
53460 80760 54900 82200 0 2
53460 89160 54900 90600 0 2
53460 92520 54900 93960 0 2
53460 100920 54900 102360 0 2
53460 104280 54900 105720 0 2
53460 112680 54900 114120 0 2
53460 116880 54900 118320 0 2
54320 12720 55760 14160 0 2
54320 24480 55760 25920 0 2
54320 39600 55760 41040 0 2
54320 42960 55760 44400 0 2
54320 69840 55760 71280 0 2
54320 81600 55760 83040 0 2
54320 93360 55760 94800 0 2
54320 105120 55760 106560 0 2
55180 960 56620 2400 0 2
55180 5160 56620 6600 0 2
55180 13560 56620 15000 0 2
55180 16920 56620 18360 0 2
55180 25320 56620 26760 0 2
55180 27840 56620 29280 0 2
55180 32040 56620 33480 0 2
55180 40440 56620 41880 0 2
55180 69000 56620 70440 0 2
55180 77400 56620 78840 0 2
55180 80760 56620 82200 0 2
55180 89160 56620 90600 0 2
55180 92520 56620 93960 0 2
55180 100920 56620 102360 0 2
55180 104280 56620 105720 0 2
55180 112680 56620 114120 0 2
55180 116880 56620 118320 0 2
56040 12720 57480 14160 0 2
56040 24480 57480 25920 0 2
56040 39600 57480 41040 0 2
56040 69840 57480 71280 0 2
56040 81600 57480 83040 0 2
56040 93360 57480 94800 0 2
56040 105120 57480 106560 0 2
56900 960 58340 2400 0 2
56900 5160 58340 6600 0 2
56900 13560 58340 15000 0 2
56900 16920 58340 18360 0 2
56900 25320 58340 26760 0 2
56900 27840 58340 29280 0 2
56900 32040 58340 33480 0 2
56900 40440 58340 41880 0 2
56900 69000 58340 70440 0 2
56900 77400 58340 78840 0 2
56900 80760 58340 82200 0 2
56900 89160 58340 90600 0 2
56900 92520 58340 93960 0 2
56900 100920 58340 102360 0 2
56900 104280 58340 105720 0 2
56900 112680 58340 114120 0 2
56900 116880 58340 118320 0 2
57760 12720 59200 14160 0 2
57760 24480 59200 25920 0 2
57760 39600 59200 41040 0 2
57760 54720 59200 56160 0 2
57760 66480 59200 67920 0 2
57760 69840 59200 71280 0 2
57760 81600 59200 83040 0 2
57760 93360 59200 94800 0 2
57760 105120 59200 106560 0 2
58620 960 60060 2400 0 2
58620 5160 60060 6600 0 2
58620 13560 60060 15000 0 2
58620 16920 60060 18360 0 2
58620 25320 60060 26760 0 2
58620 27840 60060 29280 0 2
58620 32040 60060 33480 0 2
58620 40440 60060 41880 0 2
58620 42960 60060 44400 0 2
58620 47160 60060 48600 0 2
58620 55560 60060 57000 0 2
58620 58920 60060 60360 0 2
58620 67320 60060 68760 0 2
58620 69000 60060 70440 0 2
58620 77400 60060 78840 0 2
58620 80760 60060 82200 0 2
58620 89160 60060 90600 0 2
58620 92520 60060 93960 0 2
58620 100920 60060 102360 0 2
58620 104280 60060 105720 0 2
58620 112680 60060 114120 0 2
58620 116880 60060 118320 0 2
59480 12720 60920 14160 0 2
59480 24480 60920 25920 0 2
59480 39600 60920 41040 0 2
59480 54720 60920 56160 0 2
59480 66480 60920 67920 0 2
59480 69840 60920 71280 0 2
59480 81600 60920 83040 0 2
59480 93360 60920 94800 0 2
59480 105120 60920 106560 0 2
60340 960 61780 2400 0 2
60340 5160 61780 6600 0 2
60340 13560 61780 15000 0 2
60340 16920 61780 18360 0 2
60340 25320 61780 26760 0 2
60340 27840 61780 29280 0 2
60340 32040 61780 33480 0 2
60340 40440 61780 41880 0 2
60340 42960 61780 44400 0 2
60340 47160 61780 48600 0 2
60340 55560 61780 57000 0 2
60340 58920 61780 60360 0 2
60340 67320 61780 68760 0 2
60340 69000 61780 70440 0 2
60340 77400 61780 78840 0 2
60340 80760 61780 82200 0 2
60340 89160 61780 90600 0 2
60340 92520 61780 93960 0 2
60340 100920 61780 102360 0 2
60340 104280 61780 105720 0 2
60340 112680 61780 114120 0 2
60340 116880 61780 118320 0 2
61200 12720 62640 14160 0 2
61200 24480 62640 25920 0 2
61200 39600 62640 41040 0 2
61200 54720 62640 56160 0 2
61200 66480 62640 67920 0 2
61200 69840 62640 71280 0 2
61200 81600 62640 83040 0 2
61200 93360 62640 94800 0 2
61200 105120 62640 106560 0 2
62060 960 63500 2400 0 2
62060 5160 63500 6600 0 2
62060 13560 63500 15000 0 2
62060 16920 63500 18360 0 2
62060 25320 63500 26760 0 2
62060 27840 63500 29280 0 2
62060 32040 63500 33480 0 2
62060 40440 63500 41880 0 2
62060 42960 63500 44400 0 2
62060 47160 63500 48600 0 2
62060 55560 63500 57000 0 2
62060 58920 63500 60360 0 2
62060 67320 63500 68760 0 2
62060 69000 63500 70440 0 2
62060 77400 63500 78840 0 2
62060 80760 63500 82200 0 2
62060 89160 63500 90600 0 2
62060 92520 63500 93960 0 2
62060 100920 63500 102360 0 2
62060 104280 63500 105720 0 2
62060 112680 63500 114120 0 2
62060 116880 63500 118320 0 2
62920 12720 64360 14160 0 2
62920 24480 64360 25920 0 2
62920 39600 64360 41040 0 2
62920 54720 64360 56160 0 2
62920 66480 64360 67920 0 2
62920 69840 64360 71280 0 2
62920 81600 64360 83040 0 2
62920 93360 64360 94800 0 2
62920 105120 64360 106560 0 2
63780 960 65220 2400 0 2
63780 5160 65220 6600 0 2
63780 13560 65220 15000 0 2
63780 16920 65220 18360 0 2
63780 25320 65220 26760 0 2
63780 27840 65220 29280 0 2
63780 32040 65220 33480 0 2
63780 40440 65220 41880 0 2
63780 42960 65220 44400 0 2
63780 47160 65220 48600 0 2
63780 55560 65220 57000 0 2
63780 58920 65220 60360 0 2
63780 67320 65220 68760 0 2
63780 69000 65220 70440 0 2
63780 77400 65220 78840 0 2
63780 80760 65220 82200 0 2
63780 89160 65220 90600 0 2
63780 92520 65220 93960 0 2
63780 100920 65220 102360 0 2
63780 104280 65220 105720 0 2
63780 112680 65220 114120 0 2
63780 116880 65220 118320 0 2
64640 12720 66080 14160 0 2
64640 24480 66080 25920 0 2
64640 39600 66080 41040 0 2
64640 54720 66080 56160 0 2
64640 66480 66080 67920 0 2
64640 69840 66080 71280 0 2
64640 81600 66080 83040 0 2
64640 93360 66080 94800 0 2
64640 105120 66080 106560 0 2
65500 960 66940 2400 0 2
65500 5160 66940 6600 0 2
65500 13560 66940 15000 0 2
65500 16920 66940 18360 0 2
65500 25320 66940 26760 0 2
65500 27840 66940 29280 0 2
65500 32040 66940 33480 0 2
65500 40440 66940 41880 0 2
65500 42960 66940 44400 0 2
65500 47160 66940 48600 0 2
65500 55560 66940 57000 0 2
65500 58920 66940 60360 0 2
65500 67320 66940 68760 0 2
65500 69000 66940 70440 0 2
65500 77400 66940 78840 0 2
65500 80760 66940 82200 0 2
65500 89160 66940 90600 0 2
65500 92520 66940 93960 0 2
65500 100920 66940 102360 0 2
65500 104280 66940 105720 0 2
65500 112680 66940 114120 0 2
65500 116880 66940 118320 0 2
66360 12720 67800 14160 0 2
66360 24480 67800 25920 0 2
66360 39600 67800 41040 0 2
66360 54720 67800 56160 0 2
66360 66480 67800 67920 0 2
66360 69840 67800 71280 0 2
66360 81600 67800 83040 0 2
66360 93360 67800 94800 0 2
66360 105120 67800 106560 0 2
67220 960 68660 2400 0 2
67220 5160 68660 6600 0 2
67220 13560 68660 15000 0 2
67220 16920 68660 18360 0 2
67220 25320 68660 26760 0 2
67220 27840 68660 29280 0 2
67220 32040 68660 33480 0 2
67220 40440 68660 41880 0 2
67220 42960 68660 44400 0 2
67220 47160 68660 48600 0 2
67220 55560 68660 57000 0 2
67220 58920 68660 60360 0 2
67220 67320 68660 68760 0 2
67220 69000 68660 70440 0 2
67220 77400 68660 78840 0 2
67220 80760 68660 82200 0 2
67220 89160 68660 90600 0 2
67220 92520 68660 93960 0 2
67220 100920 68660 102360 0 2
67220 104280 68660 105720 0 2
67220 112680 68660 114120 0 2
67220 116880 68660 118320 0 2
68080 12720 69520 14160 0 2
68080 24480 69520 25920 0 2
68080 39600 69520 41040 0 2
68080 54720 69520 56160 0 2
68080 66480 69520 67920 0 2
68080 69840 69520 71280 0 2
68080 81600 69520 83040 0 2
68080 93360 69520 94800 0 2
68080 105120 69520 106560 0 2
68940 960 70380 2400 0 2
68940 5160 70380 6600 0 2
68940 13560 70380 15000 0 2
68940 16920 70380 18360 0 2
68940 25320 70380 26760 0 2
68940 27840 70380 29280 0 2
68940 32040 70380 33480 0 2
68940 40440 70380 41880 0 2
68940 42960 70380 44400 0 2
68940 47160 70380 48600 0 2
68940 55560 70380 57000 0 2
68940 58920 70380 60360 0 2
68940 67320 70380 68760 0 2
68940 69000 70380 70440 0 2
68940 77400 70380 78840 0 2
68940 80760 70380 82200 0 2
68940 89160 70380 90600 0 2
68940 92520 70380 93960 0 2
68940 100920 70380 102360 0 2
68940 104280 70380 105720 0 2
68940 112680 70380 114120 0 2
68940 116880 70380 118320 0 2
69800 12720 71240 14160 0 2
69800 24480 71240 25920 0 2
69800 39600 71240 41040 0 2
69800 54720 71240 56160 0 2
69800 66480 71240 67920 0 2
69800 69840 71240 71280 0 2
69800 81600 71240 83040 0 2
69800 93360 71240 94800 0 2
69800 105120 71240 106560 0 2
70660 42960 72100 44400 0 2
70660 47160 72100 48600 0 2
70660 55560 72100 57000 0 2
70660 58920 72100 60360 0 2
70660 67320 72100 68760 0 2
70660 69000 72100 70440 0 2
70660 77400 72100 78840 0 2
70660 80760 72100 82200 0 2
70660 89160 72100 90600 0 2
70660 92520 72100 93960 0 2
70660 100920 72100 102360 0 2
70660 104280 72100 105720 0 2
70660 112680 72100 114120 0 2
70660 116880 72100 118320 0 2
71520 54720 72960 56160 0 2
71520 66480 72960 67920 0 2
71520 69840 72960 71280 0 2
71520 81600 72960 83040 0 2
71520 93360 72960 94800 0 2
71520 105120 72960 106560 0 2
72380 42960 73820 44400 0 2
72380 47160 73820 48600 0 2
72380 55560 73820 57000 0 2
72380 58920 73820 60360 0 2
72380 67320 73820 68760 0 2
72380 69000 73820 70440 0 2
72380 77400 73820 78840 0 2
72380 80760 73820 82200 0 2
72380 89160 73820 90600 0 2
72380 92520 73820 93960 0 2
72380 100920 73820 102360 0 2
72380 104280 73820 105720 0 2
72380 112680 73820 114120 0 2
72380 116880 73820 118320 0 2
73240 54720 74680 56160 0 2
73240 66480 74680 67920 0 2
73240 69840 74680 71280 0 2
73240 81600 74680 83040 0 2
73240 93360 74680 94800 0 2
73240 105120 74680 106560 0 2
74100 42960 75540 44400 0 2
74100 47160 75540 48600 0 2
74100 55560 75540 57000 0 2
74100 58920 75540 60360 0 2
74100 67320 75540 68760 0 2
74100 69000 75540 70440 0 2
74100 77400 75540 78840 0 2
74100 80760 75540 82200 0 2
74100 89160 75540 90600 0 2
74100 92520 75540 93960 0 2
74100 100920 75540 102360 0 2
74100 104280 75540 105720 0 2
74100 112680 75540 114120 0 2
74100 116880 75540 118320 0 2
74960 54720 76400 56160 0 2
74960 66480 76400 67920 0 2
74960 69840 76400 71280 0 2
74960 81600 76400 83040 0 2
74960 93360 76400 94800 0 2
74960 105120 76400 106560 0 2
75820 42960 77260 44400 0 2
75820 47160 77260 48600 0 2
75820 55560 77260 57000 0 2
75820 58920 77260 60360 0 2
75820 67320 77260 68760 0 2
75820 69000 77260 70440 0 2
75820 77400 77260 78840 0 2
75820 80760 77260 82200 0 2
75820 89160 77260 90600 0 2
75820 92520 77260 93960 0 2
75820 100920 77260 102360 0 2
75820 104280 77260 105720 0 2
75820 112680 77260 114120 0 2
75820 116880 77260 118320 0 2
76680 54720 78120 56160 0 2
76680 66480 78120 67920 0 2
76680 69840 78120 71280 0 2
76680 81600 78120 83040 0 2
76680 93360 78120 94800 0 2
76680 105120 78120 106560 0 2
77540 42960 78980 44400 0 2
77540 47160 78980 48600 0 2
77540 55560 78980 57000 0 2
77540 58920 78980 60360 0 2
77540 67320 78980 68760 0 2
77540 69000 78980 70440 0 2
77540 77400 78980 78840 0 2
77540 80760 78980 82200 0 2
77540 89160 78980 90600 0 2
77540 92520 78980 93960 0 2
77540 100920 78980 102360 0 2
77540 104280 78980 105720 0 2
77540 112680 78980 114120 0 2
77540 116880 78980 118320 0 2
78400 54720 79840 56160 0 2
78400 66480 79840 67920 0 2
78400 69840 79840 71280 0 2
78400 81600 79840 83040 0 2
78400 93360 79840 94800 0 2
78400 105120 79840 106560 0 2
79260 42960 80700 44400 0 2
79260 47160 80700 48600 0 2
79260 55560 80700 57000 0 2
79260 58920 80700 60360 0 2
79260 67320 80700 68760 0 2
79260 69000 80700 70440 0 2
79260 77400 80700 78840 0 2
79260 80760 80700 82200 0 2
79260 89160 80700 90600 0 2
79260 92520 80700 93960 0 2
79260 100920 80700 102360 0 2
79260 104280 80700 105720 0 2
79260 112680 80700 114120 0 2
79260 116880 80700 118320 0 2
80120 54720 81560 56160 0 2
80120 66480 81560 67920 0 2
80120 69840 81560 71280 0 2
80120 81600 81560 83040 0 2
80120 93360 81560 94800 0 2
80120 105120 81560 106560 0 2
80980 42960 82420 44400 0 2
80980 47160 82420 48600 0 2
80980 55560 82420 57000 0 2
80980 58920 82420 60360 0 2
80980 67320 82420 68760 0 2
80980 69000 82420 70440 0 2
80980 77400 82420 78840 0 2
80980 80760 82420 82200 0 2
80980 89160 82420 90600 0 2
80980 92520 82420 93960 0 2
80980 100920 82420 102360 0 2
80980 104280 82420 105720 0 2
80980 112680 82420 114120 0 2
80980 116880 82420 118320 0 2
81840 54720 83280 56160 0 2
81840 66480 83280 67920 0 2
81840 69840 83280 71280 0 2
81840 81600 83280 83040 0 2
81840 93360 83280 94800 0 2
81840 105120 83280 106560 0 2
82700 42960 84140 44400 0 2
82700 47160 84140 48600 0 2
82700 55560 84140 57000 0 2
82700 58920 84140 60360 0 2
82700 67320 84140 68760 0 2
82700 69000 84140 70440 0 2
82700 77400 84140 78840 0 2
82700 80760 84140 82200 0 2
82700 89160 84140 90600 0 2
82700 92520 84140 93960 0 2
82700 100920 84140 102360 0 2
82700 104280 84140 105720 0 2
82700 112680 84140 114120 0 2
82700 116880 84140 118320 0 2
83560 54720 85000 56160 0 2
83560 66480 85000 67920 0 2
83560 69840 85000 71280 0 2
83560 81600 85000 83040 0 2
83560 93360 85000 94800 0 2
83560 105120 85000 106560 0 2
84420 69000 85860 70440 0 2
84420 77400 85860 78840 0 2
84420 80760 85860 82200 0 2
84420 89160 85860 90600 0 2
84420 92520 85860 93960 0 2
84420 100920 85860 102360 0 2
84420 104280 85860 105720 0 2
84420 112680 85860 114120 0 2
84420 116880 85860 118320 0 2
85280 69840 86720 71280 0 2
85280 81600 86720 83040 0 2
85280 93360 86720 94800 0 2
85280 105120 86720 106560 0 2
86140 69000 87580 70440 0 2
86140 77400 87580 78840 0 2
86140 80760 87580 82200 0 2
86140 89160 87580 90600 0 2
86140 92520 87580 93960 0 2
86140 100920 87580 102360 0 2
86140 104280 87580 105720 0 2
86140 112680 87580 114120 0 2
86140 116880 87580 118320 0 2
87000 69840 88440 71280 0 2
87000 81600 88440 83040 0 2
87000 93360 88440 94800 0 2
87000 105120 88440 106560 0 2
16560 43040 17840 44320 1 2
16560 54800 17840 56080 1 2
16560 66560 17840 67840 1 2
17420 40520 18700 41800 1 2
17420 47240 18700 48520 1 2
17420 59000 18700 60280 1 2
18280 55640 19560 56920 1 2
18280 67400 19560 68680 1 2
18280 68240 19560 69520 1 2
21720 68240 23000 69520 1 2
21720 69080 23000 70360 1 2
21720 77480 23000 78760 1 2
21720 80840 23000 82120 1 2
21720 82520 23000 83800 1 2
21720 89240 23000 90520 1 2
21720 92600 23000 93880 1 2
21720 101000 23000 102280 1 2
21720 104360 23000 105640 1 2
21720 112760 23000 114040 1 2
22580 69920 23860 71200 1 2
22580 81680 23860 82960 1 2
22580 93440 23860 94720 1 2
22580 105200 23860 106480 1 2
22580 116960 23860 118240 1 2
29460 1040 30740 2320 1 2
29460 12800 30740 14080 1 2
29460 24560 30740 25840 1 2
30320 5240 31600 6520 1 2
30320 11960 31600 13240 1 2
30320 13640 31600 14920 1 2
30320 17000 31600 18280 1 2
30320 25400 31600 26680 1 2
37200 43040 38480 44320 1 2
37200 54800 38480 56080 1 2
38060 40520 39340 41800 1 2
38060 42200 39340 43480 1 2
38060 50600 39340 51880 1 2
50100 40520 51380 41800 1 2
50100 42200 51380 43480 1 2
50100 50600 51380 51880 1 2
50960 43040 52240 44320 1 2
50960 54800 52240 56080 1 2
56980 13640 58260 14920 1 2
56980 25400 58260 26680 1 2
57840 5240 59120 6520 1 2
57840 11960 59120 13240 1 2
57840 17000 59120 18280 1 2
58700 1040 59980 2320 1 2
58700 12800 59980 14080 1 2
58700 24560 59980 25840 1 2
65580 69920 66860 71200 1 2
65580 81680 66860 82960 1 2
65580 93440 66860 94720 1 2
65580 105200 66860 106480 1 2
65580 116960 66860 118240 1 2
66440 77480 67720 78760 1 2
66440 82520 67720 83800 1 2
66440 89240 67720 90520 1 2
66440 101000 67720 102280 1 2
66440 112760 67720 114040 1 2
67300 68240 68580 69520 1 2
67300 69080 68580 70360 1 2
67300 80840 68580 82120 1 2
67300 92600 68580 93880 1 2
67300 104360 68580 105640 1 2
69880 55640 71160 56920 1 2
69880 67400 71160 68680 1 2
69880 68240 71160 69520 1 2
70740 40520 72020 41800 1 2
70740 47240 72020 48520 1 2
70740 59000 72020 60280 1 2
71600 43040 72880 44320 1 2
71600 54800 72880 56080 1 2
71600 66560 72880 67840 1 2
