 1.00000000e+00  1.00000000e+00  0.00000000e+00  1.00000000e+00  3.18795660e+01  1.00000000e+00 -1.34487151e-06 
 1.25892541e+00  1.25892541e+00  0.00000000e+00  1.25892541e+00  3.18795660e+01  1.25892541e+00 -1.69309292e-06 
 1.58489319e+00  1.58489319e+00  0.00000000e+00  1.58489319e+00  3.18795660e+01  1.58489319e+00 -2.13147770e-06 
 1.99526231e+00  1.99526231e+00  0.00000000e+00  1.99526231e+00  3.18795660e+01  1.99526231e+00 -2.68337144e-06 
 2.51188643e+00  2.51188643e+00  0.00000000e+00  2.51188643e+00  3.18795660e+01  2.51188643e+00 -3.37816449e-06 
 3.16227766e+00  3.16227766e+00  0.00000000e+00  3.16227766e+00  3.18795660e+01  3.16227766e+00 -4.25285713e-06 
 3.98107171e+00  3.98107171e+00  0.00000000e+00  3.98107171e+00  3.18795660e+01  3.98107171e+00 -5.35402991e-06 
 5.01187234e+00  5.01187234e+00  0.00000000e+00  5.01187234e+00  3.18795660e+01  5.01187234e+00 -6.74032431e-06 
 6.30957344e+00  6.30957344e+00  0.00000000e+00  6.30957344e+00  3.18795660e+01  6.30957344e+00 -8.48556555e-06 
 7.94328235e+00  7.94328235e+00  0.00000000e+00  7.94328235e+00  3.18795660e+01  7.94328235e+00 -1.06826941e-05 
 1.00000000e+01  1.00000000e+01  0.00000000e+00  1.00000000e+01  3.18795660e+01  1.00000000e+01 -1.34487151e-05 
 1.25892541e+01  1.25892541e+01  0.00000000e+00  1.25892541e+01  3.18795660e+01  1.25892541e+01 -1.69309292e-05 
 1.58489319e+01  1.58489319e+01  0.00000000e+00  1.58489319e+01  3.18795660e+01  1.58489319e+01 -2.13147770e-05 
 1.99526231e+01  1.99526231e+01  0.00000000e+00  1.99526231e+01  3.18795660e+01  1.99526231e+01 -2.68337144e-05 
 2.51188643e+01  2.51188643e+01  0.00000000e+00  2.51188643e+01  3.18795660e+01  2.51188643e+01 -3.37816449e-05 
 3.16227766e+01  3.16227766e+01  0.00000000e+00  3.16227766e+01  3.18795659e+01  3.16227766e+01 -4.25285712e-05 
 3.98107171e+01  3.98107171e+01  0.00000000e+00  3.98107171e+01  3.18795659e+01  3.98107171e+01 -5.35402990e-05 
 5.01187234e+01  5.01187234e+01  0.00000000e+00  5.01187234e+01  3.18795659e+01  5.01187234e+01 -6.74032430e-05 
 6.30957344e+01  6.30957344e+01  0.00000000e+00  6.30957344e+01  3.18795659e+01  6.30957344e+01 -8.48556553e-05 
 7.94328235e+01  7.94328235e+01  0.00000000e+00  7.94328235e+01  3.18795659e+01  7.94328235e+01 -1.06826941e-04 
 1.00000000e+02  1.00000000e+02  0.00000000e+00  1.00000000e+02  3.18795659e+01  1.00000000e+02 -1.34487150e-04 
 1.25892541e+02  1.25892541e+02  0.00000000e+00  1.25892541e+02  3.18795658e+01  1.25892541e+02 -1.69309290e-04 
 1.58489319e+02  1.58489319e+02  0.00000000e+00  1.58489319e+02  3.18795658e+01  1.58489319e+02 -2.13147767e-04 
 1.99526231e+02  1.99526231e+02  0.00000000e+00  1.99526231e+02  3.18795656e+01  1.99526231e+02 -2.68337138e-04 
 2.51188643e+02  2.51188643e+02  0.00000000e+00  2.51188643e+02  3.18795655e+01  2.51188643e+02 -3.37816437e-04 
 3.16227766e+02  3.16227766e+02  0.00000000e+00  3.16227766e+02  3.18795652e+01  3.16227766e+02 -4.25285688e-04 
 3.98107171e+02  3.98107171e+02  0.00000000e+00  3.98107171e+02  3.18795647e+01  3.98107171e+02 -5.35402941e-04 
 5.01187234e+02  5.01187234e+02  0.00000000e+00  5.01187234e+02  3.18795640e+01  5.01187234e+02 -6.74032331e-04 
 6.30957344e+02  6.30957344e+02  0.00000000e+00  6.30957344e+02  3.18795629e+01  6.30957344e+02 -8.48556357e-04 
 7.94328235e+02  7.94328235e+02  0.00000000e+00  7.94328235e+02  3.18795611e+01  7.94328235e+02 -1.06826902e-03 
 1.00000000e+03  1.00000000e+03  0.00000000e+00  1.00000000e+03  3.18795583e+01  1.00000000e+03 -1.34487072e-03 
 1.25892541e+03  1.25892541e+03  0.00000000e+00  1.25892541e+03  3.18795537e+01  1.25892541e+03 -1.69309135e-03 
 1.58489319e+03  1.58489319e+03  0.00000000e+00  1.58489319e+03  3.18795466e+01  1.58489319e+03 -2.13147456e-03 
 1.99526231e+03  1.99526231e+03  0.00000000e+00  1.99526231e+03  3.18795353e+01  1.99526231e+03 -2.68336518e-03 
 2.51188643e+03  2.51188643e+03  0.00000000e+00  2.51188643e+03  3.18795174e+01  2.51188643e+03 -3.37815201e-03 
 3.16227766e+03  3.16227766e+03  0.00000000e+00  3.16227766e+03  3.18794889e+01  3.16227766e+03 -4.25283223e-03 
 3.98107171e+03  3.98107171e+03  0.00000000e+00  3.98107171e+03  3.18794439e+01  3.98107171e+03 -5.35398023e-03 
 5.01187234e+03  5.01187234e+03  0.00000000e+00  5.01187234e+03  3.18793725e+01  5.01187234e+03 -6.74022519e-03 
 6.30957344e+03  6.30957344e+03  0.00000000e+00  6.30957344e+03  3.18792593e+01  6.30957344e+03 -8.48536778e-03 
 7.94328235e+03  7.94328235e+03  0.00000000e+00  7.94328235e+03  3.18790799e+01  7.94328235e+03 -1.06822995e-02 
 1.00000000e+04  1.00000000e+04  0.00000000e+00  1.00000000e+04  3.18787957e+01  1.00000000e+04 -1.34479278e-02 
 1.25892541e+04  1.25892541e+04  0.00000000e+00  1.25892541e+04  3.18783452e+01  1.25892541e+04 -1.69293584e-02 
 1.58489319e+04  1.58489319e+04  0.00000000e+00  1.58489319e+04  3.18776314e+01  1.58489319e+04 -2.13116433e-02 
 1.99526231e+04  1.99526231e+04  0.00000000e+00  1.99526231e+04  3.18765002e+01  1.99526231e+04 -2.68274628e-02 
 2.51188643e+04  2.51188643e+04  0.00000000e+00  2.51188643e+04  3.18747081e+01  2.51188643e+04 -3.37691745e-02 
 3.16227766e+04  3.16227766e+04  0.00000000e+00  3.16227766e+04  3.18718693e+01  3.16227766e+04 -4.25036992e-02 
 3.98107171e+04  3.98107171e+04  0.00000000e+00  3.98107171e+04  3.18673739e+01  3.98107171e+04 -5.34907036e-02 
 5.01187234e+04  5.01187234e+04  0.00000000e+00  5.01187234e+04  3.18602587e+01  5.01187234e+04 -6.73043843e-02 
 6.30957344e+04  6.30957344e+04  0.00000000e+00  6.30957344e+04  3.18490057e+01  6.30957344e+04 -8.46587131e-02 
 7.94328235e+04  7.94328235e+04  0.00000000e+00  7.94328235e+04  3.18312304e+01  7.94328235e+04 -1.06434954e-01 
 1.00000000e+05  1.00000000e+05  0.00000000e+00  1.00000000e+05  3.18032066e+01  1.00000000e+05 -1.33708064e-01 
 1.25892541e+05  1.25892541e+05  0.00000000e+00  1.25892541e+05  3.17591589e+01  1.25892541e+05 -1.67764276e-01 
 1.58489319e+05  1.58489319e+05  0.00000000e+00  1.58489319e+05  3.16902503e+01  1.58489319e+05 -2.10094441e-01 
 1.99526231e+05  1.99526231e+05  0.00000000e+00  1.99526231e+05  3.15832285e+01  1.99526231e+05 -2.62335208e-01 
 2.51188643e+05  2.51188643e+05  0.00000000e+00  2.51188643e+05  3.14188333e+01  2.51188643e+05 -3.26113876e-01 
 3.16227766e+05  3.16227766e+05  0.00000000e+00  3.16227766e+05  3.11703953e+01  3.16227766e+05 -4.02741601e-01 
 3.98107171e+05  3.98107171e+05  0.00000000e+00  3.98107171e+05  3.08036250e+01  3.98107171e+05 -4.92719833e-01 
 5.01187234e+05  5.01187234e+05  0.00000000e+00  5.01187234e+05  3.02791700e+01  5.01187234e+05 -5.95120973e-01 
 6.30957344e+05  6.30957344e+05  0.00000000e+00  6.30957344e+05  2.95592685e+01  6.30957344e+05 -7.07094298e-01 
 7.94328235e+05  7.94328235e+05  0.00000000e+00  7.94328235e+05  2.86176614e+01  7.94328235e+05 -8.23912057e-01 
 1.00000000e+06  1.00000000e+06  0.00000000e+00  1.00000000e+06  2.74484138e+01  1.00000000e+06 -9.39828215e-01 
 1.25892541e+06  1.25892541e+06  0.00000000e+00  1.25892541e+06  2.60681040e+01  1.25892541e+06 -1.04948032e+00 
 1.58489319e+06  1.58489319e+06  0.00000000e+00  1.58489319e+06  2.45098198e+01  1.58489319e+06 -1.14910172e+00 
 1.99526231e+06  1.99526231e+06  0.00000000e+00  1.99526231e+06  2.28130533e+01  1.99526231e+06 -1.23698187e+00 
 2.51188643e+06  2.51188643e+06  0.00000000e+00  2.51188643e+06  2.10150261e+01  2.51188643e+06 -1.31320336e+00 
 3.16227766e+06  3.16227766e+06  0.00000000e+00  3.16227766e+06  1.91460732e+01  3.16227766e+06 -1.37905341e+00 
 3.98107171e+06  3.98107171e+06  0.00000000e+00  3.98107171e+06  1.72285819e+01  3.98107171e+06 -1.43646395e+00 
 5.01187234e+06  5.01187234e+06  0.00000000e+00  5.01187234e+06  1.52778390e+01  5.01187234e+06 -1.48763003e+00 
 6.30957344e+06  6.30957344e+06  0.00000000e+00  6.30957344e+06  1.33034342e+01  6.30957344e+06 -1.53480820e+00 
 7.94328235e+06  7.94328235e+06  0.00000000e+00  7.94328235e+06  1.13104926e+01  7.94328235e+06 -1.58024261e+00 
 1.00000000e+07  1.00000000e+07  0.00000000e+00  1.00000000e+07  9.30044516e+00  1.00000000e+07 -1.62616484e+00 
 1.25892541e+07  1.25892541e+07  0.00000000e+00  1.25892541e+07  7.27125859e+00  1.25892541e+07 -1.67482535e+00 
 1.58489319e+07  1.58489319e+07  0.00000000e+00  1.58489319e+07  5.21711211e+00  1.58489319e+07 -1.72852309e+00 
 1.99526231e+07  1.99526231e+07  0.00000000e+00  1.99526231e+07  3.12753950e+00  1.99526231e+07 -1.78959899e+00 
 2.51188643e+07  2.51188643e+07  0.00000000e+00  2.51188643e+07  9.86140551e-01  2.51188643e+07 -1.86034962e+00 
 3.16227766e+07  3.16227766e+07  0.00000000e+00  3.16227766e+07 -1.23079524e+00  3.16227766e+07 -1.94280651e+00 
 3.98107171e+07  3.98107171e+07  0.00000000e+00  3.98107171e+07 -3.55493423e+00  3.98107171e+07 -2.03833418e+00 
 5.01187234e+07  5.01187234e+07  0.00000000e+00  5.01187234e+07 -6.02439067e+00  5.01187234e+07 -2.14706757e+00 
 6.30957344e+07  6.30957344e+07  0.00000000e+00  6.30957344e+07 -8.67852093e+00  6.30957344e+07 -2.26737009e+00 
 7.94328235e+07  7.94328235e+07  0.00000000e+00  7.94328235e+07 -1.15489383e+01  7.94328235e+07 -2.39568556e+00 
 1.00000000e+08  1.00000000e+08  0.00000000e+00  1.00000000e+08 -1.46499254e+01  1.00000000e+08 -2.52714261e+00 
 1.25892541e+08  1.25892541e+08  0.00000000e+00  1.25892541e+08 -1.79738047e+01  1.25892541e+08 -2.65684531e+00 
 1.58489319e+08  1.58489319e+08  0.00000000e+00  1.58489319e+08 -2.14945959e+01  1.58489319e+08 -2.78122850e+00 
 1.99526231e+08  1.99526231e+08  0.00000000e+00  1.99526231e+08 -2.51776072e+01  1.99526231e+08 -2.89878541e+00 
 2.51188643e+08  2.51188643e+08  0.00000000e+00  2.51188643e+08 -2.89893483e+01  2.51188643e+08 -3.00997172e+00 
 3.16227766e+08  3.16227766e+08  0.00000000e+00  3.16227766e+08 -3.29037379e+01  3.16227766e+08 -3.11656995e+00 
 3.98107171e+08  3.98107171e+08  0.00000000e+00  3.98107171e+08 -3.69036823e+01  3.98107171e+08 -3.22087960e+00 
 5.01187234e+08  5.01187234e+08  0.00000000e+00  5.01187234e+08 -4.09784720e+01  5.01187234e+08 -3.32494893e+00 
 6.30957344e+08  6.30957344e+08  0.00000000e+00  6.30957344e+08 -4.51171496e+01  6.30957344e+08 -3.42998445e+00 
 7.94328235e+08  7.94328235e+08  0.00000000e+00  7.94328235e+08 -4.92980403e+01  7.94328235e+08 -3.53616689e+00 
 1.00000000e+09  1.00000000e+09  0.00000000e+00  1.00000000e+09 -5.34769633e+01  1.00000000e+09 -3.64320080e+00 
 1.25892541e+09  1.25892541e+09  0.00000000e+00  1.25892541e+09 -5.75808132e+01  1.25892541e+09 -3.75164946e+00 
 1.58489319e+09  1.58489319e+09  0.00000000e+00  1.58489319e+09 -6.15142538e+01  1.58489319e+09 -3.86429927e+00 
 1.99526231e+09  1.99526231e+09  0.00000000e+00  1.99526231e+09 -6.51798453e+01  1.99526231e+09 -3.98619602e+00 
 2.51188643e+09  2.51188643e+09  0.00000000e+00  2.51188643e+09 -6.85006761e+01  2.51188643e+09 -4.12277308e+00 
 3.16227766e+09  3.16227766e+09  0.00000000e+00  3.16227766e+09 -7.14327631e+01  3.16227766e+09 -4.27729720e+00 
 3.98107171e+09  3.98107171e+09  0.00000000e+00  3.98107171e+09 -7.39643138e+01  3.98107171e+09 -4.44949369e+00 
 5.01187234e+09  5.01187234e+09  0.00000000e+00  5.01187234e+09 -7.61068093e+01  5.01187234e+09 -4.63581544e+00 
 6.30957344e+09  6.30957344e+09  0.00000000e+00  6.30957344e+09 -7.78834064e+01  6.30957344e+09 -4.83042048e+00 
 7.94328235e+09  7.94328235e+09  0.00000000e+00  7.94328235e+09 -7.93203363e+01  7.94328235e+09 -5.02610197e+00 
 1.00000000e+10  1.00000000e+10  0.00000000e+00  1.00000000e+10 -8.04458234e+01  1.00000000e+10 -5.21522531e+00 
 1.25892541e+10  1.25892541e+10  0.00000000e+00  1.25892541e+10 -8.12943810e+01  1.25892541e+10 -5.39088343e+00 
 1.58489319e+10  1.58489319e+10  0.00000000e+00  1.58489319e+10 -8.19091946e+01  1.58489319e+10 -5.54803767e+00 
 1.99526231e+10  1.99526231e+10  0.00000000e+00  1.99526231e+10 -8.23386680e+01  1.99526231e+10 -5.68413053e+00 
 2.51188643e+10  2.51188643e+10  0.00000000e+00  2.51188643e+10 -8.26297582e+01  2.51188643e+10 -5.79893589e+00 
 3.16227766e+10  3.16227766e+10  0.00000000e+00  3.16227766e+10 -8.28225807e+01  3.16227766e+10 -5.89388926e+00 
 3.98107171e+10  3.98107171e+10  0.00000000e+00  3.98107171e+10 -8.29482275e+01  3.98107171e+10 -5.97131447e+00 
 5.01187234e+10  5.01187234e+10  0.00000000e+00  5.01187234e+10 -8.30291787e+01  5.01187234e+10 -6.03381709e+00 
 6.30957344e+10  6.30957344e+10  0.00000000e+00  6.30957344e+10 -8.30809328e+01  6.30957344e+10 -6.08391201e+00 
 7.94328235e+10  7.94328235e+10  0.00000000e+00  7.94328235e+10 -8.31138403e+01  7.94328235e+10 -6.12384109e+00 
 1.00000000e+11  1.00000000e+11  0.00000000e+00  1.00000000e+11 -8.31346693e+01  1.00000000e+11 -6.15551127e+00 
 1.25892541e+11  1.25892541e+11  0.00000000e+00  1.25892541e+11 -8.31477809e+01  1.25892541e+11 -6.18049726e+00 
 1.58489319e+11  1.58489319e+11  0.00000000e+00  1.58489319e+11 -8.31559533e+01  1.58489319e+11 -6.20007309e+00 
 1.99526231e+11  1.99526231e+11  0.00000000e+00  1.99526231e+11 -8.31609316e+01  1.99526231e+11 -6.21525280e+00 
 2.51188643e+11  2.51188643e+11  0.00000000e+00  2.51188643e+11 -8.31637850e+01  2.51188643e+11 -6.22683064e+00 
 3.16227766e+11  3.16227766e+11  0.00000000e+00  3.16227766e+11 -8.31651279e+01  3.16227766e+11 -6.23541647e+00 
 3.98107171e+11  3.98107171e+11  0.00000000e+00  3.98107171e+11 -8.31652481e+01  3.98107171e+11 -6.24146523e+00 
 5.01187234e+11  5.01187234e+11  0.00000000e+00  5.01187234e+11 -8.31641679e+01  5.01187234e+11 -6.24530048e+00 
 6.30957344e+11  6.30957344e+11  0.00000000e+00  6.30957344e+11 -8.31616522e+01  6.30957344e+11 -6.24713284e+00 
 7.94328235e+11  7.94328235e+11  0.00000000e+00  7.94328235e+11 -8.31571673e+01  7.94328235e+11 -6.24707468e+00 
 1.00000000e+12  1.00000000e+12  0.00000000e+00  1.00000000e+12 -8.31497896e+01  1.00000000e+12 -6.24515287e+00 
 1.25892541e+12  1.25892541e+12  0.00000000e+00  1.25892541e+12 -8.31380568e+01  1.25892541e+12 -6.24132295e+00 
 1.58489319e+12  1.58489319e+12  0.00000000e+00  1.58489319e+12 -8.31197615e+01  1.58489319e+12 -6.23548933e+00 
 1.99526231e+12  1.99526231e+12  0.00000000e+00  1.99526231e+12 -8.30917096e+01  1.99526231e+12 -6.22753806e+00 
 2.51188643e+12  2.51188643e+12  0.00000000e+00  2.51188643e+12 -8.30494953e+01  2.51188643e+12 -6.21738813e+00 
 3.16227766e+12  3.16227766e+12  0.00000000e+00  3.16227766e+12 -8.29873821e+01  3.16227766e+12 -6.20506425e+00 
 3.98107171e+12  3.98107171e+12  0.00000000e+00  3.98107171e+12 -8.28983723e+01  3.98107171e+12 -6.19078991e+00 
 5.01187234e+12  5.01187234e+12  0.00000000e+00  5.01187234e+12 -8.27745358e+01  5.01187234e+12 -6.17510374e+00 
 6.30957344e+12  6.30957344e+12  0.00000000e+00  6.30957344e+12 -8.26078580e+01  6.30957344e+12 -6.15901375e+00 
 7.94328235e+12  7.94328235e+12  0.00000000e+00  7.94328235e+12 -8.23923646e+01  7.94328235e+12 -6.14416725e+00 
 1.00000000e+13  1.00000000e+13  0.00000000e+00  1.00000000e+13 -8.21282488e+01  1.00000000e+13 -6.13287248e+00 
 1.25892541e+13  1.25892541e+13  0.00000000e+00  1.25892541e+13 -8.18267955e+01  1.25892541e+13 -6.12768569e+00 
 1.58489319e+13  1.58489319e+13  0.00000000e+00  1.58489319e+13 -8.15119887e+01  1.58489319e+13 -6.13049170e+00 
 1.99526231e+13  1.99526231e+13  0.00000000e+00  1.99526231e+13 -8.12151172e+01  1.99526231e+13 -6.14156005e+00 
 2.51188643e+13  2.51188643e+13  0.00000000e+00  2.51188643e+13 -8.09643732e+01  2.51188643e+13 -6.15931062e+00 
 3.16227766e+13  3.16227766e+13  0.00000000e+00  3.16227766e+13 -8.07763700e+01  3.16227766e+13 -6.18097435e+00 
 3.98107171e+13  3.98107171e+13  0.00000000e+00  3.98107171e+13 -8.06541995e+01  3.98107171e+13 -6.20359156e+00 
 5.01187234e+13  5.01187234e+13  0.00000000e+00  5.01187234e+13 -8.05906094e+01  5.01187234e+13 -6.22473002e+00 
 6.30957344e+13  6.30957344e+13  0.00000000e+00  6.30957344e+13 -8.05724896e+01  6.30957344e+13 -6.24277707e+00 
 7.94328235e+13  7.94328235e+13  0.00000000e+00  7.94328235e+13 -8.05846878e+01  7.94328235e+13 -6.25696935e+00 
 1.00000000e+14  1.00000000e+14  0.00000000e+00  1.00000000e+14 -8.06130198e+01  1.00000000e+14 -6.26728539e+00 
 1.25892541e+14  1.25892541e+14  0.00000000e+00  1.25892541e+14 -8.06464037e+01  1.25892541e+14 -6.27423137e+00 
 1.58489319e+14  1.58489319e+14  0.00000000e+00  1.58489319e+14 -8.06777479e+01  1.58489319e+14 -6.27857171e+00 
 1.99526231e+14  1.99526231e+14  0.00000000e+00  1.99526231e+14 -8.07036249e+01  1.99526231e+14 -6.28109170e+00 
 2.51188643e+14  2.51188643e+14  0.00000000e+00  2.51188643e+14 -8.07232334e+01  2.51188643e+14 -6.28244916e+00 
 3.16227766e+14  3.16227766e+14  0.00000000e+00  3.16227766e+14 -8.07372298e+01  3.16227766e+14 -6.28312087e+00 
 3.98107171e+14  3.98107171e+14  0.00000000e+00  3.98107171e+14 -8.07468136e+01  3.98107171e+14 -6.28341567e+00 
 5.01187234e+14  5.01187234e+14  0.00000000e+00  5.01187234e+14 -8.07531927e+01  5.01187234e+14 -6.28351673e+00 
 6.30957344e+14  6.30957344e+14  0.00000000e+00  6.30957344e+14 -8.07573592e+01  6.30957344e+14 -6.28352546e+00 
 7.94328235e+14  7.94328235e+14  0.00000000e+00  7.94328235e+14 -8.07600469e+01  7.94328235e+14 -6.28349487e+00 
 1.00000000e+15  1.00000000e+15  0.00000000e+00  1.00000000e+15 -8.07617669e+01  1.00000000e+15 -6.28345120e+00 
