 1.00000000e+00  1.00000000e+00  0.00000000e+00  1.00000000e+00  3.35604999e+01  1.00000000e+00 -1.47104814e-06 
 1.25892541e+00  1.25892541e+00  0.00000000e+00  1.25892541e+00  3.35604999e+01  1.25892541e+00 -1.85193988e-06 
 1.58489319e+00  1.58489319e+00  0.00000000e+00  1.58489319e+00  3.35604999e+01  1.58489319e+00 -2.33145418e-06 
 1.99526231e+00  1.99526231e+00  0.00000000e+00  1.99526231e+00  3.35604999e+01  1.99526231e+00 -2.93512691e-06 
 2.51188643e+00  2.51188643e+00  0.00000000e+00  2.51188643e+00  3.35604999e+01  2.51188643e+00 -3.69510585e-06 
 3.16227766e+00  3.16227766e+00  0.00000000e+00  3.16227766e+00  3.35604999e+01  3.16227766e+00 -4.65186266e-06 
 3.98107171e+00  3.98107171e+00  0.00000000e+00  3.98107171e+00  3.35604999e+01  3.98107171e+00 -5.85634811e-06 
 5.01187234e+00  5.01187234e+00  0.00000000e+00  5.01187234e+00  3.35604999e+01  5.01187234e+00 -7.37270546e-06 
 6.30957344e+00  6.30957344e+00  0.00000000e+00  6.30957344e+00  3.35604999e+01  6.30957344e+00 -9.28168626e-06 
 7.94328235e+00  7.94328235e+00  0.00000000e+00  7.94328235e+00  3.35604999e+01  7.94328235e+00 -1.16849507e-05 
 1.00000000e+01  1.00000000e+01  0.00000000e+00  1.00000000e+01  3.35604999e+01  1.00000000e+01 -1.47104814e-05 
 1.25892541e+01  1.25892541e+01  0.00000000e+00  1.25892541e+01  3.35604999e+01  1.25892541e+01 -1.85193988e-05 
 1.58489319e+01  1.58489319e+01  0.00000000e+00  1.58489319e+01  3.35604999e+01  1.58489319e+01 -2.33145418e-05 
 1.99526231e+01  1.99526231e+01  0.00000000e+00  1.99526231e+01  3.35604999e+01  1.99526231e+01 -2.93512691e-05 
 2.51188643e+01  2.51188643e+01  0.00000000e+00  2.51188643e+01  3.35604999e+01  2.51188643e+01 -3.69510585e-05 
 3.16227766e+01  3.16227766e+01  0.00000000e+00  3.16227766e+01  3.35604999e+01  3.16227766e+01 -4.65186266e-05 
 3.98107171e+01  3.98107171e+01  0.00000000e+00  3.98107171e+01  3.35604999e+01  3.98107171e+01 -5.85634811e-05 
 5.01187234e+01  5.01187234e+01  0.00000000e+00  5.01187234e+01  3.35604999e+01  5.01187234e+01 -7.37270545e-05 
 6.30957344e+01  6.30957344e+01  0.00000000e+00  6.30957344e+01  3.35604998e+01  6.30957344e+01 -9.28168623e-05 
 7.94328235e+01  7.94328235e+01  0.00000000e+00  7.94328235e+01  3.35604998e+01  7.94328235e+01 -1.16849506e-04 
 1.00000000e+02  1.00000000e+02  0.00000000e+00  1.00000000e+02  3.35604998e+01  1.00000000e+02 -1.47104813e-04 
 1.25892541e+02  1.25892541e+02  0.00000000e+00  1.25892541e+02  3.35604997e+01  1.25892541e+02 -1.85193986e-04 
 1.58489319e+02  1.58489319e+02  0.00000000e+00  1.58489319e+02  3.35604997e+01  1.58489319e+02 -2.33145414e-04 
 1.99526231e+02  1.99526231e+02  0.00000000e+00  1.99526231e+02  3.35604995e+01  1.99526231e+02 -2.93512683e-04 
 2.51188643e+02  2.51188643e+02  0.00000000e+00  2.51188643e+02  3.35604993e+01  2.51188643e+02 -3.69510569e-04 
 3.16227766e+02  3.16227766e+02  0.00000000e+00  3.16227766e+02  3.35604990e+01  3.16227766e+02 -4.65186233e-04 
 3.98107171e+02  3.98107171e+02  0.00000000e+00  3.98107171e+02  3.35604984e+01  3.98107171e+02 -5.85634746e-04 
 5.01187234e+02  5.01187234e+02  0.00000000e+00  5.01187234e+02  3.35604976e+01  5.01187234e+02 -7.37270415e-04 
 6.30957344e+02  6.30957344e+02  0.00000000e+00  6.30957344e+02  3.35604962e+01  6.30957344e+02 -9.28168364e-04 
 7.94328235e+02  7.94328235e+02  0.00000000e+00  7.94328235e+02  3.35604940e+01  7.94328235e+02 -1.16849455e-03 
 1.00000000e+03  1.00000000e+03  0.00000000e+00  1.00000000e+03  3.35604906e+01  1.00000000e+03 -1.47104709e-03 
 1.25892541e+03  1.25892541e+03  0.00000000e+00  1.25892541e+03  3.35604852e+01  1.25892541e+03 -1.85193780e-03 
 1.58489319e+03  1.58489319e+03  0.00000000e+00  1.58489319e+03  3.35604766e+01  1.58489319e+03 -2.33145003e-03 
 1.99526231e+03  1.99526231e+03  0.00000000e+00  1.99526231e+03  3.35604629e+01  1.99526231e+03 -2.93511864e-03 
 2.51188643e+03  2.51188643e+03  0.00000000e+00  2.51188643e+03  3.35604413e+01  2.51188643e+03 -3.69508934e-03 
 3.16227766e+03  3.16227766e+03  0.00000000e+00  3.16227766e+03  3.35604070e+01  3.16227766e+03 -4.65182972e-03 
 3.98107171e+03  3.98107171e+03  0.00000000e+00  3.98107171e+03  3.35603528e+01  3.98107171e+03 -5.85628238e-03 
 5.01187234e+03  5.01187234e+03  0.00000000e+00  5.01187234e+03  3.35602667e+01  5.01187234e+03 -7.37257432e-03 
 6.30957344e+03  6.30957344e+03  0.00000000e+00  6.30957344e+03  3.35601303e+01  6.30957344e+03 -9.28142459e-03 
 7.94328235e+03  7.94328235e+03  0.00000000e+00  7.94328235e+03  3.35599142e+01  7.94328235e+03 -1.16844286e-02 
 1.00000000e+04  1.00000000e+04  0.00000000e+00  1.00000000e+04  3.35595716e+01  1.00000000e+04 -1.47094397e-02 
 1.25892541e+04  1.25892541e+04  0.00000000e+00  1.25892541e+04  3.35590287e+01  1.25892541e+04 -1.85173206e-02 
 1.58489319e+04  1.58489319e+04  0.00000000e+00  1.58489319e+04  3.35581685e+01  1.58489319e+04 -2.33103958e-02 
 1.99526231e+04  1.99526231e+04  0.00000000e+00  1.99526231e+04  3.35568055e+01  1.99526231e+04 -2.93429983e-02 
 2.51188643e+04  2.51188643e+04  0.00000000e+00  2.51188643e+04  3.35546461e+01  2.51188643e+04 -3.69345610e-02 
 3.16227766e+04  3.16227766e+04  0.00000000e+00  3.16227766e+04  3.35512260e+01  3.16227766e+04 -4.64857252e-02 
 3.98107171e+04  3.98107171e+04  0.00000000e+00  3.98107171e+04  3.35458109e+01  3.98107171e+04 -5.84978833e-02 
 5.01187234e+04  5.01187234e+04  0.00000000e+00  5.01187234e+04  3.35372424e+01  5.01187234e+04 -7.35963247e-02 
 6.30957344e+04  6.30957344e+04  0.00000000e+00  6.30957344e+04  3.35236967e+01  6.30957344e+04 -9.25565103e-02 
 7.94328235e+04  7.94328235e+04  0.00000000e+00  7.94328235e+04  3.35023144e+01  7.94328235e+04 -1.16331571e-01 
 1.00000000e+05  1.00000000e+05  0.00000000e+00  1.00000000e+05  3.34686400e+01  1.00000000e+05 -1.46076206e-01 
 1.25892541e+05  1.25892541e+05  0.00000000e+00  1.25892541e+05  3.34157987e+01  1.25892541e+05 -1.83156643e-01 
 1.58489319e+05  1.58489319e+05  0.00000000e+00  1.58489319e+05  3.33333459e+01  1.58489319e+05 -2.29126757e-01 
 1.99526231e+05  1.99526231e+05  0.00000000e+00  1.99526231e+05  3.32057911e+01  1.99526231e+05 -2.85636059e-01 
 2.51188643e+05  2.51188643e+05  0.00000000e+00  2.51188643e+05  3.30110042e+01  2.51188643e+05 -3.54219248e-01 
 3.16227766e+05  3.16227766e+05  0.00000000e+00  3.16227766e+05  3.27191380e+01  3.16227766e+05 -4.35914117e-01 
 3.98107171e+05  3.98107171e+05  0.00000000e+00  3.98107171e+05  3.22933329e+01  3.98107171e+05 -5.30699902e-01 
 5.01187234e+05  5.01187234e+05  0.00000000e+00  5.01187234e+05  3.16938456e+01  5.01187234e+05 -6.36885027e-01 
 6.30957344e+05  6.30957344e+05  0.00000000e+00  6.30957344e+05  3.08863205e+01  6.30957344e+05 -7.50778662e-01 
 7.94328235e+05  7.94328235e+05  0.00000000e+00  7.94328235e+05  2.98519582e+01  7.94328235e+05 -8.67055803e-01 
 1.00000000e+06  1.00000000e+06  0.00000000e+00  1.00000000e+06  2.85942073e+01  1.00000000e+06 -9.79902779e-01 
 1.25892541e+06  1.25892541e+06  0.00000000e+00  1.25892541e+06  2.71374681e+01  1.25892541e+06 -1.08443487e+00 
 1.58489319e+06  1.58489319e+06  0.00000000e+00  1.58489319e+06  2.55187287e+01  1.58489319e+06 -1.17763708e+00 
 1.99526231e+06  1.99526231e+06  0.00000000e+00  1.99526231e+06  2.37774941e+01  1.99526231e+06 -1.25849294e+00 
 2.51188643e+06  2.51188643e+06  0.00000000e+00  2.51188643e+06  2.19486740e+01  2.51188643e+06 -1.32753205e+00 
 3.16227766e+06  3.16227766e+06  0.00000000e+00  3.16227766e+06  2.00596135e+01  3.16227766e+06 -1.38621600e+00 
 3.98107171e+06  3.98107171e+06  0.00000000e+00  3.98107171e+06  1.81300579e+01  3.98107171e+06 -1.43643686e+00 
 5.01187234e+06  5.01187234e+06  0.00000000e+00  5.01187234e+06  1.61734349e+01  5.01187234e+06 -1.48020556e+00 
 6.30957344e+06  6.30957344e+06  0.00000000e+00  6.30957344e+06  1.41983730e+01  6.30957344e+06 -1.51950148e+00 
 7.94328235e+06  7.94328235e+06  0.00000000e+00  7.94328235e+06  1.22099613e+01  7.94328235e+06 -1.55622813e+00 
 1.00000000e+07  1.00000000e+07  0.00000000e+00  1.00000000e+07  1.02105968e+01  1.00000000e+07 -1.59222896e+00 
 1.25892541e+07  1.25892541e+07  0.00000000e+00  1.25892541e+07  8.20041146e+00  1.25892541e+07 -1.62933262e+00 
 1.58489319e+07  1.58489319e+07  0.00000000e+00  1.58489319e+07  6.17729583e+00  1.58489319e+07 -1.66940809e+00 
 1.99526231e+07  1.99526231e+07  0.00000000e+00  1.99526231e+07  4.13652166e+00  1.99526231e+07 -1.71441371e+00 
 2.51188643e+07  2.51188643e+07  0.00000000e+00  2.51188643e+07  2.06994446e+00  2.51188643e+07 -1.76642149e+00 
 3.16227766e+07  3.16227766e+07  0.00000000e+00  3.16227766e+07 -3.52120102e-02  3.16227766e+07 -1.82758789e+00 
 3.98107171e+07  3.98107171e+07  0.00000000e+00  3.98107171e+07 -2.19786608e+00  3.98107171e+07 -1.90002731e+00 
 5.01187234e+07  5.01187234e+07  0.00000000e+00  5.01187234e+07 -4.44444547e+00  5.01187234e+07 -1.98553394e+00 
 6.30957344e+07  6.30957344e+07  0.00000000e+00  6.30957344e+07 -6.80911726e+00  6.30957344e+07 -2.08511659e+00 
 7.94328235e+07  7.94328235e+07  0.00000000e+00  7.94328235e+07 -9.33131121e+00  7.94328235e+07 -2.19840593e+00 
 1.00000000e+08  1.00000000e+08  0.00000000e+00  1.00000000e+08 -1.20491935e+01  1.00000000e+08 -2.32318084e+00 
 1.25892541e+08  1.25892541e+08  0.00000000e+00  1.25892541e+08 -1.49898708e+01  1.25892541e+08 -2.45542688e+00 
 1.58489319e+08  1.58489319e+08  0.00000000e+00  1.58489319e+08 -1.81606062e+01  1.58489319e+08 -2.59020504e+00 
 1.99526231e+08  1.99526231e+08  0.00000000e+00  1.99526231e+08 -2.15466108e+01  1.99526231e+08 -2.72307290e+00 
 2.51188643e+08  2.51188643e+08  0.00000000e+00  2.51188643e+08 -2.51171049e+01  2.51188643e+08 -2.85132707e+00 
 3.16227766e+08  3.16227766e+08  0.00000000e+00  3.16227766e+08 -2.88356672e+01  3.16227766e+08 -2.97448396e+00 
 3.98107171e+08  3.98107171e+08  0.00000000e+00  3.98107171e+08 -3.26692782e+01  3.98107171e+08 -3.09399198e+00 
 5.01187234e+08  5.01187234e+08  0.00000000e+00  5.01187234e+08 -3.65931547e+01  5.01187234e+08 -3.21253070e+00 
 6.30957344e+08  6.30957344e+08  0.00000000e+00  6.30957344e+08 -4.05913202e+01  6.30957344e+08 -3.33320179e+00 
 7.94328235e+08  7.94328235e+08  0.00000000e+00  7.94328235e+08 -4.46534752e+01  7.94328235e+08 -3.45872001e+00 
 1.00000000e+09  1.00000000e+09  0.00000000e+00  1.00000000e+09 -4.87677708e+01  1.00000000e+09 -3.59064130e+00 
 1.25892541e+09  1.25892541e+09  0.00000000e+00  1.25892541e+09 -5.29085480e+01  1.25892541e+09 -3.72882731e+00 
 1.58489319e+09  1.58489319e+09  0.00000000e+00  1.58489319e+09 -5.70206344e+01  1.58489319e+09 -3.87164929e+00 
 1.99526231e+09  1.99526231e+09  0.00000000e+00  1.99526231e+09 -6.10089232e+01  1.99526231e+09 -4.01740898e+00 
 2.51188643e+09  2.51188643e+09  0.00000000e+00  2.51188643e+09 -6.47478717e+01  2.51188643e+09 -4.16643017e+00 
 3.16227766e+09  3.16227766e+09  0.00000000e+00  3.16227766e+09 -6.81157532e+01  3.16227766e+09 -4.32181012e+00 
 3.98107171e+09  3.98107171e+09  0.00000000e+00  3.98107171e+09 -7.10332007e+01  3.98107171e+09 -4.48739073e+00 
 5.01187234e+09  5.01187234e+09  0.00000000e+00  5.01187234e+09 -7.34772726e+01  5.01187234e+09 -4.66448461e+00 
 6.30957344e+09  6.30957344e+09  0.00000000e+00  6.30957344e+09 -7.54672022e+01  6.30957344e+09 -4.85016411e+00 
 7.94328235e+09  7.94328235e+09  0.00000000e+00  7.94328235e+09 -7.70422154e+01  7.94328235e+09 -5.03792284e+00 
 1.00000000e+10  1.00000000e+10  0.00000000e+00  1.00000000e+10 -7.82489425e+01  1.00000000e+10 -5.21964424e+00 
 1.25892541e+10  1.25892541e+10  0.00000000e+00  1.25892541e+10 -7.91391014e+01  1.25892541e+10 -5.38771575e+00 
 1.58489319e+10  1.58489319e+10  0.00000000e+00  1.58489319e+10 -7.97687302e+01  1.58489319e+10 -5.53658984e+00 
 1.99526231e+10  1.99526231e+10  0.00000000e+00  1.99526231e+10 -8.01937646e+01  1.99526231e+10 -5.66342597e+00 
 2.51188643e+10  2.51188643e+10  0.00000000e+00  2.51188643e+10 -8.04637383e+01  2.51188643e+10 -5.76785468e+00 
 3.16227766e+10  3.16227766e+10  0.00000000e+00  3.16227766e+10 -8.06173022e+01  3.16227766e+10 -5.85127852e+00 
 3.98107171e+10  3.98107171e+10  0.00000000e+00  3.98107171e+10 -8.06810668e+01  3.98107171e+10 -5.91617352e+00 
 5.01187234e+10  5.01187234e+10  0.00000000e+00  5.01187234e+10 -8.06713170e+01  5.01187234e+10 -5.96563874e+00 
 6.30957344e+10  6.30957344e+10  0.00000000e+00  6.30957344e+10 -8.05978079e+01  6.30957344e+10 -6.00318762e+00 
 7.94328235e+10  7.94328235e+10  0.00000000e+00  7.94328235e+10 -8.04689573e+01  7.94328235e+10 -6.03259399e+00 
 1.00000000e+11  1.00000000e+11  0.00000000e+00  1.00000000e+11 -8.02969881e+01  1.00000000e+11 -6.05754862e+00 
 1.25892541e+11  1.25892541e+11  0.00000000e+00  1.25892541e+11 -8.01002627e+01  1.25892541e+11 -6.08105540e+00 
 1.58489319e+11  1.58489319e+11  0.00000000e+00  1.58489319e+11 -7.99007138e+01  1.58489319e+11 -6.10486625e+00 
 1.99526231e+11  1.99526231e+11  0.00000000e+00  1.99526231e+11 -7.97181624e+01  1.99526231e+11 -6.12939461e+00 
 2.51188643e+11  2.51188643e+11  0.00000000e+00  2.51188643e+11 -7.95661693e+01  2.51188643e+11 -6.15413630e+00 
 3.16227766e+11  3.16227766e+11  0.00000000e+00  3.16227766e+11 -7.94514881e+01  3.16227766e+11 -6.17816838e+00 
 3.98107171e+11  3.98107171e+11  0.00000000e+00  3.98107171e+11 -7.93749502e+01  3.98107171e+11 -6.20043477e+00 
 5.01187234e+11  5.01187234e+11  0.00000000e+00  5.01187234e+11 -7.93317539e+01  5.01187234e+11 -6.21995545e+00 
 6.30957344e+11  6.30957344e+11  0.00000000e+00  6.30957344e+11 -7.93121776e+01  6.30957344e+11 -6.23613204e+00 
 7.94328235e+11  7.94328235e+11  0.00000000e+00  7.94328235e+11 -7.93042312e+01  7.94328235e+11 -6.24901605e+00 
 1.00000000e+12  1.00000000e+12  0.00000000e+00  1.00000000e+12 -7.92972910e+01  1.00000000e+12 -6.25931557e+00 
 1.25892541e+12  1.25892541e+12  0.00000000e+00  1.25892541e+12 -7.92845110e+01  1.25892541e+12 -6.26816155e+00 
 1.58489319e+12  1.58489319e+12  0.00000000e+00  1.58489319e+12 -7.92632824e+01  1.58489319e+12 -6.27684785e+00 
 1.99526231e+12  1.99526231e+12  0.00000000e+00  1.99526231e+12 -7.92348158e+01  1.99526231e+12 -6.28668941e+00 
 2.51188643e+12  2.51188643e+12  0.00000000e+00  2.51188643e+12 -7.92041832e+01  2.51188643e+12 -6.29896135e+00 
 3.16227766e+12  3.16227766e+12  0.00000000e+00  3.16227766e+12 -7.91810561e+01  3.16227766e+12 -6.31477122e+00 
 3.98107171e+12  3.98107171e+12  0.00000000e+00  3.98107171e+12 -7.91799288e+01  3.98107171e+12 -6.33476906e+00 
 5.01187234e+12  5.01187234e+12  0.00000000e+00  5.01187234e+12 -7.92182863e+01  5.01187234e+12 -6.35879235e+00 
 6.30957344e+12  6.30957344e+12  0.00000000e+00  6.30957344e+12 -7.93126839e+01  6.30957344e+12 -6.38566994e+00 
 7.94328235e+12  7.94328235e+12  0.00000000e+00  7.94328235e+12 -7.94742307e+01  7.94328235e+12 -6.41329715e+00 
 1.00000000e+13  1.00000000e+13  0.00000000e+00  1.00000000e+13 -7.97045022e+01  1.00000000e+13 -6.43894613e+00 
 1.25892541e+13  1.25892541e+13  0.00000000e+00  1.25892541e+13 -7.99923783e+01  1.25892541e+13 -6.45984052e+00 
 1.58489319e+13  1.58489319e+13  0.00000000e+00  1.58489319e+13 -8.03138259e+01  1.58489319e+13 -6.47402558e+00 
 1.99526231e+13  1.99526231e+13  0.00000000e+00  1.99526231e+13 -8.06372258e+01  1.99526231e+13 -6.48123347e+00 
 2.51188643e+13  2.51188643e+13  0.00000000e+00  2.51188643e+13 -8.09333023e+01  2.51188643e+13 -6.48317420e+00 
 3.16227766e+13  3.16227766e+13  0.00000000e+00  3.16227766e+13 -8.11842585e+01  3.16227766e+13 -6.48298569e+00 
 3.98107171e+13  3.98107171e+13  0.00000000e+00  3.98107171e+13 -8.13870266e+01  3.98107171e+13 -6.48422510e+00 
 5.01187234e+13  5.01187234e+13  0.00000000e+00  5.01187234e+13 -8.15505817e+01  5.01187234e+13 -6.49004881e+00 
 6.30957344e+13  6.30957344e+13  0.00000000e+00  6.30957344e+13 -8.16911610e+01  6.30957344e+13 -6.50289120e+00 
 7.94328235e+13  7.94328235e+13  0.00000000e+00  7.94328235e+13 -8.18288128e+01  7.94328235e+13 -6.52451009e+00 
 1.00000000e+14  1.00000000e+14  0.00000000e+00  1.00000000e+14 -8.19862180e+01  1.00000000e+14 -6.55611348e+00 
 1.25892541e+14  1.25892541e+14  0.00000000e+00  1.25892541e+14 -8.21889293e+01  1.25892541e+14 -6.59835965e+00 
 1.58489319e+14  1.58489319e+14  0.00000000e+00  1.58489319e+14 -8.24654373e+01  1.58489319e+14 -6.65115439e+00 
 1.99526231e+14  1.99526231e+14  0.00000000e+00  1.99526231e+14 -8.28453191e+01  1.99526231e+14 -6.71330956e+00 
 2.51188643e+14  2.51188643e+14  0.00000000e+00  2.51188643e+14 -8.33543313e+01  2.51188643e+14 -6.78229695e+00 
 3.16227766e+14  3.16227766e+14  0.00000000e+00  3.16227766e+14 -8.40074408e+01  3.16227766e+14 -6.85444182e+00 
 3.98107171e+14  3.98107171e+14  0.00000000e+00  3.98107171e+14 -8.48037257e+01  3.98107171e+14 -6.92571517e+00 
 5.01187234e+14  5.01187234e+14  0.00000000e+00  5.01187234e+14 -8.57271668e+01  5.01187234e+14 -6.99276891e+00 
 6.30957344e+14  6.30957344e+14  0.00000000e+00  6.30957344e+14 -8.67524719e+01  6.30957344e+14 -7.05359621e+00 
 7.94328235e+14  7.94328235e+14  0.00000000e+00  7.94328235e+14 -8.78511672e+01  7.94328235e+14 -7.10768634e+00 
 1.00000000e+15  1.00000000e+15  0.00000000e+00  1.00000000e+15 -8.89965892e+01  1.00000000e+15 -7.15605273e+00 
