1000 22800 2440 24240 0 2
1000 34560 2440 36000 0 2
1000 46320 2440 47760 0 2
1000 58080 2440 59520 0 2
1000 63120 2440 64560 0 2
2720 11880 4160 13320 0 2
2720 16080 4160 17520 0 2
2720 23640 4160 25080 0 2
2720 27840 4160 29280 0 2
2720 36240 4160 37680 0 2
2720 39600 4160 41040 0 2
2720 47160 4160 48600 0 2
2720 51360 4160 52800 0 2
2720 59760 4160 61200 0 2
2720 61440 4160 62880 0 2
2720 69840 4160 71280 0 2
2720 74040 4160 75480 0 2
4440 22800 5880 24240 0 2
4440 34560 5880 36000 0 2
4440 46320 5880 47760 0 2
4440 58080 5880 59520 0 2
4440 63120 5880 64560 0 2
6160 11880 7600 13320 0 2
6160 16080 7600 17520 0 2
6160 24480 7600 25920 0 2
6160 27840 7600 29280 0 2
6160 35400 7600 36840 0 2
6160 39600 7600 41040 0 2
6160 48000 7600 49440 0 2
6160 51360 7600 52800 0 2
6160 58920 7600 60360 0 2
6160 62280 7600 63720 0 2
6160 69840 7600 71280 0 2
6160 74040 7600 75480 0 2
7020 57240 8460 58680 0 2
7020 62280 8460 63720 0 2
7880 22800 9320 24240 0 2
7880 34560 9320 36000 0 2
7880 46320 9320 47760 0 2
7880 58080 9320 59520 0 2
7880 63120 9320 64560 0 2
9600 11880 11040 13320 0 2
9600 16080 11040 17520 0 2
9600 24480 11040 25920 0 2
9600 27840 11040 29280 0 2
9600 35400 11040 36840 0 2
9600 39600 11040 41040 0 2
9600 48000 11040 49440 0 2
9600 51360 11040 52800 0 2
9600 58920 11040 60360 0 2
9600 62280 11040 63720 0 2
9600 69840 11040 71280 0 2
9600 74040 11040 75480 0 2
11320 22800 12760 24240 0 2
11320 34560 12760 36000 0 2
11320 46320 12760 47760 0 2
11320 58080 12760 59520 0 2
11320 63120 12760 64560 0 2
13040 11880 14480 13320 0 2
13040 16080 14480 17520 0 2
13040 23640 14480 25080 0 2
13040 27840 14480 29280 0 2
13040 36240 14480 37680 0 2
13040 39600 14480 41040 0 2
13040 47160 14480 48600 0 2
13040 51360 14480 52800 0 2
13040 59760 14480 61200 0 2
13040 61440 14480 62880 0 2
13040 69840 14480 71280 0 2
13040 74040 14480 75480 0 2
14760 22800 16200 24240 0 2
14760 34560 16200 36000 0 2
14760 46320 16200 47760 0 2
14760 58080 16200 59520 0 2
14760 63120 16200 64560 0 2
18200 11880 19640 13320 0 2
18200 23640 19640 25080 0 2
18200 35400 19640 36840 0 2
18200 47160 19640 48600 0 2
18200 58920 19640 60360 0 2
19920 960 21360 2400 0 2
19920 5160 21360 6600 0 2
19920 12720 21360 14160 0 2
19920 16920 21360 18360 0 2
19920 25320 21360 26760 0 2
19920 28680 21360 30120 0 2
19920 36240 21360 37680 0 2
19920 40440 21360 41880 0 2
19920 48840 21360 50280 0 2
19920 52200 21360 53640 0 2
19920 59760 21360 61200 0 2
19920 63960 21360 65400 0 2
19920 75720 21360 77160 0 2
21640 11880 23080 13320 0 2
21640 23640 23080 25080 0 2
21640 35400 23080 36840 0 2
21640 47160 23080 48600 0 2
21640 58920 23080 60360 0 2
21640 62280 23080 63720 0 2
21640 70680 23080 72120 0 2
21640 74880 23080 76320 0 2
21640 83280 23080 84720 0 2
21640 86640 23080 88080 0 2
23360 960 24800 2400 0 2
23360 5160 24800 6600 0 2
23360 13560 24800 15000 0 2
23360 16920 24800 18360 0 2
23360 24480 24800 25920 0 2
23360 28680 24800 30120 0 2
23360 37080 24800 38520 0 2
23360 40440 24800 41880 0 2
23360 48000 24800 49440 0 2
23360 52200 24800 53640 0 2
23360 60600 24800 62040 0 2
23360 63960 24800 65400 0 2
23360 75720 24800 77160 0 2
25080 11880 26520 13320 0 2
25080 23640 26520 25080 0 2
25080 35400 26520 36840 0 2
25080 47160 26520 48600 0 2
25080 58920 26520 60360 0 2
25080 63120 26520 64560 0 2
25080 71520 26520 72960 0 2
25080 74040 26520 75480 0 2
25080 82440 26520 83880 0 2
25080 86640 26520 88080 0 2
26800 63960 28240 65400 0 2
26800 75720 28240 77160 0 2
28520 11880 29960 13320 0 2
28520 23640 29960 25080 0 2
28520 35400 29960 36840 0 2
28520 47160 29960 48600 0 2
28520 58920 29960 60360 0 2
28520 63120 29960 64560 0 2
28520 71520 29960 72960 0 2
28520 74040 29960 75480 0 2
28520 82440 29960 83880 0 2
28520 86640 29960 88080 0 2
30240 960 31680 2400 0 2
30240 5160 31680 6600 0 2
30240 13560 31680 15000 0 2
30240 16920 31680 18360 0 2
30240 24480 31680 25920 0 2
30240 28680 31680 30120 0 2
30240 37080 31680 38520 0 2
30240 40440 31680 41880 0 2
30240 48000 31680 49440 0 2
30240 52200 31680 53640 0 2
30240 60600 31680 62040 0 2
30240 63960 31680 65400 0 2
30240 75720 31680 77160 0 2
31960 11880 33400 13320 0 2
31960 23640 33400 25080 0 2
31960 35400 33400 36840 0 2
31960 47160 33400 48600 0 2
31960 58920 33400 60360 0 2
31960 62280 33400 63720 0 2
31960 70680 33400 72120 0 2
31960 74880 33400 76320 0 2
31960 83280 33400 84720 0 2
31960 86640 33400 88080 0 2
33680 960 35120 2400 0 2
33680 5160 35120 6600 0 2
33680 12720 35120 14160 0 2
33680 16920 35120 18360 0 2
33680 25320 35120 26760 0 2
33680 28680 35120 30120 0 2
33680 36240 35120 37680 0 2
33680 40440 35120 41880 0 2
33680 48840 35120 50280 0 2
33680 52200 35120 53640 0 2
33680 59760 35120 61200 0 2
33680 63960 35120 65400 0 2
33680 75720 35120 77160 0 2
35400 11880 36840 13320 0 2
35400 23640 36840 25080 0 2
35400 35400 36840 36840 0 2
35400 47160 36840 48600 0 2
35400 58920 36840 60360 0 2
2800 11960 4080 13240 1 2
7100 22880 8380 24160 1 2
7100 34640 8380 35920 1 2
7100 46400 8380 47680 1 2
7100 57320 8380 58600 1 2
7100 58160 8380 59440 1 2
7100 61520 8380 62800 1 2
7100 69920 8380 71200 1 2
7960 23720 9240 25000 1 2
7960 35480 9240 36760 1 2
7960 38840 9240 40120 1 2
7960 47240 9240 48520 1 2
7960 59000 9240 60280 1 2
8820 16160 10100 17440 1 2
8820 24560 10100 25840 1 2
8820 27920 10100 29200 1 2
8820 36320 10100 37600 1 2
8820 39680 10100 40960 1 2
8820 48080 10100 49360 1 2
8820 51440 10100 52720 1 2
8820 59840 10100 61120 1 2
8820 63200 10100 64480 1 2
8820 64040 10100 65320 1 2
8820 74120 10100 75400 1 2
9680 64040 10960 65320 1 2
20000 62360 21280 63640 1 2
20860 1040 22140 2320 1 2
20860 11960 22140 13240 1 2
20860 23720 22140 25000 1 2
20860 35480 22140 36760 1 2
20860 47240 22140 48520 1 2
20860 59000 22140 60280 1 2
21720 12800 23000 14080 1 2
21720 24560 23000 25840 1 2
21720 36320 23000 37600 1 2
21720 38840 23000 40120 1 2
21720 48080 23000 49360 1 2
21720 59840 23000 61120 1 2
21720 86720 23000 88000 1 2
22580 5240 23860 6520 1 2
22580 13640 23860 14920 1 2
22580 17000 23860 18280 1 2
22580 25400 23860 26680 1 2
22580 28760 23860 30040 1 2
22580 37160 23860 38440 1 2
22580 40520 23860 41800 1 2
22580 48920 23860 50200 1 2
22580 52280 23860 53560 1 2
22580 60680 23860 61960 1 2
22580 61520 23860 62800 1 2
25160 64040 26440 65320 1 2
25160 75800 26440 77080 1 2
26020 71600 27300 72880 1 2
26020 83360 27300 84640 1 2
26880 61520 28160 62800 1 2
26880 70760 28160 72040 1 2
26880 82520 28160 83800 1 2
27740 63200 29020 64480 1 2
27740 74960 29020 76240 1 2
28600 61520 29880 62800 1 2
28600 62360 29880 63640 1 2
28600 74120 29880 75400 1 2
31180 5240 32460 6520 1 2
31180 13640 32460 14920 1 2
31180 17000 32460 18280 1 2
31180 25400 32460 26680 1 2
31180 28760 32460 30040 1 2
31180 37160 32460 38440 1 2
31180 40520 32460 41800 1 2
31180 48920 32460 50200 1 2
31180 52280 32460 53560 1 2
31180 60680 32460 61960 1 2
31180 61520 32460 62800 1 2
32040 12800 33320 14080 1 2
32040 24560 33320 25840 1 2
32040 36320 33320 37600 1 2
32040 48080 33320 49360 1 2
32040 59840 33320 61120 1 2
32900 1040 34180 2320 1 2
32900 11960 34180 13240 1 2
32900 23720 34180 25000 1 2
32900 35480 34180 36760 1 2
32900 47240 34180 48520 1 2
32900 59000 34180 60280 1 2
2640 16840 4240 18440 2 2
8660 37000 10260 38600 2 2
9520 52120 11120 53720 2 2
19840 62200 21440 63800 2 2
21560 87400 23160 89000 2 2
25000 62200 26600 63800 2 2
26720 62200 28320 63800 2 2
27580 62200 29180 63800 2 2
31880 37000 33480 38600 2 2
32740 34480 34340 36080 2 2
-800 -800 800 800 3 2
-800 34480 800 36080 3 2
-800 69760 800 71360 3 2
22880 16840 24480 18440 3 2
22880 52120 24480 53720 3 2
22880 87400 24480 89000 3 2
