 2.50000000e-01 -3.50551228e+01 
 2.51000000e-01 -3.50881971e+01 
 2.52000000e-01 -3.51208791e+01 
 2.53000000e-01 -3.51534662e+01 
 2.54000000e-01 -3.51858621e+01 
 2.55000000e-01 -3.52180687e+01 
 2.56000000e-01 -3.52500881e+01 
 2.57000000e-01 -3.52819224e+01 
 2.58000000e-01 -3.53135734e+01 
 2.59000000e-01 -3.53450433e+01 
 2.60000000e-01 -3.53763337e+01 
 2.61000000e-01 -3.54074467e+01 
 2.62000000e-01 -3.54383840e+01 
 2.63000000e-01 -3.54691476e+01 
 2.64000000e-01 -3.54997392e+01 
 2.65000000e-01 -3.55301606e+01 
 2.66000000e-01 -3.55604136e+01 
 2.67000000e-01 -3.55904998e+01 
 2.68000000e-01 -3.56204210e+01 
 2.69000000e-01 -3.56501789e+01 
 2.70000000e-01 -3.56797751e+01 
 2.71000000e-01 -3.57092112e+01 
 2.72000000e-01 -3.57384888e+01 
 2.73000000e-01 -3.57676096e+01 
 2.74000000e-01 -3.57965751e+01 
 2.75000000e-01 -3.58253868e+01 
 2.76000000e-01 -3.58540462e+01 
 2.77000000e-01 -3.58825549e+01 
 2.78000000e-01 -3.59109142e+01 
 2.79000000e-01 -3.59391258e+01 
 2.80000000e-01 -3.59671909e+01 
 2.81000000e-01 -3.59951111e+01 
 2.82000000e-01 -3.60228876e+01 
 2.83000000e-01 -3.60505220e+01 
 2.84000000e-01 -3.60780155e+01 
 2.85000000e-01 -3.61053695e+01 
 2.86000000e-01 -3.61325853e+01 
 2.87000000e-01 -3.61596642e+01 
 2.88000000e-01 -3.61866074e+01 
 2.89000000e-01 -3.62134164e+01 
 2.90000000e-01 -3.62400923e+01 
 2.91000000e-01 -3.62666363e+01 
 2.92000000e-01 -3.62930497e+01 
 2.93000000e-01 -3.63193336e+01 
 2.94000000e-01 -3.63454894e+01 
 2.95000000e-01 -3.63715180e+01 
 2.96000000e-01 -3.63974208e+01 
 2.97000000e-01 -3.64231988e+01 
 2.98000000e-01 -3.64488531e+01 
 2.99000000e-01 -3.64743849e+01 
 3.00000000e-01 -3.64997953e+01 
 3.01000000e-01 -3.65250853e+01 
 3.02000000e-01 -3.65502560e+01 
 3.03000000e-01 -3.65753086e+01 
 3.04000000e-01 -3.66002439e+01 
 3.05000000e-01 -3.66250631e+01 
 3.06000000e-01 -3.66497672e+01 
 3.07000000e-01 -3.66743571e+01 
 3.08000000e-01 -3.66988339e+01 
 3.09000000e-01 -3.67231985e+01 
 3.10000000e-01 -3.67474520e+01 
 3.11000000e-01 -3.67715952e+01 
 3.12000000e-01 -3.67956291e+01 
 3.13000000e-01 -3.68195547e+01 
 3.14000000e-01 -3.68433729e+01 
 3.15000000e-01 -3.68670845e+01 
 3.16000000e-01 -3.68906904e+01 
 3.17000000e-01 -3.69141917e+01 
 3.18000000e-01 -3.69375891e+01 
 3.19000000e-01 -3.69608835e+01 
 3.20000000e-01 -3.69840757e+01 
 3.21000000e-01 -3.70071667e+01 
 3.22000000e-01 -3.70301571e+01 
 3.23000000e-01 -3.70530480e+01 
 3.24000000e-01 -3.70758400e+01 
 3.25000000e-01 -3.70985340e+01 
 3.26000000e-01 -3.71211309e+01 
 3.27000000e-01 -3.71436312e+01 
 3.28000000e-01 -3.71660360e+01 
 3.29000000e-01 -3.71883458e+01 
 3.30000000e-01 -3.72105616e+01 
 3.31000000e-01 -3.72326840e+01 
 3.32000000e-01 -3.72547137e+01 
 3.33000000e-01 -3.72766516e+01 
 3.34000000e-01 -3.72984983e+01 
 3.35000000e-01 -3.73202546e+01 
 3.36000000e-01 -3.73419211e+01 
 3.37000000e-01 -3.73634986e+01 
 3.38000000e-01 -3.73849877e+01 
 3.39000000e-01 -3.74063893e+01 
 3.40000000e-01 -3.74277038e+01 
 3.41000000e-01 -3.74489321e+01 
 3.42000000e-01 -3.74700747e+01 
 3.43000000e-01 -3.74911323e+01 
 3.44000000e-01 -3.75121056e+01 
 3.45000000e-01 -3.75329952e+01 
 3.46000000e-01 -3.75538017e+01 
 3.47000000e-01 -3.75745259e+01 
 3.48000000e-01 -3.75951682e+01 
 3.49000000e-01 -3.76157293e+01 
 3.50000000e-01 -3.76362098e+01 
 2.50000000e-01  1.79482796e-01 
 2.51000000e-01  1.68110889e-01 
 2.52000000e-01  1.56818151e-01 
 2.53000000e-01  1.45544771e-01 
 2.54000000e-01  1.34310300e-01 
 2.55000000e-01  1.23114455e-01 
 2.56000000e-01  1.11956956e-01 
 2.57000000e-01  1.00837525e-01 
 2.58000000e-01  8.97558890e-02 
 2.59000000e-01  7.87117750e-02 
 2.60000000e-01  6.77049153e-02 
 2.61000000e-01  5.67350444e-02 
 2.62000000e-01  4.58018997e-02 
 2.63000000e-01  3.49052215e-02 
 2.64000000e-01  2.40447530e-02 
 2.65000000e-01  1.32202399e-02 
 2.66000000e-01  2.43143081e-03 
 2.67000000e-01 -8.32192289e-03 
 2.68000000e-01 -1.90400673e-02 
 2.69000000e-01 -2.97232460e-02 
 2.70000000e-01 -4.03716996e-02 
 2.71000000e-01 -5.09856668e-02 
 2.72000000e-01 -6.15653832e-02 
 2.73000000e-01 -7.21110822e-02 
 2.74000000e-01 -8.26229949e-02 
 2.75000000e-01 -9.31013497e-02 
 2.76000000e-01 -1.03546373e-01 
 2.77000000e-01 -1.13958288e-01 
 2.78000000e-01 -1.24337317e-01 
 2.79000000e-01 -1.34683680e-01 
 2.80000000e-01 -1.44997592e-01 
 2.81000000e-01 -1.55279269e-01 
 2.82000000e-01 -1.65528924e-01 
 2.83000000e-01 -1.75746767e-01 
 2.84000000e-01 -1.85933007e-01 
 2.85000000e-01 -1.96087849e-01 
 2.86000000e-01 -2.06211499e-01 
 2.87000000e-01 -2.16304158e-01 
 2.88000000e-01 -2.26366027e-01 
 2.89000000e-01 -2.36397304e-01 
 2.90000000e-01 -2.46398185e-01 
 2.91000000e-01 -2.56368864e-01 
 2.92000000e-01 -2.66309535e-01 
 2.93000000e-01 -2.76220387e-01 
 2.94000000e-01 -2.86101609e-01 
 2.95000000e-01 -2.95953389e-01 
 2.96000000e-01 -3.05775911e-01 
 2.97000000e-01 -3.15569359e-01 
 2.98000000e-01 -3.25333915e-01 
 2.99000000e-01 -3.35069757e-01 
 3.00000000e-01 -3.44777065e-01 
 3.01000000e-01 -3.54456015e-01 
 3.02000000e-01 -3.64106781e-01 
 3.03000000e-01 -3.73729537e-01 
 3.04000000e-01 -3.83324454e-01 
 3.05000000e-01 -3.92891702e-01 
 3.06000000e-01 -4.02431449e-01 
 3.07000000e-01 -4.11943863e-01 
 3.08000000e-01 -4.21429108e-01 
 3.09000000e-01 -4.30887348e-01 
 3.10000000e-01 -4.40318745e-01 
 3.11000000e-01 -4.49723460e-01 
 3.12000000e-01 -4.59101652e-01 
 3.13000000e-01 -4.68453479e-01 
 3.14000000e-01 -4.77779097e-01 
 3.15000000e-01 -4.87078660e-01 
 3.16000000e-01 -4.96352324e-01 
 3.17000000e-01 -5.05600239e-01 
 3.18000000e-01 -5.14822557e-01 
 3.19000000e-01 -5.24019426e-01 
 3.20000000e-01 -5.33190995e-01 
 3.21000000e-01 -5.42337411e-01 
 3.22000000e-01 -5.51458819e-01 
 3.23000000e-01 -5.60555363e-01 
 3.24000000e-01 -5.69627186e-01 
 3.25000000e-01 -5.78674430e-01 
 3.26000000e-01 -5.87697235e-01 
 3.27000000e-01 -5.96695740e-01 
 3.28000000e-01 -6.05670084e-01 
 3.29000000e-01 -6.14620403e-01 
 3.30000000e-01 -6.23546832e-01 
 3.31000000e-01 -6.32449507e-01 
 3.32000000e-01 -6.41328559e-01 
 3.33000000e-01 -6.50184123e-01 
 3.34000000e-01 -6.59016327e-01 
 3.35000000e-01 -6.67825303e-01 
 3.36000000e-01 -6.76611178e-01 
 3.37000000e-01 -6.85374082e-01 
 3.38000000e-01 -6.94114139e-01 
 3.39000000e-01 -7.02831476e-01 
 3.40000000e-01 -7.11526218e-01 
 3.41000000e-01 -7.20198487e-01 
 3.42000000e-01 -7.28848406e-01 
 3.43000000e-01 -7.37476096e-01 
 3.44000000e-01 -7.46081679e-01 
 3.45000000e-01 -7.54665272e-01 
 3.46000000e-01 -7.63226995e-01 
 3.47000000e-01 -7.71766965e-01 
 3.48000000e-01 -7.80285298e-01 
 3.49000000e-01 -7.88782110e-01 
 3.50000000e-01 -7.97257516e-01 
 2.50000000e-01  1.26283170e+01 
 2.51000000e-01  1.26229703e+01 
 2.52000000e-01  1.26176674e+01 
 2.53000000e-01  1.26123751e+01 
 2.54000000e-01  1.26071041e+01 
 2.55000000e-01  1.26018543e+01 
 2.56000000e-01  1.25966254e+01 
 2.57000000e-01  1.25914174e+01 
 2.58000000e-01  1.25862299e+01 
 2.59000000e-01  1.25810629e+01 
 2.60000000e-01  1.25759161e+01 
 2.61000000e-01  1.25707893e+01 
 2.62000000e-01  1.25656824e+01 
 2.63000000e-01  1.25605953e+01 
 2.64000000e-01  1.25555276e+01 
 2.65000000e-01  1.25504793e+01 
 2.66000000e-01  1.25454501e+01 
 2.67000000e-01  1.25404400e+01 
 2.68000000e-01  1.25354488e+01 
 2.69000000e-01  1.25304762e+01 
 2.70000000e-01  1.25255222e+01 
 2.71000000e-01  1.25205866e+01 
 2.72000000e-01  1.25156692e+01 
 2.73000000e-01  1.25107698e+01 
 2.74000000e-01  1.25058884e+01 
 2.75000000e-01  1.25010247e+01 
 2.76000000e-01  1.24961787e+01 
 2.77000000e-01  1.24913501e+01 
 2.78000000e-01  1.24865389e+01 
 2.79000000e-01  1.24817449e+01 
 2.80000000e-01  1.24769679e+01 
 2.81000000e-01  1.24722078e+01 
 2.82000000e-01  1.24674645e+01 
 2.83000000e-01  1.24627379e+01 
 2.84000000e-01  1.24580278e+01 
 2.85000000e-01  1.24533340e+01 
 2.86000000e-01  1.24486565e+01 
 2.87000000e-01  1.24439951e+01 
 2.88000000e-01  1.24393497e+01 
 2.89000000e-01  1.24347202e+01 
 2.90000000e-01  1.24301064e+01 
 2.91000000e-01  1.24255083e+01 
 2.92000000e-01  1.24209256e+01 
 2.93000000e-01  1.24163584e+01 
 2.94000000e-01  1.24118064e+01 
 2.95000000e-01  1.24072695e+01 
 2.96000000e-01  1.24027477e+01 
 2.97000000e-01  1.23982408e+01 
 2.98000000e-01  1.23937487e+01 
 2.99000000e-01  1.23892713e+01 
 3.00000000e-01  1.23848085e+01 
 3.01000000e-01  1.23803602e+01 
 3.02000000e-01  1.23759263e+01 
 3.03000000e-01  1.23715066e+01 
 3.04000000e-01  1.23671011e+01 
 3.05000000e-01  1.23627096e+01 
 3.06000000e-01  1.23583321e+01 
 3.07000000e-01  1.23539684e+01 
 3.08000000e-01  1.23496185e+01 
 3.09000000e-01  1.23452823e+01 
 3.10000000e-01  1.23409596e+01 
 3.11000000e-01  1.23366504e+01 
 3.12000000e-01  1.23323545e+01 
 3.13000000e-01  1.23280719e+01 
 3.14000000e-01  1.23238025e+01 
 3.15000000e-01  1.23195461e+01 
 3.16000000e-01  1.23153028e+01 
 3.17000000e-01  1.23110724e+01 
 3.18000000e-01  1.23068547e+01 
 3.19000000e-01  1.23026498e+01 
 3.20000000e-01  1.22984575e+01 
 3.21000000e-01  1.22942778e+01 
 3.22000000e-01  1.22901106e+01 
 3.23000000e-01  1.22859557e+01 
 3.24000000e-01  1.22818131e+01 
 3.25000000e-01  1.22776827e+01 
 3.26000000e-01  1.22735644e+01 
 3.27000000e-01  1.22694582e+01 
 3.28000000e-01  1.22653640e+01 
 3.29000000e-01  1.22612816e+01 
 3.30000000e-01  1.22572111e+01 
 3.31000000e-01  1.22531523e+01 
 3.32000000e-01  1.22491051e+01 
 3.33000000e-01  1.22450695e+01 
 3.34000000e-01  1.22410454e+01 
 3.35000000e-01  1.22370327e+01 
 3.36000000e-01  1.22330314e+01 
 3.37000000e-01  1.22290414e+01 
 3.38000000e-01  1.22250625e+01 
 3.39000000e-01  1.22210948e+01 
 3.40000000e-01  1.22171382e+01 
 3.41000000e-01  1.22131925e+01 
 3.42000000e-01  1.22092578e+01 
 3.43000000e-01  1.22053339e+01 
 3.44000000e-01  1.22014208e+01 
 3.45000000e-01  1.21975184e+01 
 3.46000000e-01  1.21936267e+01 
 3.47000000e-01  1.21897455e+01 
 3.48000000e-01  1.21858749e+01 
 3.49000000e-01  1.21820147e+01 
 3.50000000e-01  1.21781649e+01 
 2.50000000e-01  1.95815156e+01 
 2.51000000e-01  1.95776374e+01 
 2.52000000e-01  1.95737558e+01 
 2.53000000e-01  1.95698374e+01 
 2.54000000e-01  1.95658422e+01 
 2.55000000e-01  1.95617666e+01 
 2.56000000e-01  1.95576074e+01 
 2.57000000e-01  1.95533610e+01 
 2.58000000e-01  1.95490236e+01 
 2.59000000e-01  1.95445915e+01 
 2.60000000e-01  1.95400606e+01 
 2.61000000e-01  1.95354270e+01 
 2.62000000e-01  1.95306866e+01 
 2.63000000e-01  1.95258353e+01 
 2.64000000e-01  1.95208689e+01 
 2.65000000e-01  1.95157834e+01 
 2.66000000e-01  1.95105748e+01 
 2.67000000e-01  1.95052390e+01 
 2.68000000e-01  1.94997724e+01 
 2.69000000e-01  1.94941713e+01 
 2.70000000e-01  1.94884324e+01 
 2.71000000e-01  1.94825526e+01 
 2.72000000e-01  1.94765292e+01 
 2.73000000e-01  1.94703596e+01 
 2.74000000e-01  1.94640418e+01 
 2.75000000e-01  1.94575738e+01 
 2.76000000e-01  1.94509542e+01 
 2.77000000e-01  1.94441817e+01 
 2.78000000e-01  1.94372555e+01 
 2.79000000e-01  1.94301747e+01 
 2.80000000e-01  1.94229389e+01 
 2.81000000e-01  1.94155477e+01 
 2.82000000e-01  1.94080008e+01 
 2.83000000e-01  1.94002981e+01 
 2.84000000e-01  1.93924393e+01 
 2.85000000e-01  1.93844245e+01 
 2.86000000e-01  1.93762535e+01 
 2.87000000e-01  1.93679262e+01 
 2.88000000e-01  1.93594423e+01 
 2.89000000e-01  1.93508017e+01 
 2.90000000e-01  1.93420041e+01 
 2.91000000e-01  1.93330491e+01 
 2.92000000e-01  1.93239364e+01 
 2.93000000e-01  1.93146654e+01 
 2.94000000e-01  1.93052356e+01 
 2.95000000e-01  1.92956465e+01 
 2.96000000e-01  1.92858975e+01 
 2.97000000e-01  1.92759878e+01 
 2.98000000e-01  1.92659168e+01 
 2.99000000e-01  1.92556838e+01 
 3.00000000e-01  1.92452879e+01 
 3.01000000e-01  1.92347284e+01 
 3.02000000e-01  1.92240044e+01 
 3.03000000e-01  1.92131152e+01 
 3.04000000e-01  1.92020599e+01 
 3.05000000e-01  1.91908377e+01 
 3.06000000e-01  1.91794477e+01 
 3.07000000e-01  1.91678892e+01 
 3.08000000e-01  1.91561612e+01 
 3.09000000e-01  1.91442630e+01 
 3.10000000e-01  1.91321938e+01 
 3.11000000e-01  1.91199527e+01 
 3.12000000e-01  1.91075391e+01 
 3.13000000e-01  1.90949521e+01 
 3.14000000e-01  1.90821910e+01 
 3.15000000e-01  1.90692551e+01 
 3.16000000e-01  1.90561438e+01 
 3.17000000e-01  1.90428563e+01 
 3.18000000e-01  1.90293921e+01 
 3.19000000e-01  1.90157506e+01 
 3.20000000e-01  1.90019311e+01 
 3.21000000e-01  1.89879331e+01 
 3.22000000e-01  1.89737562e+01 
 3.23000000e-01  1.89593999e+01 
 3.24000000e-01  1.89448637e+01 
 3.25000000e-01  1.89301473e+01 
 3.26000000e-01  1.89152502e+01 
 3.27000000e-01  1.89001722e+01 
 3.28000000e-01  1.88849129e+01 
 3.29000000e-01  1.88694722e+01 
 3.30000000e-01  1.88538497e+01 
 3.31000000e-01  1.88380453e+01 
 3.32000000e-01  1.88220590e+01 
 3.33000000e-01  1.88058904e+01 
 3.34000000e-01  1.87895397e+01 
 3.35000000e-01  1.87730068e+01 
 3.36000000e-01  1.87562917e+01 
 3.37000000e-01  1.87393944e+01 
 3.38000000e-01  1.87223150e+01 
 3.39000000e-01  1.87050537e+01 
 3.40000000e-01  1.86876107e+01 
 3.41000000e-01  1.86699860e+01 
 3.42000000e-01  1.86521801e+01 
 3.43000000e-01  1.86341931e+01 
 3.44000000e-01  1.86160253e+01 
 3.45000000e-01  1.85976772e+01 
 3.46000000e-01  1.85791491e+01 
 3.47000000e-01  1.85604414e+01 
 3.48000000e-01  1.85415545e+01 
 3.49000000e-01  1.85224891e+01 
 3.50000000e-01  1.85032455e+01 
 2.50000000e-01  1.98224139e+01 
 2.51000000e-01  1.98215995e+01 
 2.52000000e-01  1.98207994e+01 
 2.53000000e-01  1.98199989e+01 
 2.54000000e-01  1.98191975e+01 
 2.55000000e-01  1.98183952e+01 
 2.56000000e-01  1.98175921e+01 
 2.57000000e-01  1.98167880e+01 
 2.58000000e-01  1.98159831e+01 
 2.59000000e-01  1.98151773e+01 
 2.60000000e-01  1.98143706e+01 
 2.61000000e-01  1.98135630e+01 
 2.62000000e-01  1.98127545e+01 
 2.63000000e-01  1.98119450e+01 
 2.64000000e-01  1.98111347e+01 
 2.65000000e-01  1.98103235e+01 
 2.66000000e-01  1.98095114e+01 
 2.67000000e-01  1.98086984e+01 
 2.68000000e-01  1.98078844e+01 
 2.69000000e-01  1.98070696e+01 
 2.70000000e-01  1.98062538e+01 
 2.71000000e-01  1.98054371e+01 
 2.72000000e-01  1.98046195e+01 
 2.73000000e-01  1.98038009e+01 
 2.74000000e-01  1.98029814e+01 
 2.75000000e-01  1.98021610e+01 
 2.76000000e-01  1.98013396e+01 
 2.77000000e-01  1.98005173e+01 
 2.78000000e-01  1.97996941e+01 
 2.79000000e-01  1.97988699e+01 
 2.80000000e-01  1.97980448e+01 
 2.81000000e-01  1.97972187e+01 
 2.82000000e-01  1.97963916e+01 
 2.83000000e-01  1.97955636e+01 
 2.84000000e-01  1.97947347e+01 
 2.85000000e-01  1.97939048e+01 
 2.86000000e-01  1.97930739e+01 
 2.87000000e-01  1.97922420e+01 
 2.88000000e-01  1.97914092e+01 
 2.89000000e-01  1.97905754e+01 
 2.90000000e-01  1.97897406e+01 
 2.91000000e-01  1.97889048e+01 
 2.92000000e-01  1.97880680e+01 
 2.93000000e-01  1.97872303e+01 
 2.94000000e-01  1.97863916e+01 
 2.95000000e-01  1.97855518e+01 
 2.96000000e-01  1.97847111e+01 
 2.97000000e-01  1.97838694e+01 
 2.98000000e-01  1.97830266e+01 
 2.99000000e-01  1.97821829e+01 
 3.00000000e-01  1.97813381e+01 
 3.01000000e-01  1.97804924e+01 
 3.02000000e-01  1.97796456e+01 
 3.03000000e-01  1.97787978e+01 
 3.04000000e-01  1.97779489e+01 
 3.05000000e-01  1.97770991e+01 
 3.06000000e-01  1.97762482e+01 
 3.07000000e-01  1.97753963e+01 
 3.08000000e-01  1.97745433e+01 
 3.09000000e-01  1.97736893e+01 
 3.10000000e-01  1.97728342e+01 
 3.11000000e-01  1.97719781e+01 
 3.12000000e-01  1.97711210e+01 
 3.13000000e-01  1.97702628e+01 
 3.14000000e-01  1.97694035e+01 
 3.15000000e-01  1.97685432e+01 
 3.16000000e-01  1.97676818e+01 
 3.17000000e-01  1.97668193e+01 
 3.18000000e-01  1.97659557e+01 
 3.19000000e-01  1.97650911e+01 
 3.20000000e-01  1.97642254e+01 
 3.21000000e-01  1.97633586e+01 
 3.22000000e-01  1.97624908e+01 
 3.23000000e-01  1.97616218e+01 
 3.24000000e-01  1.97607517e+01 
 3.25000000e-01  1.97598806e+01 
 3.26000000e-01  1.97590083e+01 
 3.27000000e-01  1.97581349e+01 
 3.28000000e-01  1.97572604e+01 
 3.29000000e-01  1.97563848e+01 
 3.30000000e-01  1.97555081e+01 
 3.31000000e-01  1.97546303e+01 
 3.32000000e-01  1.97537513e+01 
 3.33000000e-01  1.97528712e+01 
 3.34000000e-01  1.97519899e+01 
 3.35000000e-01  1.97511076e+01 
 3.36000000e-01  1.97502240e+01 
 3.37000000e-01  1.97493394e+01 
 3.38000000e-01  1.97484536e+01 
 3.39000000e-01  1.97475666e+01 
 3.40000000e-01  1.97466785e+01 
 3.41000000e-01  1.97457892e+01 
 3.42000000e-01  1.97448987e+01 
 3.43000000e-01  1.97440070e+01 
 3.44000000e-01  1.97431142e+01 
 3.45000000e-01  1.97422202e+01 
 3.46000000e-01  1.97413251e+01 
 3.47000000e-01  1.97404287e+01 
 3.48000000e-01  1.97395311e+01 
 3.49000000e-01  1.97386324e+01 
 3.50000000e-01  1.97377324e+01 
 2.50000000e-01  1.98725564e+01 
 2.51000000e-01  1.98720166e+01 
 2.52000000e-01  1.98714763e+01 
 2.53000000e-01  1.98709359e+01 
 2.54000000e-01  1.98703952e+01 
 2.55000000e-01  1.98698542e+01 
 2.56000000e-01  1.98693130e+01 
 2.57000000e-01  1.98687715e+01 
 2.58000000e-01  1.98682298e+01 
 2.59000000e-01  1.98676877e+01 
 2.60000000e-01  1.98671454e+01 
 2.61000000e-01  1.98666029e+01 
 2.62000000e-01  1.98660600e+01 
 2.63000000e-01  1.98655169e+01 
 2.64000000e-01  1.98649736e+01 
 2.65000000e-01  1.98644299e+01 
 2.66000000e-01  1.98638860e+01 
 2.67000000e-01  1.98633418e+01 
 2.68000000e-01  1.98627974e+01 
 2.69000000e-01  1.98622527e+01 
 2.70000000e-01  1.98617077e+01 
 2.71000000e-01  1.98611624e+01 
 2.72000000e-01  1.98606169e+01 
 2.73000000e-01  1.98600711e+01 
 2.74000000e-01  1.98595250e+01 
 2.75000000e-01  1.98589786e+01 
 2.76000000e-01  1.98584320e+01 
 2.77000000e-01  1.98578851e+01 
 2.78000000e-01  1.98573379e+01 
 2.79000000e-01  1.98567905e+01 
 2.80000000e-01  1.98562427e+01 
 2.81000000e-01  1.98556947e+01 
 2.82000000e-01  1.98551465e+01 
 2.83000000e-01  1.98545979e+01 
 2.84000000e-01  1.98540491e+01 
 2.85000000e-01  1.98535000e+01 
 2.86000000e-01  1.98529506e+01 
 2.87000000e-01  1.98524009e+01 
 2.88000000e-01  1.98518510e+01 
 2.89000000e-01  1.98513008e+01 
 2.90000000e-01  1.98507503e+01 
 2.91000000e-01  1.98501995e+01 
 2.92000000e-01  1.98496484e+01 
 2.93000000e-01  1.98490971e+01 
 2.94000000e-01  1.98485455e+01 
 2.95000000e-01  1.98479936e+01 
 2.96000000e-01  1.98474414e+01 
 2.97000000e-01  1.98468889e+01 
 2.98000000e-01  1.98463362e+01 
 2.99000000e-01  1.98457832e+01 
 3.00000000e-01  1.98452298e+01 
 3.01000000e-01  1.98446763e+01 
 3.02000000e-01  1.98441224e+01 
 3.03000000e-01  1.98435682e+01 
 3.04000000e-01  1.98430138e+01 
 3.05000000e-01  1.98424591e+01 
 3.06000000e-01  1.98419040e+01 
 3.07000000e-01  1.98413488e+01 
 3.08000000e-01  1.98407932e+01 
 3.09000000e-01  1.98402373e+01 
 3.10000000e-01  1.98396811e+01 
 3.11000000e-01  1.98391247e+01 
 3.12000000e-01  1.98385680e+01 
 3.13000000e-01  1.98380110e+01 
 3.14000000e-01  1.98374537e+01 
 3.15000000e-01  1.98368961e+01 
 3.16000000e-01  1.98363382e+01 
 3.17000000e-01  1.98357800e+01 
 3.18000000e-01  1.98352216e+01 
 3.19000000e-01  1.98346628e+01 
 3.20000000e-01  1.98341038e+01 
 3.21000000e-01  1.98335444e+01 
 3.22000000e-01  1.98329848e+01 
 3.23000000e-01  1.98324249e+01 
 3.24000000e-01  1.98318647e+01 
 3.25000000e-01  1.98313042e+01 
 3.26000000e-01  1.98307434e+01 
 3.27000000e-01  1.98301823e+01 
 3.28000000e-01  1.98296210e+01 
 3.29000000e-01  1.98290593e+01 
 3.30000000e-01  1.98284973e+01 
 3.31000000e-01  1.98279351e+01 
 3.32000000e-01  1.98273725e+01 
 3.33000000e-01  1.98268097e+01 
 3.34000000e-01  1.98262465e+01 
 3.35000000e-01  1.98256831e+01 
 3.36000000e-01  1.98251194e+01 
 3.37000000e-01  1.98245553e+01 
 3.38000000e-01  1.98239910e+01 
 3.39000000e-01  1.98234264e+01 
 3.40000000e-01  1.98228614e+01 
 3.41000000e-01  1.98222962e+01 
 3.42000000e-01  1.98217307e+01 
 3.43000000e-01  1.98211648e+01 
 3.44000000e-01  1.98205987e+01 
 3.45000000e-01  1.98200323e+01 
 3.46000000e-01  1.98194656e+01 
 3.47000000e-01  1.98188985e+01 
 3.48000000e-01  1.98183312e+01 
 3.49000000e-01  1.98177636e+01 
 3.50000000e-01  1.98171956e+01 
 2.50000000e-01  1.98965010e+01 
 2.51000000e-01  1.98960207e+01 
 2.52000000e-01  1.98955911e+01 
 2.53000000e-01  1.98951614e+01 
 2.54000000e-01  1.98947316e+01 
 2.55000000e-01  1.98943017e+01 
 2.56000000e-01  1.98938717e+01 
 2.57000000e-01  1.98934415e+01 
 2.58000000e-01  1.98930112e+01 
 2.59000000e-01  1.98925807e+01 
 2.60000000e-01  1.98921501e+01 
 2.61000000e-01  1.98917194e+01 
 2.62000000e-01  1.98912886e+01 
 2.63000000e-01  1.98908576e+01 
 2.64000000e-01  1.98904265e+01 
 2.65000000e-01  1.98899953e+01 
 2.66000000e-01  1.98895640e+01 
 2.67000000e-01  1.98891325e+01 
 2.68000000e-01  1.98887009e+01 
 2.69000000e-01  1.98882691e+01 
 2.70000000e-01  1.98878372e+01 
 2.71000000e-01  1.98874052e+01 
 2.72000000e-01  1.98869731e+01 
 2.73000000e-01  1.98865408e+01 
 2.74000000e-01  1.98861084e+01 
 2.75000000e-01  1.98856759e+01 
 2.76000000e-01  1.98852432e+01 
 2.77000000e-01  1.98848104e+01 
 2.78000000e-01  1.98843775e+01 
 2.79000000e-01  1.98839445e+01 
 2.80000000e-01  1.98835113e+01 
 2.81000000e-01  1.98830779e+01 
 2.82000000e-01  1.98826445e+01 
 2.83000000e-01  1.98822109e+01 
 2.84000000e-01  1.98817772e+01 
 2.85000000e-01  1.98813433e+01 
 2.86000000e-01  1.98809094e+01 
 2.87000000e-01  1.98804753e+01 
 2.88000000e-01  1.98800410e+01 
 2.89000000e-01  1.98796066e+01 
 2.90000000e-01  1.98791721e+01 
 2.91000000e-01  1.98787375e+01 
 2.92000000e-01  1.98783027e+01 
 2.93000000e-01  1.98778678e+01 
 2.94000000e-01  1.98774328e+01 
 2.95000000e-01  1.98769976e+01 
 2.96000000e-01  1.98765623e+01 
 2.97000000e-01  1.98761268e+01 
 2.98000000e-01  1.98756913e+01 
 2.99000000e-01  1.98752555e+01 
 3.00000000e-01  1.98748197e+01 
 3.01000000e-01  1.98743837e+01 
 3.02000000e-01  1.98739476e+01 
 3.03000000e-01  1.98735114e+01 
 3.04000000e-01  1.98730750e+01 
 3.05000000e-01  1.98726385e+01 
 3.06000000e-01  1.98722018e+01 
 3.07000000e-01  1.98717651e+01 
 3.08000000e-01  1.98713281e+01 
 3.09000000e-01  1.98708911e+01 
 3.10000000e-01  1.98704539e+01 
 3.11000000e-01  1.98700166e+01 
 3.12000000e-01  1.98695791e+01 
 3.13000000e-01  1.98691415e+01 
 3.14000000e-01  1.98687038e+01 
 3.15000000e-01  1.98682659e+01 
 3.16000000e-01  1.98678280e+01 
 3.17000000e-01  1.98673898e+01 
 3.18000000e-01  1.98669516e+01 
 3.19000000e-01  1.98665132e+01 
 3.20000000e-01  1.98660746e+01 
 3.21000000e-01  1.98656359e+01 
 3.22000000e-01  1.98651971e+01 
 3.23000000e-01  1.98647582e+01 
 3.24000000e-01  1.98643191e+01 
 3.25000000e-01  1.98638799e+01 
 3.26000000e-01  1.98634405e+01 
 3.27000000e-01  1.98630010e+01 
 3.28000000e-01  1.98625614e+01 
 3.29000000e-01  1.98621216e+01 
 3.30000000e-01  1.98616817e+01 
 3.31000000e-01  1.98612417e+01 
 3.32000000e-01  1.98608015e+01 
 3.33000000e-01  1.98603612e+01 
 3.34000000e-01  1.98599208e+01 
 3.35000000e-01  1.98594802e+01 
 3.36000000e-01  1.98590394e+01 
 3.37000000e-01  1.98585986e+01 
 3.38000000e-01  1.98581576e+01 
 3.39000000e-01  1.98577164e+01 
 3.40000000e-01  1.98572752e+01 
 3.41000000e-01  1.98568337e+01 
 3.42000000e-01  1.98563922e+01 
 3.43000000e-01  1.98559505e+01 
 3.44000000e-01  1.98555087e+01 
 3.45000000e-01  1.98550667e+01 
 3.46000000e-01  1.98546246e+01 
 3.47000000e-01  1.98541824e+01 
 3.48000000e-01  1.98537400e+01 
 3.49000000e-01  1.98532974e+01 
 3.50000000e-01  1.98528548e+01 
 2.50000000e-01  1.99106151e+01 
 2.51000000e-01  1.99102481e+01 
 2.52000000e-01  1.99098812e+01 
 2.53000000e-01  1.99095143e+01 
 2.54000000e-01  1.99091472e+01 
 2.55000000e-01  1.99087801e+01 
 2.56000000e-01  1.99084130e+01 
 2.57000000e-01  1.99080457e+01 
 2.58000000e-01  1.99076784e+01 
 2.59000000e-01  1.99073110e+01 
 2.60000000e-01  1.99069435e+01 
 2.61000000e-01  1.99065760e+01 
 2.62000000e-01  1.99062083e+01 
 2.63000000e-01  1.99058406e+01 
 2.64000000e-01  1.99054728e+01 
 2.65000000e-01  1.99051050e+01 
 2.66000000e-01  1.99047370e+01 
 2.67000000e-01  1.99043690e+01 
 2.68000000e-01  1.99040009e+01 
 2.69000000e-01  1.99036327e+01 
 2.70000000e-01  1.99032645e+01 
 2.71000000e-01  1.99028962e+01 
 2.72000000e-01  1.99025277e+01 
 2.73000000e-01  1.99021593e+01 
 2.74000000e-01  1.99017907e+01 
 2.75000000e-01  1.99014221e+01 
 2.76000000e-01  1.99010533e+01 
 2.77000000e-01  1.99006845e+01 
 2.78000000e-01  1.99003157e+01 
 2.79000000e-01  1.98999467e+01 
 2.80000000e-01  1.98995777e+01 
 2.81000000e-01  1.98992086e+01 
 2.82000000e-01  1.98988394e+01 
 2.83000000e-01  1.98984701e+01 
 2.84000000e-01  1.98981008e+01 
 2.85000000e-01  1.98977314e+01 
 2.86000000e-01  1.98973619e+01 
 2.87000000e-01  1.98969923e+01 
 2.88000000e-01  1.98966226e+01 
 2.89000000e-01  1.98962529e+01 
 2.90000000e-01  1.98958831e+01 
 2.91000000e-01  1.98955132e+01 
 2.92000000e-01  1.98951432e+01 
 2.93000000e-01  1.98947732e+01 
 2.94000000e-01  1.98944031e+01 
 2.95000000e-01  1.98940329e+01 
 2.96000000e-01  1.98936626e+01 
 2.97000000e-01  1.98932922e+01 
 2.98000000e-01  1.98929218e+01 
 2.99000000e-01  1.98925512e+01 
 3.00000000e-01  1.98921807e+01 
 3.01000000e-01  1.98918100e+01 
 3.02000000e-01  1.98914392e+01 
 3.03000000e-01  1.98910684e+01 
 3.04000000e-01  1.98906975e+01 
 3.05000000e-01  1.98903265e+01 
 3.06000000e-01  1.98899554e+01 
 3.07000000e-01  1.98895843e+01 
 3.08000000e-01  1.98892130e+01 
 3.09000000e-01  1.98888417e+01 
 3.10000000e-01  1.98884703e+01 
 3.11000000e-01  1.98880989e+01 
 3.12000000e-01  1.98877273e+01 
 3.13000000e-01  1.98873557e+01 
 3.14000000e-01  1.98869840e+01 
 3.15000000e-01  1.98866122e+01 
 3.16000000e-01  1.98862403e+01 
 3.17000000e-01  1.98858684e+01 
 3.18000000e-01  1.98854964e+01 
 3.19000000e-01  1.98851243e+01 
 3.20000000e-01  1.98847521e+01 
 3.21000000e-01  1.98843798e+01 
 3.22000000e-01  1.98840075e+01 
 3.23000000e-01  1.98836351e+01 
 3.24000000e-01  1.98832626e+01 
 3.25000000e-01  1.98828900e+01 
 3.26000000e-01  1.98825173e+01 
 3.27000000e-01  1.98821446e+01 
 3.28000000e-01  1.98817718e+01 
 3.29000000e-01  1.98813989e+01 
 3.30000000e-01  1.98810259e+01 
 3.31000000e-01  1.98806528e+01 
 3.32000000e-01  1.98802797e+01 
 3.33000000e-01  1.98799065e+01 
 3.34000000e-01  1.98795331e+01 
 3.35000000e-01  1.98791598e+01 
 3.36000000e-01  1.98787863e+01 
 3.37000000e-01  1.98784128e+01 
 3.38000000e-01  1.98780391e+01 
 3.39000000e-01  1.98776654e+01 
 3.40000000e-01  1.98772917e+01 
 3.41000000e-01  1.98769178e+01 
 3.42000000e-01  1.98765438e+01 
 3.43000000e-01  1.98761698e+01 
 3.44000000e-01  1.98757957e+01 
 3.45000000e-01  1.98754215e+01 
 3.46000000e-01  1.98750473e+01 
 3.47000000e-01  1.98746729e+01 
 3.48000000e-01  1.98742985e+01 
 3.49000000e-01  1.98739240e+01 
 3.50000000e-01  1.98735494e+01 
 2.50000000e-01  1.99200351e+01 
 2.51000000e-01  1.99197081e+01 
 2.52000000e-01  1.99193819e+01 
 2.53000000e-01  1.99190557e+01 
 2.54000000e-01  1.99187294e+01 
 2.55000000e-01  1.99184031e+01 
 2.56000000e-01  1.99180767e+01 
 2.57000000e-01  1.99177503e+01 
 2.58000000e-01  1.99174238e+01 
 2.59000000e-01  1.99170973e+01 
 2.60000000e-01  1.99167707e+01 
 2.61000000e-01  1.99164440e+01 
 2.62000000e-01  1.99161174e+01 
 2.63000000e-01  1.99157906e+01 
 2.64000000e-01  1.99154638e+01 
 2.65000000e-01  1.99151370e+01 
 2.66000000e-01  1.99148101e+01 
 2.67000000e-01  1.99144831e+01 
 2.68000000e-01  1.99141561e+01 
 2.69000000e-01  1.99138291e+01 
 2.70000000e-01  1.99135020e+01 
 2.71000000e-01  1.99131748e+01 
 2.72000000e-01  1.99128476e+01 
 2.73000000e-01  1.99125203e+01 
 2.74000000e-01  1.99121930e+01 
 2.75000000e-01  1.99118656e+01 
 2.76000000e-01  1.99115382e+01 
 2.77000000e-01  1.99112108e+01 
 2.78000000e-01  1.99108832e+01 
 2.79000000e-01  1.99105557e+01 
 2.80000000e-01  1.99102280e+01 
 2.81000000e-01  1.99099004e+01 
 2.82000000e-01  1.99095726e+01 
 2.83000000e-01  1.99092449e+01 
 2.84000000e-01  1.99089170e+01 
 2.85000000e-01  1.99085891e+01 
 2.86000000e-01  1.99082612e+01 
 2.87000000e-01  1.99079332e+01 
 2.88000000e-01  1.99076052e+01 
 2.89000000e-01  1.99072771e+01 
 2.90000000e-01  1.99069489e+01 
 2.91000000e-01  1.99066207e+01 
 2.92000000e-01  1.99062925e+01 
 2.93000000e-01  1.99059642e+01 
 2.94000000e-01  1.99056358e+01 
 2.95000000e-01  1.99053074e+01 
 2.96000000e-01  1.99049789e+01 
 2.97000000e-01  1.99046504e+01 
 2.98000000e-01  1.99043219e+01 
 2.99000000e-01  1.99039933e+01 
 3.00000000e-01  1.99036646e+01 
 3.01000000e-01  1.99033359e+01 
 3.02000000e-01  1.99030071e+01 
 3.03000000e-01  1.99026783e+01 
 3.04000000e-01  1.99023494e+01 
 3.05000000e-01  1.99020204e+01 
 3.06000000e-01  1.99016915e+01 
 3.07000000e-01  1.99013624e+01 
 3.08000000e-01  1.99010333e+01 
 3.09000000e-01  1.99007042e+01 
 3.10000000e-01  1.99003750e+01 
 3.11000000e-01  1.99000458e+01 
 3.12000000e-01  1.98997164e+01 
 3.13000000e-01  1.98993871e+01 
 3.14000000e-01  1.98990577e+01 
 3.15000000e-01  1.98987282e+01 
 3.16000000e-01  1.98983987e+01 
 3.17000000e-01  1.98980692e+01 
 3.18000000e-01  1.98977395e+01 
 3.19000000e-01  1.98974099e+01 
 3.20000000e-01  1.98970801e+01 
 3.21000000e-01  1.98967504e+01 
 3.22000000e-01  1.98964205e+01 
 3.23000000e-01  1.98960907e+01 
 3.24000000e-01  1.98957607e+01 
 3.25000000e-01  1.98954307e+01 
 3.26000000e-01  1.98951007e+01 
 3.27000000e-01  1.98947706e+01 
 3.28000000e-01  1.98944405e+01 
 3.29000000e-01  1.98941103e+01 
 3.30000000e-01  1.98937800e+01 
 3.31000000e-01  1.98934497e+01 
 3.32000000e-01  1.98931193e+01 
 3.33000000e-01  1.98927889e+01 
 3.34000000e-01  1.98924585e+01 
 3.35000000e-01  1.98921280e+01 
 3.36000000e-01  1.98917974e+01 
 3.37000000e-01  1.98914668e+01 
 3.38000000e-01  1.98911361e+01 
 3.39000000e-01  1.98908053e+01 
 3.40000000e-01  1.98904746e+01 
 3.41000000e-01  1.98901437e+01 
 3.42000000e-01  1.98898128e+01 
 3.43000000e-01  1.98894819e+01 
 3.44000000e-01  1.98891509e+01 
 3.45000000e-01  1.98888198e+01 
 3.46000000e-01  1.98884887e+01 
 3.47000000e-01  1.98881576e+01 
 3.48000000e-01  1.98878264e+01 
 3.49000000e-01  1.98874951e+01 
 3.50000000e-01  1.98871638e+01 
 2.50000000e-01  1.99267687e+01 
 2.51000000e-01  1.99264712e+01 
 2.52000000e-01  1.99261736e+01 
 2.53000000e-01  1.99258761e+01 
 2.54000000e-01  1.99255785e+01 
 2.55000000e-01  1.99252809e+01 
 2.56000000e-01  1.99249832e+01 
 2.57000000e-01  1.99246855e+01 
 2.58000000e-01  1.99243878e+01 
 2.59000000e-01  1.99240900e+01 
 2.60000000e-01  1.99237922e+01 
 2.61000000e-01  1.99234943e+01 
 2.62000000e-01  1.99231964e+01 
 2.63000000e-01  1.99228985e+01 
 2.64000000e-01  1.99226006e+01 
 2.65000000e-01  1.99223026e+01 
 2.66000000e-01  1.99220045e+01 
 2.67000000e-01  1.99217064e+01 
 2.68000000e-01  1.99214083e+01 
 2.69000000e-01  1.99211102e+01 
 2.70000000e-01  1.99208120e+01 
 2.71000000e-01  1.99205138e+01 
 2.72000000e-01  1.99202155e+01 
 2.73000000e-01  1.99199172e+01 
 2.74000000e-01  1.99196189e+01 
 2.75000000e-01  1.99193205e+01 
 2.76000000e-01  1.99190221e+01 
 2.77000000e-01  1.99187237e+01 
 2.78000000e-01  1.99184252e+01 
 2.79000000e-01  1.99181267e+01 
 2.80000000e-01  1.99178281e+01 
 2.81000000e-01  1.99175295e+01 
 2.82000000e-01  1.99172309e+01 
 2.83000000e-01  1.99169322e+01 
 2.84000000e-01  1.99166335e+01 
 2.85000000e-01  1.99163347e+01 
 2.86000000e-01  1.99160359e+01 
 2.87000000e-01  1.99157371e+01 
 2.88000000e-01  1.99154383e+01 
 2.89000000e-01  1.99151394e+01 
 2.90000000e-01  1.99148404e+01 
 2.91000000e-01  1.99145415e+01 
 2.92000000e-01  1.99142425e+01 
 2.93000000e-01  1.99139434e+01 
 2.94000000e-01  1.99136443e+01 
 2.95000000e-01  1.99133452e+01 
 2.96000000e-01  1.99130460e+01 
 2.97000000e-01  1.99127468e+01 
 2.98000000e-01  1.99124476e+01 
 2.99000000e-01  1.99121483e+01 
 3.00000000e-01  1.99118490e+01 
 3.01000000e-01  1.99115497e+01 
 3.02000000e-01  1.99112503e+01 
 3.03000000e-01  1.99109509e+01 
 3.04000000e-01  1.99106514e+01 
 3.05000000e-01  1.99103519e+01 
 3.06000000e-01  1.99100524e+01 
 3.07000000e-01  1.99097528e+01 
 3.08000000e-01  1.99094532e+01 
 3.09000000e-01  1.99091535e+01 
 3.10000000e-01  1.99088538e+01 
 3.11000000e-01  1.99085541e+01 
 3.12000000e-01  1.99082543e+01 
 3.13000000e-01  1.99079545e+01 
 3.14000000e-01  1.99076547e+01 
 3.15000000e-01  1.99073548e+01 
 3.16000000e-01  1.99070549e+01 
 3.17000000e-01  1.99067550e+01 
 3.18000000e-01  1.99064550e+01 
 3.19000000e-01  1.99061549e+01 
 3.20000000e-01  1.99058549e+01 
 3.21000000e-01  1.99055548e+01 
 3.22000000e-01  1.99052546e+01 
 3.23000000e-01  1.99049544e+01 
 3.24000000e-01  1.99046542e+01 
 3.25000000e-01  1.99043540e+01 
 3.26000000e-01  1.99040537e+01 
 3.27000000e-01  1.99037533e+01 
 3.28000000e-01  1.99034530e+01 
 3.29000000e-01  1.99031525e+01 
 3.30000000e-01  1.99028521e+01 
 3.31000000e-01  1.99025516e+01 
 3.32000000e-01  1.99022511e+01 
 3.33000000e-01  1.99019505e+01 
 3.34000000e-01  1.99016499e+01 
 3.35000000e-01  1.99013493e+01 
 3.36000000e-01  1.99010486e+01 
 3.37000000e-01  1.99007479e+01 
 3.38000000e-01  1.99004472e+01 
 3.39000000e-01  1.99001464e+01 
 3.40000000e-01  1.98998455e+01 
 3.41000000e-01  1.98995447e+01 
 3.42000000e-01  1.98992438e+01 
 3.43000000e-01  1.98989428e+01 
 3.44000000e-01  1.98986418e+01 
 3.45000000e-01  1.98983408e+01 
 3.46000000e-01  1.98980398e+01 
 3.47000000e-01  1.98977387e+01 
 3.48000000e-01  1.98974375e+01 
 3.49000000e-01  1.98971364e+01 
 3.50000000e-01  1.98968352e+01 
 2.50000000e-01  1.99318565e+01 
 2.51000000e-01  1.99315557e+01 
 2.52000000e-01  1.99312795e+01 
 2.53000000e-01  1.99310033e+01 
 2.54000000e-01  1.99307270e+01 
 2.55000000e-01  1.99304508e+01 
 2.56000000e-01  1.99301745e+01 
 2.57000000e-01  1.99298982e+01 
 2.58000000e-01  1.99296218e+01 
 2.59000000e-01  1.99293454e+01 
 2.60000000e-01  1.99290690e+01 
 2.61000000e-01  1.99287926e+01 
 2.62000000e-01  1.99285161e+01 
 2.63000000e-01  1.99282397e+01 
 2.64000000e-01  1.99279631e+01 
 2.65000000e-01  1.99276866e+01 
 2.66000000e-01  1.99274100e+01 
 2.67000000e-01  1.99271334e+01 
 2.68000000e-01  1.99268568e+01 
 2.69000000e-01  1.99265801e+01 
 2.70000000e-01  1.99263034e+01 
 2.71000000e-01  1.99260267e+01 
 2.72000000e-01  1.99257500e+01 
 2.73000000e-01  1.99254732e+01 
 2.74000000e-01  1.99251964e+01 
 2.75000000e-01  1.99249196e+01 
 2.76000000e-01  1.99246427e+01 
 2.77000000e-01  1.99243658e+01 
 2.78000000e-01  1.99240889e+01 
 2.79000000e-01  1.99238120e+01 
 2.80000000e-01  1.99235350e+01 
 2.81000000e-01  1.99232580e+01 
 2.82000000e-01  1.99229810e+01 
 2.83000000e-01  1.99227039e+01 
 2.84000000e-01  1.99224268e+01 
 2.85000000e-01  1.99221497e+01 
 2.86000000e-01  1.99218726e+01 
 2.87000000e-01  1.99215954e+01 
 2.88000000e-01  1.99213182e+01 
 2.89000000e-01  1.99210410e+01 
 2.90000000e-01  1.99207637e+01 
 2.91000000e-01  1.99204864e+01 
 2.92000000e-01  1.99202091e+01 
 2.93000000e-01  1.99199318e+01 
 2.94000000e-01  1.99196544e+01 
 2.95000000e-01  1.99193770e+01 
 2.96000000e-01  1.99190996e+01 
 2.97000000e-01  1.99188221e+01 
 2.98000000e-01  1.99185446e+01 
 2.99000000e-01  1.99182671e+01 
 3.00000000e-01  1.99179896e+01 
 3.01000000e-01  1.99177120e+01 
 3.02000000e-01  1.99174344e+01 
 3.03000000e-01  1.99171568e+01 
 3.04000000e-01  1.99168791e+01 
 3.05000000e-01  1.99166014e+01 
 3.06000000e-01  1.99163237e+01 
 3.07000000e-01  1.99160460e+01 
 3.08000000e-01  1.99157682e+01 
 3.09000000e-01  1.99154904e+01 
 3.10000000e-01  1.99152126e+01 
 3.11000000e-01  1.99149347e+01 
 3.12000000e-01  1.99146568e+01 
 3.13000000e-01  1.99143789e+01 
 3.14000000e-01  1.99141010e+01 
 3.15000000e-01  1.99138230e+01 
 3.16000000e-01  1.99135450e+01 
 3.17000000e-01  1.99132670e+01 
 3.18000000e-01  1.99129889e+01 
 3.19000000e-01  1.99127108e+01 
 3.20000000e-01  1.99124327e+01 
 3.21000000e-01  1.99121546e+01 
 3.22000000e-01  1.99118764e+01 
 3.23000000e-01  1.99115982e+01 
 3.24000000e-01  1.99113199e+01 
 3.25000000e-01  1.99110417e+01 
 3.26000000e-01  1.99107634e+01 
 3.27000000e-01  1.99104851e+01 
 3.28000000e-01  1.99102067e+01 
 3.29000000e-01  1.99099284e+01 
 3.30000000e-01  1.99096500e+01 
 3.31000000e-01  1.99093715e+01 
 3.32000000e-01  1.99090931e+01 
 3.33000000e-01  1.99088146e+01 
 3.34000000e-01  1.99085361e+01 
 3.35000000e-01  1.99082575e+01 
 3.36000000e-01  1.99079789e+01 
 3.37000000e-01  1.99077003e+01 
 3.38000000e-01  1.99074217e+01 
 3.39000000e-01  1.99071430e+01 
 3.40000000e-01  1.99068643e+01 
 3.41000000e-01  1.99065856e+01 
 3.42000000e-01  1.99063069e+01 
 3.43000000e-01  1.99060281e+01 
 3.44000000e-01  1.99057493e+01 
 3.45000000e-01  1.99054704e+01 
 3.46000000e-01  1.99051916e+01 
 3.47000000e-01  1.99049127e+01 
 3.48000000e-01  1.99046338e+01 
 3.49000000e-01  1.99043548e+01 
 3.50000000e-01  1.99040758e+01 
