1000 16920 2440 18360 0 2
1860 15240 3300 16680 0 2
1860 23640 3300 25080 0 2
1860 27840 3300 29280 0 2
2720 16920 4160 18360 0 2
3580 16080 5020 17520 0 2
3580 23640 5020 25080 0 2
3580 27840 5020 29280 0 2
4440 16920 5880 18360 0 2
5300 15240 6740 16680 0 2
5300 23640 6740 25080 0 2
5300 27840 6740 29280 0 2
6160 16920 7600 18360 0 2
7020 16080 8460 17520 0 2
7020 23640 8460 25080 0 2
7020 27840 8460 29280 0 2
7880 11880 9320 13320 0 2
7880 16920 9320 18360 0 2
8740 960 10180 2400 0 2
8740 5160 10180 6600 0 2
8740 13560 10180 15000 0 2
8740 15240 10180 16680 0 2
8740 23640 10180 25080 0 2
8740 27840 10180 29280 0 2
9600 11880 11040 13320 0 2
9600 16920 11040 18360 0 2
10460 960 11900 2400 0 2
10460 5160 11900 6600 0 2
10460 12720 11900 14160 0 2
10460 16080 11900 17520 0 2
10460 23640 11900 25080 0 2
10460 27840 11900 29280 0 2
11320 11880 12760 13320 0 2
11320 16920 12760 18360 0 2
12180 960 13620 2400 0 2
12180 5160 13620 6600 0 2
12180 13560 13620 15000 0 2
12180 15240 13620 16680 0 2
12180 23640 13620 25080 0 2
12180 27840 13620 29280 0 2
13040 11880 14480 13320 0 2
13040 16920 14480 18360 0 2
13900 960 15340 2400 0 2
13900 5160 15340 6600 0 2
13900 12720 15340 14160 0 2
13900 16080 15340 17520 0 2
13900 23640 15340 25080 0 2
13900 27840 15340 29280 0 2
14760 11880 16200 13320 0 2
14760 16920 16200 18360 0 2
15620 960 17060 2400 0 2
15620 5160 17060 6600 0 2
15620 13560 17060 15000 0 2
15620 15240 17060 16680 0 2
15620 23640 17060 25080 0 2
15620 27840 17060 29280 0 2
16480 11880 17920 13320 0 2
16480 16920 17920 18360 0 2
17340 960 18780 2400 0 2
17340 5160 18780 6600 0 2
17340 12720 18780 14160 0 2
17340 16080 18780 17520 0 2
17340 23640 18780 25080 0 2
17340 27840 18780 29280 0 2
18200 11880 19640 13320 0 2
18200 16920 19640 18360 0 2
19060 960 20500 2400 0 2
19060 5160 20500 6600 0 2
19060 13560 20500 15000 0 2
19060 15240 20500 16680 0 2
19060 23640 20500 25080 0 2
19060 27840 20500 29280 0 2
19920 11880 21360 13320 0 2
19920 16920 21360 18360 0 2
20780 960 22220 2400 0 2
20780 5160 22220 6600 0 2
20780 12720 22220 14160 0 2
20780 16080 22220 17520 0 2
20780 23640 22220 25080 0 2
20780 27840 22220 29280 0 2
21640 11880 23080 13320 0 2
21640 16920 23080 18360 0 2
22500 960 23940 2400 0 2
22500 5160 23940 6600 0 2
22500 13560 23940 15000 0 2
22500 15240 23940 16680 0 2
22500 23640 23940 25080 0 2
22500 27840 23940 29280 0 2
23360 11880 24800 13320 0 2
23360 16920 24800 18360 0 2
24220 960 25660 2400 0 2
24220 5160 25660 6600 0 2
24220 12720 25660 14160 0 2
24220 16080 25660 17520 0 2
24220 23640 25660 25080 0 2
24220 27840 25660 29280 0 2
25080 11880 26520 13320 0 2
25080 16920 26520 18360 0 2
25940 960 27380 2400 0 2
25940 5160 27380 6600 0 2
25940 13560 27380 15000 0 2
25940 15240 27380 16680 0 2
25940 23640 27380 25080 0 2
25940 27840 27380 29280 0 2
26800 11880 28240 13320 0 2
26800 16920 28240 18360 0 2
27660 960 29100 2400 0 2
27660 5160 29100 6600 0 2
27660 12720 29100 14160 0 2
27660 16080 29100 17520 0 2
27660 23640 29100 25080 0 2
27660 27840 29100 29280 0 2
28520 11880 29960 13320 0 2
28520 16920 29960 18360 0 2
29380 960 30820 2400 0 2
29380 5160 30820 6600 0 2
29380 13560 30820 15000 0 2
29380 15240 30820 16680 0 2
29380 23640 30820 25080 0 2
29380 27840 30820 29280 0 2
30240 11880 31680 13320 0 2
30240 16920 31680 18360 0 2
31100 960 32540 2400 0 2
31100 5160 32540 6600 0 2
31100 12720 32540 14160 0 2
31100 16080 32540 17520 0 2
31100 23640 32540 25080 0 2
31100 27840 32540 29280 0 2
31960 11880 33400 13320 0 2
31960 16920 33400 18360 0 2
32820 15240 34260 16680 0 2
32820 23640 34260 25080 0 2
32820 27840 34260 29280 0 2
33680 16920 35120 18360 0 2
34540 16080 35980 17520 0 2
34540 23640 35980 25080 0 2
34540 27840 35980 29280 0 2
35400 16920 36840 18360 0 2
36260 15240 37700 16680 0 2
36260 23640 37700 25080 0 2
36260 27840 37700 29280 0 2
37120 16920 38560 18360 0 2
37980 16080 39420 17520 0 2
37980 23640 39420 25080 0 2
37980 27840 39420 29280 0 2
38840 16920 40280 18360 0 2
42280 16920 43720 18360 0 2
42280 28680 43720 30120 0 2
42280 40440 43720 41880 0 2
43140 16080 44580 17520 0 2
43140 23640 44580 25080 0 2
43140 27000 44580 28440 0 2
43140 35400 44580 36840 0 2
43140 39600 44580 41040 0 2
43140 47160 44580 48600 0 2
43140 51360 44580 52800 0 2
44000 16920 45440 18360 0 2
44000 28680 45440 30120 0 2
44000 40440 45440 41880 0 2
44860 15240 46300 16680 0 2
44860 23640 46300 25080 0 2
44860 27840 46300 29280 0 2
44860 35400 46300 36840 0 2
44860 38760 46300 40200 0 2
44860 47160 46300 48600 0 2
44860 51360 46300 52800 0 2
45720 16920 47160 18360 0 2
45720 28680 47160 30120 0 2
45720 40440 47160 41880 0 2
46580 16080 48020 17520 0 2
46580 23640 48020 25080 0 2
46580 27000 48020 28440 0 2
46580 35400 48020 36840 0 2
46580 39600 48020 41040 0 2
46580 47160 48020 48600 0 2
46580 51360 48020 52800 0 2
47440 16920 48880 18360 0 2
47440 28680 48880 30120 0 2
47440 40440 48880 41880 0 2
48300 15240 49740 16680 0 2
48300 23640 49740 25080 0 2
48300 27840 49740 29280 0 2
48300 35400 49740 36840 0 2
48300 38760 49740 40200 0 2
48300 47160 49740 48600 0 2
48300 51360 49740 52800 0 2
49160 16920 50600 18360 0 2
49160 28680 50600 30120 0 2
49160 40440 50600 41880 0 2
50020 16080 51460 17520 0 2
50020 23640 51460 25080 0 2
50020 27000 51460 28440 0 2
50020 35400 51460 36840 0 2
50020 39600 51460 41040 0 2
50020 47160 51460 48600 0 2
50020 51360 51460 52800 0 2
50880 16920 52320 18360 0 2
50880 28680 52320 30120 0 2
50880 40440 52320 41880 0 2
51740 15240 53180 16680 0 2
51740 23640 53180 25080 0 2
51740 27840 53180 29280 0 2
51740 35400 53180 36840 0 2
51740 38760 53180 40200 0 2
51740 47160 53180 48600 0 2
51740 51360 53180 52800 0 2
52600 16920 54040 18360 0 2
52600 28680 54040 30120 0 2
52600 40440 54040 41880 0 2
53460 16080 54900 17520 0 2
53460 23640 54900 25080 0 2
53460 27000 54900 28440 0 2
53460 35400 54900 36840 0 2
53460 39600 54900 41040 0 2
53460 47160 54900 48600 0 2
53460 51360 54900 52800 0 2
54320 16920 55760 18360 0 2
54320 28680 55760 30120 0 2
54320 40440 55760 41880 0 2
55180 15240 56620 16680 0 2
55180 23640 56620 25080 0 2
55180 27840 56620 29280 0 2
55180 35400 56620 36840 0 2
55180 38760 56620 40200 0 2
55180 47160 56620 48600 0 2
55180 51360 56620 52800 0 2
56040 11880 57480 13320 0 2
56040 16920 57480 18360 0 2
56040 28680 57480 30120 0 2
56040 40440 57480 41880 0 2
56900 960 58340 2400 0 2
56900 5160 58340 6600 0 2
56900 13560 58340 15000 0 2
56900 16080 58340 17520 0 2
56900 23640 58340 25080 0 2
56900 27000 58340 28440 0 2
56900 35400 58340 36840 0 2
56900 39600 58340 41040 0 2
56900 47160 58340 48600 0 2
56900 51360 58340 52800 0 2
57760 11880 59200 13320 0 2
57760 16920 59200 18360 0 2
57760 28680 59200 30120 0 2
57760 40440 59200 41880 0 2
58620 960 60060 2400 0 2
58620 4320 60060 5760 0 2
58620 12720 60060 14160 0 2
58620 15240 60060 16680 0 2
58620 23640 60060 25080 0 2
58620 27840 60060 29280 0 2
58620 35400 60060 36840 0 2
58620 38760 60060 40200 0 2
58620 47160 60060 48600 0 2
58620 51360 60060 52800 0 2
59480 11880 60920 13320 0 2
59480 16920 60920 18360 0 2
59480 28680 60920 30120 0 2
59480 40440 60920 41880 0 2
60340 960 61780 2400 0 2
60340 5160 61780 6600 0 2
60340 13560 61780 15000 0 2
60340 16080 61780 17520 0 2
60340 23640 61780 25080 0 2
60340 27000 61780 28440 0 2
60340 35400 61780 36840 0 2
60340 39600 61780 41040 0 2
60340 47160 61780 48600 0 2
60340 51360 61780 52800 0 2
61200 11880 62640 13320 0 2
61200 16920 62640 18360 0 2
61200 28680 62640 30120 0 2
61200 40440 62640 41880 0 2
62060 960 63500 2400 0 2
62060 4320 63500 5760 0 2
62060 12720 63500 14160 0 2
62060 15240 63500 16680 0 2
62060 23640 63500 25080 0 2
62060 27840 63500 29280 0 2
62060 35400 63500 36840 0 2
62060 38760 63500 40200 0 2
62060 47160 63500 48600 0 2
62060 51360 63500 52800 0 2
62920 11880 64360 13320 0 2
62920 16920 64360 18360 0 2
62920 28680 64360 30120 0 2
62920 40440 64360 41880 0 2
63780 960 65220 2400 0 2
63780 5160 65220 6600 0 2
63780 13560 65220 15000 0 2
63780 16080 65220 17520 0 2
63780 23640 65220 25080 0 2
63780 27000 65220 28440 0 2
63780 35400 65220 36840 0 2
63780 39600 65220 41040 0 2
63780 47160 65220 48600 0 2
63780 51360 65220 52800 0 2
64640 11880 66080 13320 0 2
64640 16920 66080 18360 0 2
64640 28680 66080 30120 0 2
64640 40440 66080 41880 0 2
65500 960 66940 2400 0 2
65500 4320 66940 5760 0 2
65500 12720 66940 14160 0 2
65500 15240 66940 16680 0 2
65500 23640 66940 25080 0 2
65500 27840 66940 29280 0 2
65500 35400 66940 36840 0 2
65500 38760 66940 40200 0 2
65500 47160 66940 48600 0 2
65500 51360 66940 52800 0 2
66360 11880 67800 13320 0 2
66360 16920 67800 18360 0 2
66360 28680 67800 30120 0 2
66360 40440 67800 41880 0 2
67220 960 68660 2400 0 2
67220 5160 68660 6600 0 2
67220 13560 68660 15000 0 2
68080 11880 69520 13320 0 2
68940 960 70380 2400 0 2
68940 4320 70380 5760 0 2
68940 12720 70380 14160 0 2
69800 11880 71240 13320 0 2
69800 16920 71240 18360 0 2
69800 28680 71240 30120 0 2
69800 40440 71240 41880 0 2
70660 960 72100 2400 0 2
70660 5160 72100 6600 0 2
70660 13560 72100 15000 0 2
70660 15240 72100 16680 0 2
70660 23640 72100 25080 0 2
70660 27840 72100 29280 0 2
70660 35400 72100 36840 0 2
70660 38760 72100 40200 0 2
70660 47160 72100 48600 0 2
70660 51360 72100 52800 0 2
71520 11880 72960 13320 0 2
71520 16920 72960 18360 0 2
71520 28680 72960 30120 0 2
71520 40440 72960 41880 0 2
72380 960 73820 2400 0 2
72380 4320 73820 5760 0 2
72380 12720 73820 14160 0 2
72380 16080 73820 17520 0 2
72380 23640 73820 25080 0 2
72380 27000 73820 28440 0 2
72380 35400 73820 36840 0 2
72380 39600 73820 41040 0 2
72380 47160 73820 48600 0 2
72380 51360 73820 52800 0 2
73240 11880 74680 13320 0 2
73240 16920 74680 18360 0 2
73240 28680 74680 30120 0 2
73240 40440 74680 41880 0 2
74100 960 75540 2400 0 2
74100 5160 75540 6600 0 2
74100 13560 75540 15000 0 2
74100 15240 75540 16680 0 2
74100 23640 75540 25080 0 2
74100 27840 75540 29280 0 2
74100 35400 75540 36840 0 2
74100 38760 75540 40200 0 2
74100 47160 75540 48600 0 2
74100 51360 75540 52800 0 2
74960 11880 76400 13320 0 2
74960 16920 76400 18360 0 2
74960 28680 76400 30120 0 2
74960 40440 76400 41880 0 2
75820 960 77260 2400 0 2
75820 4320 77260 5760 0 2
75820 12720 77260 14160 0 2
75820 16080 77260 17520 0 2
75820 23640 77260 25080 0 2
75820 27000 77260 28440 0 2
75820 35400 77260 36840 0 2
75820 39600 77260 41040 0 2
75820 47160 77260 48600 0 2
75820 51360 77260 52800 0 2
76680 11880 78120 13320 0 2
76680 16920 78120 18360 0 2
76680 28680 78120 30120 0 2
76680 40440 78120 41880 0 2
77540 960 78980 2400 0 2
77540 5160 78980 6600 0 2
77540 13560 78980 15000 0 2
77540 15240 78980 16680 0 2
77540 23640 78980 25080 0 2
77540 27840 78980 29280 0 2
77540 35400 78980 36840 0 2
77540 38760 78980 40200 0 2
77540 47160 78980 48600 0 2
77540 51360 78980 52800 0 2
78400 11880 79840 13320 0 2
78400 16920 79840 18360 0 2
78400 28680 79840 30120 0 2
78400 40440 79840 41880 0 2
79260 960 80700 2400 0 2
79260 4320 80700 5760 0 2
79260 12720 80700 14160 0 2
79260 16080 80700 17520 0 2
79260 23640 80700 25080 0 2
79260 27000 80700 28440 0 2
79260 35400 80700 36840 0 2
79260 39600 80700 41040 0 2
79260 47160 80700 48600 0 2
79260 51360 80700 52800 0 2
80120 11880 81560 13320 0 2
80120 16920 81560 18360 0 2
80120 28680 81560 30120 0 2
80120 40440 81560 41880 0 2
80980 15240 82420 16680 0 2
80980 23640 82420 25080 0 2
80980 27840 82420 29280 0 2
80980 35400 82420 36840 0 2
80980 38760 82420 40200 0 2
80980 47160 82420 48600 0 2
80980 51360 82420 52800 0 2
81840 16920 83280 18360 0 2
81840 28680 83280 30120 0 2
81840 40440 83280 41880 0 2
82700 16080 84140 17520 0 2
82700 23640 84140 25080 0 2
82700 27000 84140 28440 0 2
82700 35400 84140 36840 0 2
82700 39600 84140 41040 0 2
82700 47160 84140 48600 0 2
82700 51360 84140 52800 0 2
83560 16920 85000 18360 0 2
83560 28680 85000 30120 0 2
83560 40440 85000 41880 0 2
84420 15240 85860 16680 0 2
84420 23640 85860 25080 0 2
84420 27840 85860 29280 0 2
84420 35400 85860 36840 0 2
84420 38760 85860 40200 0 2
84420 47160 85860 48600 0 2
84420 51360 85860 52800 0 2
85280 16920 86720 18360 0 2
85280 28680 86720 30120 0 2
85280 40440 86720 41880 0 2
86140 16080 87580 17520 0 2
86140 23640 87580 25080 0 2
86140 27000 87580 28440 0 2
86140 35400 87580 36840 0 2
86140 39600 87580 41040 0 2
86140 47160 87580 48600 0 2
86140 51360 87580 52800 0 2
87000 16920 88440 18360 0 2
87000 28680 88440 30120 0 2
87000 40440 88440 41880 0 2
87860 15240 89300 16680 0 2
87860 23640 89300 25080 0 2
87860 27840 89300 29280 0 2
87860 35400 89300 36840 0 2
87860 38760 89300 40200 0 2
87860 47160 89300 48600 0 2
87860 51360 89300 52800 0 2
88720 16920 90160 18360 0 2
88720 28680 90160 30120 0 2
88720 40440 90160 41880 0 2
89580 16080 91020 17520 0 2
89580 23640 91020 25080 0 2
89580 27000 91020 28440 0 2
89580 35400 91020 36840 0 2
89580 39600 91020 41040 0 2
89580 47160 91020 48600 0 2
89580 51360 91020 52800 0 2
90440 16920 91880 18360 0 2
90440 28680 91880 30120 0 2
90440 40440 91880 41880 0 2
91300 15240 92740 16680 0 2
91300 23640 92740 25080 0 2
91300 27840 92740 29280 0 2
91300 35400 92740 36840 0 2
91300 38760 92740 40200 0 2
91300 47160 92740 48600 0 2
91300 51360 92740 52800 0 2
92160 16920 93600 18360 0 2
92160 28680 93600 30120 0 2
92160 40440 93600 41880 0 2
93020 16080 94460 17520 0 2
93020 23640 94460 25080 0 2
93020 27000 94460 28440 0 2
93020 35400 94460 36840 0 2
93020 39600 94460 41040 0 2
93020 47160 94460 48600 0 2
93020 51360 94460 52800 0 2
93880 16920 95320 18360 0 2
93880 28680 95320 30120 0 2
93880 40440 95320 41880 0 2
19140 5240 20420 6520 1 2
19140 13640 20420 14920 1 2
19140 15320 20420 16600 1 2
19140 23720 20420 25000 1 2
20860 1040 22140 2320 1 2
20860 11960 22140 13240 1 2
31180 12800 32460 14080 1 2
31180 17000 32460 18280 1 2
38920 11960 40200 13240 1 2
38920 17000 40200 18280 1 2
41500 16160 42780 17440 1 2
53540 17000 54820 18280 1 2
53540 28760 54820 30040 1 2
53540 40520 54820 41800 1 2
53540 51440 54820 52720 1 2
54400 16160 55680 17440 1 2
54400 27920 55680 29200 1 2
54400 39680 55680 40960 1 2
55260 13640 56540 14920 1 2
55260 15320 56540 16600 1 2
55260 23720 56540 25000 1 2
55260 27080 56540 28360 1 2
55260 35480 56540 36760 1 2
55260 38840 56540 40120 1 2
55260 47240 56540 48520 1 2
79340 12800 80620 14080 1 2
79340 13640 80620 14920 1 2
81060 13640 82340 14920 1 2
81060 15320 82340 16600 1 2
81060 23720 82340 25000 1 2
81060 27080 82340 28360 1 2
81060 35480 82340 36760 1 2
81060 38840 82340 40120 1 2
81060 47240 82340 48520 1 2
81920 16160 83200 17440 1 2
81920 27920 83200 29200 1 2
81920 39680 83200 40960 1 2
82780 17000 84060 18280 1 2
82780 28760 84060 30040 1 2
82780 40520 84060 41800 1 2
82780 51440 84060 52720 1 2
41340 16840 42940 18440 2 2
54240 16840 55840 18440 2 2
