16600 14840 54780 15400 1 2
16600 14840 54780 15400 2 2
16580 14840 54800 15400 0 2
16580 14840 54800 15400 1 2
17780 28430 18340 41290 2 2
17780 28430 18340 41290 3 2
17780 28480 18340 41240 1 2
17780 28480 18340 41240 2 2
17810 220 18310 3140 0 2
17810 220 18310 3140 1 2
17810 4420 18310 7340 0 2
17810 4420 18310 7340 1 2
17810 6940 18310 14900 0 2
17810 6940 18310 14900 1 2
17810 16180 18310 19100 0 2
17810 16180 18310 19100 1 2
17810 18700 18310 26660 0 2
17810 18700 18310 26660 1 2
17810 27100 18310 35060 0 2
17810 27100 18310 35060 1 2
18670 6940 19170 14900 0 2
18670 6940 19170 14900 1 2
18670 18700 19170 26660 0 2
18670 18700 19170 26660 1 2
18670 27100 19170 35060 0 2
18670 27100 19170 35060 1 2
19530 220 20030 3140 0 2
19530 220 20030 3140 1 2
19530 4420 20030 7340 0 2
19530 4420 20030 7340 1 2
19530 6940 20030 14900 0 2
19530 6940 20030 14900 1 2
19530 16180 20030 19100 0 2
19530 16180 20030 19100 1 2
19530 18700 20030 26660 0 2
19530 18700 20030 26660 1 2
19530 27100 20030 35060 0 2
19530 27100 20030 35060 1 2
20390 6940 20890 14900 0 2
20390 6940 20890 14900 1 2
20390 18700 20890 26660 0 2
20390 18700 20890 26660 1 2
20390 27100 20890 35060 0 2
20390 27100 20890 35060 1 2
21250 220 21750 3140 0 2
21250 220 21750 3140 1 2
21250 4420 21750 7340 0 2
21250 4420 21750 7340 1 2
21250 6940 21750 14900 0 2
21250 6940 21750 14900 1 2
21250 16180 21750 19100 0 2
21250 16180 21750 19100 1 2
21250 18700 21750 26660 0 2
21250 18700 21750 26660 1 2
21250 27100 21750 35060 0 2
21250 27100 21750 35060 1 2
22110 6940 22610 14900 0 2
22110 6940 22610 14900 1 2
22110 18700 22610 26660 0 2
22110 18700 22610 26660 1 2
22110 27100 22610 35060 0 2
22110 27100 22610 35060 1 2
22970 220 23470 3140 0 2
22970 220 23470 3140 1 2
22970 4420 23470 7340 0 2
22970 4420 23470 7340 1 2
22970 6940 23470 14900 0 2
22970 6940 23470 14900 1 2
22970 16180 23470 19100 0 2
22970 16180 23470 19100 1 2
22970 18700 23470 26660 0 2
22970 18700 23470 26660 1 2
22970 27100 23470 35060 0 2
22970 27100 23470 35060 1 2
23830 6940 24330 14900 0 2
23830 6940 24330 14900 1 2
23830 18700 24330 26660 0 2
23830 18700 24330 26660 1 2
23830 27100 24330 35060 0 2
23830 27100 24330 35060 1 2
24690 220 25190 3140 0 2
24690 220 25190 3140 1 2
24690 4420 25190 7340 0 2
24690 4420 25190 7340 1 2
24690 6940 25190 14900 0 2
24690 6940 25190 14900 1 2
24690 16180 25190 19100 0 2
24690 16180 25190 19100 1 2
24690 18700 25190 26660 0 2
24690 18700 25190 26660 1 2
25550 6940 26050 14900 0 2
25550 6940 26050 14900 1 2
25550 18700 26050 26660 0 2
25550 18700 26050 26660 1 2
26410 220 26910 3140 0 2
26410 220 26910 3140 1 2
26410 4420 26910 7340 0 2
26410 4420 26910 7340 1 2
26410 6940 26910 14900 0 2
26410 6940 26910 14900 1 2
26410 16180 26910 19100 0 2
26410 16180 26910 19100 1 2
26410 18700 26910 26660 0 2
26410 18700 26910 26660 1 2
27270 6940 27770 14900 0 2
27270 6940 27770 14900 1 2
27270 18700 27770 26660 0 2
27270 18700 27770 26660 1 2
28130 220 28630 3140 0 2
28130 220 28630 3140 1 2
28130 4420 28630 7340 0 2
28130 4420 28630 7340 1 2
28130 6940 28630 14900 0 2
28130 6940 28630 14900 1 2
28130 16180 28630 19100 0 2
28130 16180 28630 19100 1 2
28130 18700 28630 26660 0 2
28130 18700 28630 26660 1 2
28990 6940 29490 14900 0 2
28990 6940 29490 14900 1 2
28990 18700 29490 26660 0 2
28990 18700 29490 26660 1 2
29850 220 30350 3140 0 2
29850 220 30350 3140 1 2
29850 4420 30350 7340 0 2
29850 4420 30350 7340 1 2
29850 6940 30350 14900 0 2
29850 6940 30350 14900 1 2
29850 16180 30350 19100 0 2
29850 16180 30350 19100 1 2
29850 18700 30350 26660 0 2
29850 18700 30350 26660 1 2
30710 6940 31210 14900 0 2
30710 6940 31210 14900 1 2
30710 18700 31210 26660 0 2
30710 18700 31210 26660 1 2
31570 220 32070 3140 0 2
31570 220 32070 3140 1 2
31570 4420 32070 7340 0 2
31570 4420 32070 7340 1 2
31570 6940 32070 14900 0 2
31570 6940 32070 14900 1 2
31570 16180 32070 19100 0 2
31570 16180 32070 19100 1 2
31570 18700 32070 26660 0 2
31570 18700 32070 26660 1 2
32430 6940 32930 14900 0 2
32430 6940 32930 14900 1 2
32430 18700 32930 26660 0 2
32430 18700 32930 26660 1 2
33460 11480 35340 12040 1 2
33460 11480 35340 12040 2 2
33440 11480 35360 12040 0 2
33440 11480 35360 12040 1 2
33460 12320 35340 12880 1 2
33460 12320 35340 12880 2 2
33440 12320 35360 12880 0 2
33440 12320 35360 12880 1 2
34150 11140 34650 12380 0 2
34150 11140 34650 12380 1 2
34150 11310 34650 13050 0 2
34150 11310 34650 13050 1 2
34150 11980 34650 13220 0 2
34150 11980 34650 13220 1 2
33800 12320 48760 12880 1 2
33800 12320 48760 12880 2 2
33780 12320 48780 12880 0 2
33780 12320 48780 12880 1 2
35180 17360 54260 17920 1 2
35180 17360 54260 17920 2 2
35160 17360 54280 17920 0 2
35160 17360 54280 17920 1 2
35870 15340 36370 23300 0 2
35870 15340 36370 23300 1 2
36040 24080 53400 24640 1 2
36040 24080 53400 24640 2 2
36020 24080 53420 24640 0 2
36020 24080 53420 24640 1 2
36040 28280 53400 28840 1 2
36040 28280 53400 28840 2 2
36020 28280 53420 28840 0 2
36020 28280 53420 28840 1 2
36730 15340 37230 23300 0 2
36730 15340 37230 23300 1 2
36730 22900 37230 25820 0 2
36730 22900 37230 25820 1 2
36730 27100 37230 30020 0 2
36730 27100 37230 30020 1 2
37590 15340 38090 23300 0 2
37590 15340 38090 23300 1 2
37760 15680 53400 16240 1 2
37760 15680 53400 16240 2 2
37740 15680 53420 16240 0 2
37740 15680 53420 16240 1 2
38450 15340 38950 23300 0 2
38450 15340 38950 23300 1 2
38450 22900 38950 25820 0 2
38450 22900 38950 25820 1 2
38450 27100 38950 30020 0 2
38450 27100 38950 30020 1 2
39310 15340 39810 23300 0 2
39310 15340 39810 23300 1 2
40170 15340 40670 23300 0 2
40170 15340 40670 23300 1 2
40170 22900 40670 25820 0 2
40170 22900 40670 25820 1 2
40170 27100 40670 30020 0 2
40170 27100 40670 30020 1 2
41030 15340 41530 23300 0 2
41030 15340 41530 23300 1 2
41890 15340 42390 23300 0 2
41890 15340 42390 23300 1 2
41890 22900 42390 25820 0 2
41890 22900 42390 25820 1 2
41890 27100 42390 30020 0 2
41890 27100 42390 30020 1 2
42750 15340 43250 23300 0 2
42750 15340 43250 23300 1 2
43580 16670 44140 29530 2 2
43580 16670 44140 29530 3 2
43580 16720 44140 29480 1 2
43580 16720 44140 29480 2 2
43610 15340 44110 23300 0 2
43610 15340 44110 23300 1 2
43610 22900 44110 25820 0 2
43610 22900 44110 25820 1 2
43610 27100 44110 30020 0 2
43610 27100 44110 30020 1 2
44470 15340 44970 23300 0 2
44470 15340 44970 23300 1 2
44660 14000 46500 14560 1 2
44660 14000 46500 14560 2 2
44640 14000 46520 14560 0 2
44640 14000 46520 14560 1 2
45300 13310 45860 15250 2 2
45300 13310 45860 15250 3 2
45300 13360 45860 15200 1 2
45300 13360 45860 15200 2 2
45300 13630 45860 16610 2 2
45300 13630 45860 16610 3 2
45300 13680 45860 16560 1 2
45300 13680 45860 16560 2 2
45300 14990 45860 25330 2 2
45300 14990 45860 25330 3 2
45300 15040 45860 25280 1 2
45300 15040 45860 25280 2 2
45330 15340 45830 23300 0 2
45330 15340 45830 23300 1 2
45330 22900 45830 25820 0 2
45330 22900 45830 25820 1 2
45330 27100 45830 30020 0 2
45330 27100 45830 30020 1 2
44980 14000 47900 14560 1 2
44980 14000 47900 14560 2 2
44960 14000 47920 14560 0 2
44960 14000 47920 14560 1 2
46190 15340 46690 23300 0 2
46190 15340 46690 23300 1 2
46380 13160 48220 13720 1 2
46380 13160 48220 13720 2 2
46360 13160 48240 13720 0 2
46360 13160 48240 13720 1 2
46380 14000 48220 14560 1 2
46380 14000 48220 14560 2 2
46360 14000 48240 14560 0 2
46360 14000 48240 14560 1 2
47020 12470 47580 14410 2 2
47020 12470 47580 14410 3 2
47020 12520 47580 14360 1 2
47020 12520 47580 14360 2 2
47020 12790 47580 14930 2 2
47020 12790 47580 14930 3 2
47020 12840 47580 14880 1 2
47020 12840 47580 14880 2 2
47020 13310 47580 15250 2 2
47020 13310 47580 15250 3 2
47020 13360 47580 15200 1 2
47020 13360 47580 15200 2 2
47050 15340 47550 23300 0 2
47050 15340 47550 23300 1 2
47050 22900 47550 25820 0 2
47050 22900 47550 25820 1 2
47050 27100 47550 30020 0 2
47050 27100 47550 30020 1 2
46700 13160 51340 13720 1 2
46700 13160 51340 13720 2 2
46680 13160 51360 13720 0 2
46680 13160 51360 13720 1 2
47220 12320 62860 12880 1 2
47220 12320 62860 12880 2 2
47200 12320 62880 12880 0 2
47200 12320 62880 12880 1 2
47910 6940 48410 14900 0 2
47910 6940 48410 14900 1 2
47910 15340 48410 23300 0 2
47910 15340 48410 23300 1 2
48080 1400 62000 1960 1 2
48080 1400 62000 1960 2 2
48060 1400 62020 1960 0 2
48060 1400 62020 1960 1 2
48080 5600 62000 6160 1 2
48080 5600 62000 6160 2 2
48060 5600 62020 6160 0 2
48060 5600 62020 6160 1 2
48080 14000 62000 14560 1 2
48080 14000 62000 14560 2 2
48060 14000 62020 14560 0 2
48060 14000 62020 14560 1 2
48770 220 49270 3140 0 2
48770 220 49270 3140 1 2
48770 4420 49270 7340 0 2
48770 4420 49270 7340 1 2
48770 6940 49270 14900 0 2
48770 6940 49270 14900 1 2
48770 15340 49270 23300 0 2
48770 15340 49270 23300 1 2
48770 22900 49270 25820 0 2
48770 22900 49270 25820 1 2
48770 27100 49270 30020 0 2
48770 27100 49270 30020 1 2
49630 6940 50130 14900 0 2
49630 6940 50130 14900 1 2
49630 15340 50130 23300 0 2
49630 15340 50130 23300 1 2
49800 4760 60280 5320 1 2
49800 4760 60280 5320 2 2
49780 4760 60300 5320 0 2
49780 4760 60300 5320 1 2
49800 13160 60280 13720 1 2
49800 13160 60280 13720 2 2
49780 13160 60300 13720 0 2
49780 13160 60300 13720 1 2
50490 220 50990 3140 0 2
50490 220 50990 3140 1 2
50490 4420 50990 7340 0 2
50490 4420 50990 7340 1 2
50490 6940 50990 14900 0 2
50490 6940 50990 14900 1 2
50490 15340 50990 23300 0 2
50490 15340 50990 23300 1 2
50490 22900 50990 25820 0 2
50490 22900 50990 25820 1 2
50490 27100 50990 30020 0 2
50490 27100 50990 30020 1 2
51350 6940 51850 14900 0 2
51350 6940 51850 14900 1 2
51350 15340 51850 23300 0 2
51350 15340 51850 23300 1 2
