 2.50000000e-01  9.05735909e-02 
 2.51000000e-01  9.09635585e-02 
 2.52000000e-01  9.13540256e-02 
 2.53000000e-01  9.17446182e-02 
 2.54000000e-01  9.21354616e-02 
 2.55000000e-01  9.25265560e-02 
 2.56000000e-01  9.29179020e-02 
 2.57000000e-01  9.33094999e-02 
 2.58000000e-01  9.37013501e-02 
 2.59000000e-01  9.40934530e-02 
 2.60000000e-01  9.44858090e-02 
 2.61000000e-01  9.48784185e-02 
 2.62000000e-01  9.52712820e-02 
 2.63000000e-01  9.56643997e-02 
 2.64000000e-01  9.60577722e-02 
 2.65000000e-01  9.64513998e-02 
 2.66000000e-01  9.68452829e-02 
 2.67000000e-01  9.72394220e-02 
 2.68000000e-01  9.76338174e-02 
 2.69000000e-01  9.80284696e-02 
 2.70000000e-01  9.84233790e-02 
 2.71000000e-01  9.88185460e-02 
 2.72000000e-01  9.92139709e-02 
 2.73000000e-01  9.96096543e-02 
 2.74000000e-01  1.00005596e-01 
 2.75000000e-01  1.00401798e-01 
 2.76000000e-01  1.00798259e-01 
 2.77000000e-01  1.01194980e-01 
 2.78000000e-01  1.01591962e-01 
 2.79000000e-01  1.01989205e-01 
 2.80000000e-01  1.02386709e-01 
 2.81000000e-01  1.02784474e-01 
 2.82000000e-01  1.03182502e-01 
 2.83000000e-01  1.03580793e-01 
 2.84000000e-01  1.03979346e-01 
 2.85000000e-01  1.04378163e-01 
 2.86000000e-01  1.04777244e-01 
 2.87000000e-01  1.05176590e-01 
 2.88000000e-01  1.05576200e-01 
 2.89000000e-01  1.05976075e-01 
 2.90000000e-01  1.06376216e-01 
 2.91000000e-01  1.06776623e-01 
 2.92000000e-01  1.07177297e-01 
 2.93000000e-01  1.07578237e-01 
 2.94000000e-01  1.07979445e-01 
 2.95000000e-01  1.08380921e-01 
 2.96000000e-01  1.08782665e-01 
 2.97000000e-01  1.09184677e-01 
 2.98000000e-01  1.09586959e-01 
 2.99000000e-01  1.09989510e-01 
 3.00000000e-01  1.10392332e-01 
 3.01000000e-01  1.10795424e-01 
 3.02000000e-01  1.11198787e-01 
 3.03000000e-01  1.11602421e-01 
 3.04000000e-01  1.12006327e-01 
 3.05000000e-01  1.12410505e-01 
 3.06000000e-01  1.12814956e-01 
 3.07000000e-01  1.13219681e-01 
 3.08000000e-01  1.13624679e-01 
 3.09000000e-01  1.14029951e-01 
 3.10000000e-01  1.14435497e-01 
 3.11000000e-01  1.14841319e-01 
 3.12000000e-01  1.15247416e-01 
 3.13000000e-01  1.15653789e-01 
 3.14000000e-01  1.16060439e-01 
 3.15000000e-01  1.16467365e-01 
 3.16000000e-01  1.16874569e-01 
 3.17000000e-01  1.17282050e-01 
 3.18000000e-01  1.17689810e-01 
 3.19000000e-01  1.18097849e-01 
 3.20000000e-01  1.18506167e-01 
 3.21000000e-01  1.18914764e-01 
 3.22000000e-01  1.19323642e-01 
 3.23000000e-01  1.19732800e-01 
 3.24000000e-01  1.20142240e-01 
 3.25000000e-01  1.20551961e-01 
 3.26000000e-01  1.20961964e-01 
 3.27000000e-01  1.21372250e-01 
 3.28000000e-01  1.21782819e-01 
 3.29000000e-01  1.22193671e-01 
 3.30000000e-01  1.22604807e-01 
 3.31000000e-01  1.23016228e-01 
 3.32000000e-01  1.23427934e-01 
 3.33000000e-01  1.23839925e-01 
 3.34000000e-01  1.24252202e-01 
 3.35000000e-01  1.24664766e-01 
 3.36000000e-01  1.25077617e-01 
 3.37000000e-01  1.25490755e-01 
 3.38000000e-01  1.25904181e-01 
 3.39000000e-01  1.26317895e-01 
 3.40000000e-01  1.26731899e-01 
 3.41000000e-01  1.27146192e-01 
 3.42000000e-01  1.27560774e-01 
 3.43000000e-01  1.27975648e-01 
 3.44000000e-01  1.28390812e-01 
 3.45000000e-01  1.28806268e-01 
 3.46000000e-01  1.29222015e-01 
 3.47000000e-01  1.29638055e-01 
 3.48000000e-01  1.30054388e-01 
 3.49000000e-01  1.30471015e-01 
 3.50000000e-01  1.30887936e-01 
 2.50000000e-01  6.90197017e-02 
 2.51000000e-01  6.93079112e-02 
 2.52000000e-01  6.95963283e-02 
 2.53000000e-01  6.98847976e-02 
 2.54000000e-01  7.01733709e-02 
 2.55000000e-01  7.04620483e-02 
 2.56000000e-01  7.07508300e-02 
 2.57000000e-01  7.10397160e-02 
 2.58000000e-01  7.13287064e-02 
 2.59000000e-01  7.16178014e-02 
 2.60000000e-01  7.19070009e-02 
 2.61000000e-01  7.21963051e-02 
 2.62000000e-01  7.24857141e-02 
 2.63000000e-01  7.27752280e-02 
 2.64000000e-01  7.30648468e-02 
 2.65000000e-01  7.33545706e-02 
 2.66000000e-01  7.36443996e-02 
 2.67000000e-01  7.39343338e-02 
 2.68000000e-01  7.42243734e-02 
 2.69000000e-01  7.45145183e-02 
 2.70000000e-01  7.48047687e-02 
 2.71000000e-01  7.50951247e-02 
 2.72000000e-01  7.53855864e-02 
 2.73000000e-01  7.56761538e-02 
 2.74000000e-01  7.59668271e-02 
 2.75000000e-01  7.62576064e-02 
 2.76000000e-01  7.65484917e-02 
 2.77000000e-01  7.68394831e-02 
 2.78000000e-01  7.71305807e-02 
 2.79000000e-01  7.74217847e-02 
 2.80000000e-01  7.77130950e-02 
 2.81000000e-01  7.80045119e-02 
 2.82000000e-01  7.82960353e-02 
 2.83000000e-01  7.85876654e-02 
 2.84000000e-01  7.88794023e-02 
 2.85000000e-01  7.91712461e-02 
 2.86000000e-01  7.94631968e-02 
 2.87000000e-01  7.97552546e-02 
 2.88000000e-01  8.00474195e-02 
 2.89000000e-01  8.03396916e-02 
 2.90000000e-01  8.06320711e-02 
 2.91000000e-01  8.09245580e-02 
 2.92000000e-01  8.12171524e-02 
 2.93000000e-01  8.15098544e-02 
 2.94000000e-01  8.18026642e-02 
 2.95000000e-01  8.20955817e-02 
 2.96000000e-01  8.23886071e-02 
 2.97000000e-01  8.26817405e-02 
 2.98000000e-01  8.29749820e-02 
 2.99000000e-01  8.32683316e-02 
 3.00000000e-01  8.35617895e-02 
 3.01000000e-01  8.38553558e-02 
 3.02000000e-01  8.41490305e-02 
 3.03000000e-01  8.44428138e-02 
 3.04000000e-01  8.47367057e-02 
 3.05000000e-01  8.50307064e-02 
 3.06000000e-01  8.53248159e-02 
 3.07000000e-01  8.56190343e-02 
 3.08000000e-01  8.59133618e-02 
 3.09000000e-01  8.62077984e-02 
 3.10000000e-01  8.65023442e-02 
 3.11000000e-01  8.67969993e-02 
 3.12000000e-01  8.70917638e-02 
 3.13000000e-01  8.73866378e-02 
 3.14000000e-01  8.76816214e-02 
 3.15000000e-01  8.79767148e-02 
 3.16000000e-01  8.82719179e-02 
 3.17000000e-01  8.85672309e-02 
 3.18000000e-01  8.88626539e-02 
 3.19000000e-01  8.91581870e-02 
 3.20000000e-01  8.94538303e-02 
 3.21000000e-01  8.97495838e-02 
 3.22000000e-01  9.00454478e-02 
 3.23000000e-01  9.03414222e-02 
 3.24000000e-01  9.06375072e-02 
 3.25000000e-01  9.09337028e-02 
 3.26000000e-01  9.12300092e-02 
 3.27000000e-01  9.15264265e-02 
 3.28000000e-01  9.18229548e-02 
 3.29000000e-01  9.21195941e-02 
 3.30000000e-01  9.24163446e-02 
 3.31000000e-01  9.27132063e-02 
 3.32000000e-01  9.30101794e-02 
 3.33000000e-01  9.33072640e-02 
 3.34000000e-01  9.36044601e-02 
 3.35000000e-01  9.39017679e-02 
 3.36000000e-01  9.41991874e-02 
 3.37000000e-01  9.44967188e-02 
 3.38000000e-01  9.47943622e-02 
 3.39000000e-01  9.50921176e-02 
 3.40000000e-01  9.53899851e-02 
 3.41000000e-01  9.56879650e-02 
 3.42000000e-01  9.59860571e-02 
 3.43000000e-01  9.62842618e-02 
 3.44000000e-01  9.65825789e-02 
 3.45000000e-01  9.68810088e-02 
 3.46000000e-01  9.71795514e-02 
 3.47000000e-01  9.74782069e-02 
 3.48000000e-01  9.77769753e-02 
 3.49000000e-01  9.80758568e-02 
 3.50000000e-01  9.83748515e-02 
 2.50000000e-01  5.80828149e-02 
 2.51000000e-01  5.83222048e-02 
 2.52000000e-01  5.85617129e-02 
 2.53000000e-01  5.88012506e-02 
 2.54000000e-01  5.90408475e-02 
 2.55000000e-01  5.92805036e-02 
 2.56000000e-01  5.95202190e-02 
 2.57000000e-01  5.97599938e-02 
 2.58000000e-01  5.99998278e-02 
 2.59000000e-01  6.02397212e-02 
 2.60000000e-01  6.04796740e-02 
 2.61000000e-01  6.07196863e-02 
 2.62000000e-01  6.09597580e-02 
 2.63000000e-01  6.11998892e-02 
 2.64000000e-01  6.14400800e-02 
 2.65000000e-01  6.16803303e-02 
 2.66000000e-01  6.19206403e-02 
 2.67000000e-01  6.21610098e-02 
 2.68000000e-01  6.24014391e-02 
 2.69000000e-01  6.26419280e-02 
 2.70000000e-01  6.28824767e-02 
 2.71000000e-01  6.31230852e-02 
 2.72000000e-01  6.33637535e-02 
 2.73000000e-01  6.36044816e-02 
 2.74000000e-01  6.38452696e-02 
 2.75000000e-01  6.40861175e-02 
 2.76000000e-01  6.43270254e-02 
 2.77000000e-01  6.45679932e-02 
 2.78000000e-01  6.48090210e-02 
 2.79000000e-01  6.50501089e-02 
 2.80000000e-01  6.52912569e-02 
 2.81000000e-01  6.55324650e-02 
 2.82000000e-01  6.57737332e-02 
 2.83000000e-01  6.60150617e-02 
 2.84000000e-01  6.62564503e-02 
 2.85000000e-01  6.64978992e-02 
 2.86000000e-01  6.67394084e-02 
 2.87000000e-01  6.69809779e-02 
 2.88000000e-01  6.72226078e-02 
 2.89000000e-01  6.74642981e-02 
 2.90000000e-01  6.77060488e-02 
 2.91000000e-01  6.79478599e-02 
 2.92000000e-01  6.81897316e-02 
 2.93000000e-01  6.84316638e-02 
 2.94000000e-01  6.86736565e-02 
 2.95000000e-01  6.89157099e-02 
 2.96000000e-01  6.91578238e-02 
 2.97000000e-01  6.93999985e-02 
 2.98000000e-01  6.96422339e-02 
 2.99000000e-01  6.98845300e-02 
 3.00000000e-01  7.01268868e-02 
 3.01000000e-01  7.03693045e-02 
 3.02000000e-01  7.06117830e-02 
 3.03000000e-01  7.08543225e-02 
 3.04000000e-01  7.10969228e-02 
 3.05000000e-01  7.13395841e-02 
 3.06000000e-01  7.15823063e-02 
 3.07000000e-01  7.18250896e-02 
 3.08000000e-01  7.20679340e-02 
 3.09000000e-01  7.23108394e-02 
 3.10000000e-01  7.25538060e-02 
 3.11000000e-01  7.27968337e-02 
 3.12000000e-01  7.30399226e-02 
 3.13000000e-01  7.32830728e-02 
 3.14000000e-01  7.35262842e-02 
 3.15000000e-01  7.37695569e-02 
 3.16000000e-01  7.40128910e-02 
 3.17000000e-01  7.42562864e-02 
 3.18000000e-01  7.44997433e-02 
 3.19000000e-01  7.47432615e-02 
 3.20000000e-01  7.49868413e-02 
 3.21000000e-01  7.52304826e-02 
 3.22000000e-01  7.54741855e-02 
 3.23000000e-01  7.57179499e-02 
 3.24000000e-01  7.59617760e-02 
 3.25000000e-01  7.62056637e-02 
 3.26000000e-01  7.64496131e-02 
 3.27000000e-01  7.66936243e-02 
 3.28000000e-01  7.69376972e-02 
 3.29000000e-01  7.71818319e-02 
 3.30000000e-01  7.74260285e-02 
 3.31000000e-01  7.76702869e-02 
 3.32000000e-01  7.79146072e-02 
 3.33000000e-01  7.81589895e-02 
 3.34000000e-01  7.84034338e-02 
 3.35000000e-01  7.86479401e-02 
 3.36000000e-01  7.88925085e-02 
 3.37000000e-01  7.91371389e-02 
 3.38000000e-01  7.93818315e-02 
 3.39000000e-01  7.96265863e-02 
 3.40000000e-01  7.98714032e-02 
 3.41000000e-01  8.01162824e-02 
 3.42000000e-01  8.03612239e-02 
 3.43000000e-01  8.06062277e-02 
 3.44000000e-01  8.08512938e-02 
 3.45000000e-01  8.10964223e-02 
 3.46000000e-01  8.13416132e-02 
 3.47000000e-01  8.15868666e-02 
 3.48000000e-01  8.18321825e-02 
 3.49000000e-01  8.20775609e-02 
 3.50000000e-01  8.23230018e-02 
 2.50000000e-01  5.15064303e-02 
 2.51000000e-01  5.17172117e-02 
 2.52000000e-01  5.19280718e-02 
 2.53000000e-01  5.21389517e-02 
 2.54000000e-01  5.23498709e-02 
 2.55000000e-01  5.25608296e-02 
 2.56000000e-01  5.27718277e-02 
 2.57000000e-01  5.29828653e-02 
 2.58000000e-01  5.31939423e-02 
 2.59000000e-01  5.34050589e-02 
 2.60000000e-01  5.36162150e-02 
 2.61000000e-01  5.38274105e-02 
 2.62000000e-01  5.40386457e-02 
 2.63000000e-01  5.42499204e-02 
 2.64000000e-01  5.44612346e-02 
 2.65000000e-01  5.46725885e-02 
 2.66000000e-01  5.48839820e-02 
 2.67000000e-01  5.50954151e-02 
 2.68000000e-01  5.53068878e-02 
 2.69000000e-01  5.55184002e-02 
 2.70000000e-01  5.57299523e-02 
 2.71000000e-01  5.59415441e-02 
 2.72000000e-01  5.61531756e-02 
 2.73000000e-01  5.63648468e-02 
 2.74000000e-01  5.65765577e-02 
 2.75000000e-01  5.67883084e-02 
 2.76000000e-01  5.70000989e-02 
 2.77000000e-01  5.72119292e-02 
 2.78000000e-01  5.74237993e-02 
 2.79000000e-01  5.76357092e-02 
 2.80000000e-01  5.78476590e-02 
 2.81000000e-01  5.80596486e-02 
 2.82000000e-01  5.82716782e-02 
 2.83000000e-01  5.84837476e-02 
 2.84000000e-01  5.86958569e-02 
 2.85000000e-01  5.89080061e-02 
 2.86000000e-01  5.91201953e-02 
 2.87000000e-01  5.93324245e-02 
 2.88000000e-01  5.95446936e-02 
 2.89000000e-01  5.97570027e-02 
 2.90000000e-01  5.99693519e-02 
 2.91000000e-01  6.01817410e-02 
 2.92000000e-01  6.03941703e-02 
 2.93000000e-01  6.06066395e-02 
 2.94000000e-01  6.08191489e-02 
 2.95000000e-01  6.10316984e-02 
 2.96000000e-01  6.12442880e-02 
 2.97000000e-01  6.14569177e-02 
 2.98000000e-01  6.16695875e-02 
 2.99000000e-01  6.18822975e-02 
 3.00000000e-01  6.20950478e-02 
 3.01000000e-01  6.23078382e-02 
 3.02000000e-01  6.25206688e-02 
 3.03000000e-01  6.27335396e-02 
 3.04000000e-01  6.29464508e-02 
 3.05000000e-01  6.31594021e-02 
 3.06000000e-01  6.33723938e-02 
 3.07000000e-01  6.35854258e-02 
 3.08000000e-01  6.37984981e-02 
 3.09000000e-01  6.40116107e-02 
 3.10000000e-01  6.42247637e-02 
 3.11000000e-01  6.44379570e-02 
 3.12000000e-01  6.46511907e-02 
 3.13000000e-01  6.48644649e-02 
 3.14000000e-01  6.50777795e-02 
 3.15000000e-01  6.52911345e-02 
 3.16000000e-01  6.55045299e-02 
 3.17000000e-01  6.57179659e-02 
 3.18000000e-01  6.59314423e-02 
 3.19000000e-01  6.61449592e-02 
 3.20000000e-01  6.63585167e-02 
 3.21000000e-01  6.65721147e-02 
 3.22000000e-01  6.67857533e-02 
 3.23000000e-01  6.69994324e-02 
 3.24000000e-01  6.72131522e-02 
 3.25000000e-01  6.74269125e-02 
 3.26000000e-01  6.76407135e-02 
 3.27000000e-01  6.78545552e-02 
 3.28000000e-01  6.80684375e-02 
 3.29000000e-01  6.82823604e-02 
 3.30000000e-01  6.84963241e-02 
 3.31000000e-01  6.87103285e-02 
 3.32000000e-01  6.89243737e-02 
 3.33000000e-01  6.91384595e-02 
 3.34000000e-01  6.93525862e-02 
 3.35000000e-01  6.95667536e-02 
 3.36000000e-01  6.97809619e-02 
 3.37000000e-01  6.99952110e-02 
 3.38000000e-01  7.02095009e-02 
 3.39000000e-01  7.04238316e-02 
 3.40000000e-01  7.06382033e-02 
 3.41000000e-01  7.08526158e-02 
 3.42000000e-01  7.10670693e-02 
 3.43000000e-01  7.12815636e-02 
 3.44000000e-01  7.14960989e-02 
 3.45000000e-01  7.17106752e-02 
 3.46000000e-01  7.19252925e-02 
 3.47000000e-01  7.21399507e-02 
 3.48000000e-01  7.23546500e-02 
 3.49000000e-01  7.25693903e-02 
 3.50000000e-01  7.27841717e-02 
 2.50000000e-01  4.71607285e-02 
 2.51000000e-01  4.73528743e-02 
 2.52000000e-01  4.75450777e-02 
 2.53000000e-01  4.77372955e-02 
 2.54000000e-01  4.79295422e-02 
 2.55000000e-01  4.81218176e-02 
 2.56000000e-01  4.83141219e-02 
 2.57000000e-01  4.85064551e-02 
 2.58000000e-01  4.86988171e-02 
 2.59000000e-01  4.88912079e-02 
 2.60000000e-01  4.90836277e-02 
 2.61000000e-01  4.92760763e-02 
 2.62000000e-01  4.94685538e-02 
 2.63000000e-01  4.96610603e-02 
 2.64000000e-01  4.98535956e-02 
 2.65000000e-01  5.00461599e-02 
 2.66000000e-01  5.02387531e-02 
 2.67000000e-01  5.04313752e-02 
 2.68000000e-01  5.06240263e-02 
 2.69000000e-01  5.08167064e-02 
 2.70000000e-01  5.10094154e-02 
 2.71000000e-01  5.12021534e-02 
 2.72000000e-01  5.13949204e-02 
 2.73000000e-01  5.15877164e-02 
 2.74000000e-01  5.17805414e-02 
 2.75000000e-01  5.19733954e-02 
 2.76000000e-01  5.21662785e-02 
 2.77000000e-01  5.23591906e-02 
 2.78000000e-01  5.25521317e-02 
 2.79000000e-01  5.27451019e-02 
 2.80000000e-01  5.29381012e-02 
 2.81000000e-01  5.31311296e-02 
 2.82000000e-01  5.33241870e-02 
 2.83000000e-01  5.35172735e-02 
 2.84000000e-01  5.37103892e-02 
 2.85000000e-01  5.39035339e-02 
 2.86000000e-01  5.40967078e-02 
 2.87000000e-01  5.42899108e-02 
 2.88000000e-01  5.44831430e-02 
 2.89000000e-01  5.46764043e-02 
 2.90000000e-01  5.48696948e-02 
 2.91000000e-01  5.50630145e-02 
 2.92000000e-01  5.52563633e-02 
 2.93000000e-01  5.54497413e-02 
 2.94000000e-01  5.56431486e-02 
 2.95000000e-01  5.58365850e-02 
 2.96000000e-01  5.60300507e-02 
 2.97000000e-01  5.62235456e-02 
 2.98000000e-01  5.64170698e-02 
 2.99000000e-01  5.66106232e-02 
 3.00000000e-01  5.68042059e-02 
 3.01000000e-01  5.69978178e-02 
 3.02000000e-01  5.71914590e-02 
 3.03000000e-01  5.73851295e-02 
 3.04000000e-01  5.75788294e-02 
 3.05000000e-01  5.77725585e-02 
 3.06000000e-01  5.79663169e-02 
 3.07000000e-01  5.81601047e-02 
 3.08000000e-01  5.83539218e-02 
 3.09000000e-01  5.85477683e-02 
 3.10000000e-01  5.87416441e-02 
 3.11000000e-01  5.89355493e-02 
 3.12000000e-01  5.91294839e-02 
 3.13000000e-01  5.93234479e-02 
 3.14000000e-01  5.95174413e-02 
 3.15000000e-01  5.97114640e-02 
 3.16000000e-01  5.99055162e-02 
 3.17000000e-01  6.00995979e-02 
 3.18000000e-01  6.02937089e-02 
 3.19000000e-01  6.04878494e-02 
 3.20000000e-01  6.06820194e-02 
 3.21000000e-01  6.08762189e-02 
 3.22000000e-01  6.10704478e-02 
 3.23000000e-01  6.12647062e-02 
 3.24000000e-01  6.14589941e-02 
 3.25000000e-01  6.16533115e-02 
 3.26000000e-01  6.18476585e-02 
 3.27000000e-01  6.20420349e-02 
 3.28000000e-01  6.22364409e-02 
 3.29000000e-01  6.24308765e-02 
 3.30000000e-01  6.26253416e-02 
 3.31000000e-01  6.28198363e-02 
 3.32000000e-01  6.30143605e-02 
 3.33000000e-01  6.32089143e-02 
 3.34000000e-01  6.34034978e-02 
 3.35000000e-01  6.35981108e-02 
 3.36000000e-01  6.37927535e-02 
 3.37000000e-01  6.39874258e-02 
 3.38000000e-01  6.41821277e-02 
 3.39000000e-01  6.43768593e-02 
 3.40000000e-01  6.45716205e-02 
 3.41000000e-01  6.47664114e-02 
 3.42000000e-01  6.49612320e-02 
 3.43000000e-01  6.51560823e-02 
 3.44000000e-01  6.53509622e-02 
 3.45000000e-01  6.55458719e-02 
 3.46000000e-01  6.57408113e-02 
 3.47000000e-01  6.59357804e-02 
 3.48000000e-01  6.61307792e-02 
 3.49000000e-01  6.63258078e-02 
 3.50000000e-01  6.65208662e-02 
 2.50000000e-01  4.41141326e-02 
 2.51000000e-01  4.42933277e-02 
 2.52000000e-01  4.44725676e-02 
 2.53000000e-01  4.46518187e-02 
 2.54000000e-01  4.48310922e-02 
 2.55000000e-01  4.50103882e-02 
 2.56000000e-01  4.51897066e-02 
 2.57000000e-01  4.53690474e-02 
 2.58000000e-01  4.55484107e-02 
 2.59000000e-01  4.57277964e-02 
 2.60000000e-01  4.59072046e-02 
 2.61000000e-01  4.60866353e-02 
 2.62000000e-01  4.62660884e-02 
 2.63000000e-01  4.64455640e-02 
 2.64000000e-01  4.66250621e-02 
 2.65000000e-01  4.68045827e-02 
 2.66000000e-01  4.69841257e-02 
 2.67000000e-01  4.71636913e-02 
 2.68000000e-01  4.73432794e-02 
 2.69000000e-01  4.75228899e-02 
 2.70000000e-01  4.77025230e-02 
 2.71000000e-01  4.78821787e-02 
 2.72000000e-01  4.80618568e-02 
 2.73000000e-01  4.82415575e-02 
 2.74000000e-01  4.84212808e-02 
 2.75000000e-01  4.86010266e-02 
 2.76000000e-01  4.87807949e-02 
 2.77000000e-01  4.89605858e-02 
 2.78000000e-01  4.91403993e-02 
 2.79000000e-01  4.93202354e-02 
 2.80000000e-01  4.95000940e-02 
 2.81000000e-01  4.96799752e-02 
 2.82000000e-01  4.98598790e-02 
 2.83000000e-01  5.00398055e-02 
 2.84000000e-01  5.02197545e-02 
 2.85000000e-01  5.03997261e-02 
 2.86000000e-01  5.05797204e-02 
 2.87000000e-01  5.07597372e-02 
 2.88000000e-01  5.09397767e-02 
 2.89000000e-01  5.11198389e-02 
 2.90000000e-01  5.12999237e-02 
 2.91000000e-01  5.14800311e-02 
 2.92000000e-01  5.16601612e-02 
 2.93000000e-01  5.18403139e-02 
 2.94000000e-01  5.20204893e-02 
 2.95000000e-01  5.22006874e-02 
 2.96000000e-01  5.23809082e-02 
 2.97000000e-01  5.25611516e-02 
 2.98000000e-01  5.27414178e-02 
 2.99000000e-01  5.29217066e-02 
 3.00000000e-01  5.31020182e-02 
 3.01000000e-01  5.32823524e-02 
 3.02000000e-01  5.34627094e-02 
 3.03000000e-01  5.36430891e-02 
 3.04000000e-01  5.38234916e-02 
 3.05000000e-01  5.40039167e-02 
 3.06000000e-01  5.41843646e-02 
 3.07000000e-01  5.43648353e-02 
 3.08000000e-01  5.45453287e-02 
 3.09000000e-01  5.47258449e-02 
 3.10000000e-01  5.49063838e-02 
 3.11000000e-01  5.50869455e-02 
 3.12000000e-01  5.52675300e-02 
 3.13000000e-01  5.54481373e-02 
 3.14000000e-01  5.56287674e-02 
 3.15000000e-01  5.58094202e-02 
 3.16000000e-01  5.59900959e-02 
 3.17000000e-01  5.61707944e-02 
 3.18000000e-01  5.63515157e-02 
 3.19000000e-01  5.65322598e-02 
 3.20000000e-01  5.67130268e-02 
 3.21000000e-01  5.68938166e-02 
 3.22000000e-01  5.70746292e-02 
 3.23000000e-01  5.72554647e-02 
 3.24000000e-01  5.74363230e-02 
 3.25000000e-01  5.76172042e-02 
 3.26000000e-01  5.77981083e-02 
 3.27000000e-01  5.79790353e-02 
 3.28000000e-01  5.81599851e-02 
 3.29000000e-01  5.83409578e-02 
 3.30000000e-01  5.85219534e-02 
 3.31000000e-01  5.87029719e-02 
 3.32000000e-01  5.88840133e-02 
 3.33000000e-01  5.90650776e-02 
 3.34000000e-01  5.92461649e-02 
 3.35000000e-01  5.94272750e-02 
 3.36000000e-01  5.96084081e-02 
 3.37000000e-01  5.97895642e-02 
 3.38000000e-01  5.99707431e-02 
 3.39000000e-01  6.01519451e-02 
 3.40000000e-01  6.03331699e-02 
 3.41000000e-01  6.05144178e-02 
 3.42000000e-01  6.06956886e-02 
 3.43000000e-01  6.08769824e-02 
 3.44000000e-01  6.10582992e-02 
 3.45000000e-01  6.12396389e-02 
 3.46000000e-01  6.14210017e-02 
 3.47000000e-01  6.16023874e-02 
 3.48000000e-01  6.17837962e-02 
 3.49000000e-01  6.19652279e-02 
 3.50000000e-01  6.21466827e-02 
 2.50000000e-01  4.18928317e-02 
 2.51000000e-01  4.20626368e-02 
 2.52000000e-01  4.22324783e-02 
 2.53000000e-01  4.24023288e-02 
 2.54000000e-01  4.25721977e-02 
 2.55000000e-01  4.27420847e-02 
 2.56000000e-01  4.29119900e-02 
 2.57000000e-01  4.30819135e-02 
 2.58000000e-01  4.32518553e-02 
 2.59000000e-01  4.34218153e-02 
 2.60000000e-01  4.35917935e-02 
 2.61000000e-01  4.37617900e-02 
 2.62000000e-01  4.39318048e-02 
 2.63000000e-01  4.41018378e-02 
 2.64000000e-01  4.42718891e-02 
 2.65000000e-01  4.44419587e-02 
 2.66000000e-01  4.46120465e-02 
 2.67000000e-01  4.47821527e-02 
 2.68000000e-01  4.49522771e-02 
 2.69000000e-01  4.51224198e-02 
 2.70000000e-01  4.52925808e-02 
 2.71000000e-01  4.54627600e-02 
 2.72000000e-01  4.56329576e-02 
 2.73000000e-01  4.58031735e-02 
 2.74000000e-01  4.59734077e-02 
 2.75000000e-01  4.61436602e-02 
 2.76000000e-01  4.63139311e-02 
 2.77000000e-01  4.64842202e-02 
 2.78000000e-01  4.66545277e-02 
 2.79000000e-01  4.68248535e-02 
 2.80000000e-01  4.69951977e-02 
 2.81000000e-01  4.71655602e-02 
 2.82000000e-01  4.73359410e-02 
 2.83000000e-01  4.75063402e-02 
 2.84000000e-01  4.76767577e-02 
 2.85000000e-01  4.78471936e-02 
 2.86000000e-01  4.80176478e-02 
 2.87000000e-01  4.81881205e-02 
 2.88000000e-01  4.83586114e-02 
 2.89000000e-01  4.85291208e-02 
 2.90000000e-01  4.86996485e-02 
 2.91000000e-01  4.88701946e-02 
 2.92000000e-01  4.90407591e-02 
 2.93000000e-01  4.92113420e-02 
 2.94000000e-01  4.93819433e-02 
 2.95000000e-01  4.95525630e-02 
 2.96000000e-01  4.97232011e-02 
 2.97000000e-01  4.98938576e-02 
 2.98000000e-01  5.00645325e-02 
 2.99000000e-01  5.02352258e-02 
 3.00000000e-01  5.04059376e-02 
 3.01000000e-01  5.05766677e-02 
 3.02000000e-01  5.07474163e-02 
 3.03000000e-01  5.09181834e-02 
 3.04000000e-01  5.10889688e-02 
 3.05000000e-01  5.12597727e-02 
 3.06000000e-01  5.14305951e-02 
 3.07000000e-01  5.16014359e-02 
 3.08000000e-01  5.17722952e-02 
 3.09000000e-01  5.19431729e-02 
 3.10000000e-01  5.21140691e-02 
 3.11000000e-01  5.22849837e-02 
 3.12000000e-01  5.24559168e-02 
 3.13000000e-01  5.26268684e-02 
 3.14000000e-01  5.27978385e-02 
 3.15000000e-01  5.29688271e-02 
 3.16000000e-01  5.31398341e-02 
 3.17000000e-01  5.33108597e-02 
 3.18000000e-01  5.34819037e-02 
 3.19000000e-01  5.36529663e-02 
 3.20000000e-01  5.38240473e-02 
 3.21000000e-01  5.39951469e-02 
 3.22000000e-01  5.41662650e-02 
 3.23000000e-01  5.43374016e-02 
 3.24000000e-01  5.45085567e-02 
 3.25000000e-01  5.46797303e-02 
 3.26000000e-01  5.48509225e-02 
 3.27000000e-01  5.50221332e-02 
 3.28000000e-01  5.51933625e-02 
 3.29000000e-01  5.53646103e-02 
 3.30000000e-01  5.55358767e-02 
 3.31000000e-01  5.57071616e-02 
 3.32000000e-01  5.58784650e-02 
 3.33000000e-01  5.60497871e-02 
 3.34000000e-01  5.62211277e-02 
 3.35000000e-01  5.63924868e-02 
 3.36000000e-01  5.65638646e-02 
 3.37000000e-01  5.67352609e-02 
 3.38000000e-01  5.69066758e-02 
 3.39000000e-01  5.70781093e-02 
 3.40000000e-01  5.72495614e-02 
 3.41000000e-01  5.74210321e-02 
 3.42000000e-01  5.75925214e-02 
 3.43000000e-01  5.77640293e-02 
 3.44000000e-01  5.79355558e-02 
 3.45000000e-01  5.81071009e-02 
 3.46000000e-01  5.82786646e-02 
 3.47000000e-01  5.84502470e-02 
 3.48000000e-01  5.86218480e-02 
 3.49000000e-01  5.87934676e-02 
 3.50000000e-01  5.89651059e-02 
