 2.50000000e-01  4.93183182e+00  2.50000000e-01  5.00000000e+00 
 2.51000000e-01  4.93155568e+00  2.51000000e-01  5.00000000e+00 
 2.52000000e-01  4.93127949e+00  2.52000000e-01  5.00000000e+00 
 2.53000000e-01  4.93100328e+00  2.53000000e-01  5.00000000e+00 
 2.54000000e-01  4.93072705e+00  2.54000000e-01  5.00000000e+00 
 2.55000000e-01  4.93045078e+00  2.55000000e-01  5.00000000e+00 
 2.56000000e-01  4.93017449e+00  2.56000000e-01  5.00000000e+00 
 2.57000000e-01  4.92989817e+00  2.57000000e-01  5.00000000e+00 
 2.58000000e-01  4.92962182e+00  2.58000000e-01  5.00000000e+00 
 2.59000000e-01  4.92934545e+00  2.59000000e-01  5.00000000e+00 
 2.60000000e-01  4.92906904e+00  2.60000000e-01  5.00000000e+00 
 2.61000000e-01  4.92879261e+00  2.61000000e-01  5.00000000e+00 
 2.62000000e-01  4.92851615e+00  2.62000000e-01  5.00000000e+00 
 2.63000000e-01  4.92823966e+00  2.63000000e-01  5.00000000e+00 
 2.64000000e-01  4.92796314e+00  2.64000000e-01  5.00000000e+00 
 2.65000000e-01  4.92768659e+00  2.65000000e-01  5.00000000e+00 
 2.66000000e-01  4.92741002e+00  2.66000000e-01  5.00000000e+00 
 2.67000000e-01  4.92713342e+00  2.67000000e-01  5.00000000e+00 
 2.68000000e-01  4.92685679e+00  2.68000000e-01  5.00000000e+00 
 2.69000000e-01  4.92658013e+00  2.69000000e-01  5.00000000e+00 
 2.70000000e-01  4.92630344e+00  2.70000000e-01  5.00000000e+00 
 2.71000000e-01  4.92602672e+00  2.71000000e-01  5.00000000e+00 
 2.72000000e-01  4.92574998e+00  2.72000000e-01  5.00000000e+00 
 2.73000000e-01  4.92547320e+00  2.73000000e-01  5.00000000e+00 
 2.74000000e-01  4.92519640e+00  2.74000000e-01  5.00000000e+00 
 2.75000000e-01  4.92491957e+00  2.75000000e-01  5.00000000e+00 
 2.76000000e-01  4.92464271e+00  2.76000000e-01  5.00000000e+00 
 2.77000000e-01  4.92436582e+00  2.77000000e-01  5.00000000e+00 
 2.78000000e-01  4.92408891e+00  2.78000000e-01  5.00000000e+00 
 2.79000000e-01  4.92381197e+00  2.79000000e-01  5.00000000e+00 
 2.80000000e-01  4.92353499e+00  2.80000000e-01  5.00000000e+00 
 2.81000000e-01  4.92325799e+00  2.81000000e-01  5.00000000e+00 
 2.82000000e-01  4.92298096e+00  2.82000000e-01  5.00000000e+00 
 2.83000000e-01  4.92270390e+00  2.83000000e-01  5.00000000e+00 
 2.84000000e-01  4.92242682e+00  2.84000000e-01  5.00000000e+00 
 2.85000000e-01  4.92214970e+00  2.85000000e-01  5.00000000e+00 
 2.86000000e-01  4.92187256e+00  2.86000000e-01  5.00000000e+00 
 2.87000000e-01  4.92159539e+00  2.87000000e-01  5.00000000e+00 
 2.88000000e-01  4.92131819e+00  2.88000000e-01  5.00000000e+00 
 2.89000000e-01  4.92104096e+00  2.89000000e-01  5.00000000e+00 
 2.90000000e-01  4.92076370e+00  2.90000000e-01  5.00000000e+00 
 2.91000000e-01  4.92048642e+00  2.91000000e-01  5.00000000e+00 
 2.92000000e-01  4.92020910e+00  2.92000000e-01  5.00000000e+00 
 2.93000000e-01  4.91993176e+00  2.93000000e-01  5.00000000e+00 
 2.94000000e-01  4.91965439e+00  2.94000000e-01  5.00000000e+00 
 2.95000000e-01  4.91937699e+00  2.95000000e-01  5.00000000e+00 
 2.96000000e-01  4.91909956e+00  2.96000000e-01  5.00000000e+00 
 2.97000000e-01  4.91882210e+00  2.97000000e-01  5.00000000e+00 
 2.98000000e-01  4.91854462e+00  2.98000000e-01  5.00000000e+00 
 2.99000000e-01  4.91826710e+00  2.99000000e-01  5.00000000e+00 
 3.00000000e-01  4.91798956e+00  3.00000000e-01  5.00000000e+00 
 3.01000000e-01  4.91771199e+00  3.01000000e-01  5.00000000e+00 
 3.02000000e-01  4.91743439e+00  3.02000000e-01  5.00000000e+00 
 3.03000000e-01  4.91715676e+00  3.03000000e-01  5.00000000e+00 
 3.04000000e-01  4.91687911e+00  3.04000000e-01  5.00000000e+00 
 3.05000000e-01  4.91660142e+00  3.05000000e-01  5.00000000e+00 
 3.06000000e-01  4.91632371e+00  3.06000000e-01  5.00000000e+00 
 3.07000000e-01  4.91604596e+00  3.07000000e-01  5.00000000e+00 
 3.08000000e-01  4.91576819e+00  3.08000000e-01  5.00000000e+00 
 3.09000000e-01  4.91549039e+00  3.09000000e-01  5.00000000e+00 
 3.10000000e-01  4.91521256e+00  3.10000000e-01  5.00000000e+00 
 3.11000000e-01  4.91493470e+00  3.11000000e-01  5.00000000e+00 
 3.12000000e-01  4.91465682e+00  3.12000000e-01  5.00000000e+00 
 3.13000000e-01  4.91437890e+00  3.13000000e-01  5.00000000e+00 
 3.14000000e-01  4.91410096e+00  3.14000000e-01  5.00000000e+00 
 3.15000000e-01  4.91382299e+00  3.15000000e-01  5.00000000e+00 
 3.16000000e-01  4.91354499e+00  3.16000000e-01  5.00000000e+00 
 3.17000000e-01  4.91326696e+00  3.17000000e-01  5.00000000e+00 
 3.18000000e-01  4.91298890e+00  3.18000000e-01  5.00000000e+00 
 3.19000000e-01  4.91271081e+00  3.19000000e-01  5.00000000e+00 
 3.20000000e-01  4.91243270e+00  3.20000000e-01  5.00000000e+00 
 3.21000000e-01  4.91215455e+00  3.21000000e-01  5.00000000e+00 
 3.22000000e-01  4.91187638e+00  3.22000000e-01  5.00000000e+00 
 3.23000000e-01  4.91159818e+00  3.23000000e-01  5.00000000e+00 
 3.24000000e-01  4.91131995e+00  3.24000000e-01  5.00000000e+00 
 3.25000000e-01  4.91104169e+00  3.25000000e-01  5.00000000e+00 
 3.26000000e-01  4.91076340e+00  3.26000000e-01  5.00000000e+00 
 3.27000000e-01  4.91048508e+00  3.27000000e-01  5.00000000e+00 
 3.28000000e-01  4.91020674e+00  3.28000000e-01  5.00000000e+00 
 3.29000000e-01  4.90992836e+00  3.29000000e-01  5.00000000e+00 
 3.30000000e-01  4.90964996e+00  3.30000000e-01  5.00000000e+00 
 3.31000000e-01  4.90937153e+00  3.31000000e-01  5.00000000e+00 
 3.32000000e-01  4.90909306e+00  3.32000000e-01  5.00000000e+00 
 3.33000000e-01  4.90881457e+00  3.33000000e-01  5.00000000e+00 
 3.34000000e-01  4.90853606e+00  3.34000000e-01  5.00000000e+00 
 3.35000000e-01  4.90825751e+00  3.35000000e-01  5.00000000e+00 
 3.36000000e-01  4.90797893e+00  3.36000000e-01  5.00000000e+00 
 3.37000000e-01  4.90770033e+00  3.37000000e-01  5.00000000e+00 
 3.38000000e-01  4.90742169e+00  3.38000000e-01  5.00000000e+00 
 3.39000000e-01  4.90714303e+00  3.39000000e-01  5.00000000e+00 
 3.40000000e-01  4.90686434e+00  3.40000000e-01  5.00000000e+00 
 3.41000000e-01  4.90658562e+00  3.41000000e-01  5.00000000e+00 
 3.42000000e-01  4.90630687e+00  3.42000000e-01  5.00000000e+00 
 3.43000000e-01  4.90602809e+00  3.43000000e-01  5.00000000e+00 
 3.44000000e-01  4.90574929e+00  3.44000000e-01  5.00000000e+00 
 3.45000000e-01  4.90547045e+00  3.45000000e-01  5.00000000e+00 
 3.46000000e-01  4.90519158e+00  3.46000000e-01  5.00000000e+00 
 3.47000000e-01  4.90491269e+00  3.47000000e-01  5.00000000e+00 
 3.48000000e-01  4.90463377e+00  3.48000000e-01  5.00000000e+00 
 3.49000000e-01  4.90435482e+00  3.49000000e-01  5.00000000e+00 
 3.50000000e-01  4.90407584e+00  3.50000000e-01  5.00000000e+00 
 2.50000000e-01  4.92676862e+00  2.50000000e-01  5.00000000e+00 
 2.51000000e-01  4.92647116e+00  2.51000000e-01  5.00000000e+00 
 2.52000000e-01  4.92617363e+00  2.52000000e-01  5.00000000e+00 
 2.53000000e-01  4.92587608e+00  2.53000000e-01  5.00000000e+00 
 2.54000000e-01  4.92557849e+00  2.54000000e-01  5.00000000e+00 
 2.55000000e-01  4.92528086e+00  2.55000000e-01  5.00000000e+00 
 2.56000000e-01  4.92498320e+00  2.56000000e-01  5.00000000e+00 
 2.57000000e-01  4.92468550e+00  2.57000000e-01  5.00000000e+00 
 2.58000000e-01  4.92438776e+00  2.58000000e-01  5.00000000e+00 
 2.59000000e-01  4.92408999e+00  2.59000000e-01  5.00000000e+00 
 2.60000000e-01  4.92379218e+00  2.60000000e-01  5.00000000e+00 
 2.61000000e-01  4.92349433e+00  2.61000000e-01  5.00000000e+00 
 2.62000000e-01  4.92319644e+00  2.62000000e-01  5.00000000e+00 
 2.63000000e-01  4.92289852e+00  2.63000000e-01  5.00000000e+00 
 2.64000000e-01  4.92260055e+00  2.64000000e-01  5.00000000e+00 
 2.65000000e-01  4.92230256e+00  2.65000000e-01  5.00000000e+00 
 2.66000000e-01  4.92200452e+00  2.66000000e-01  5.00000000e+00 
 2.67000000e-01  4.92170645e+00  2.67000000e-01  5.00000000e+00 
 2.68000000e-01  4.92140834e+00  2.68000000e-01  5.00000000e+00 
 2.69000000e-01  4.92111019e+00  2.69000000e-01  5.00000000e+00 
 2.70000000e-01  4.92081200e+00  2.70000000e-01  5.00000000e+00 
 2.71000000e-01  4.92051378e+00  2.71000000e-01  5.00000000e+00 
 2.72000000e-01  4.92021552e+00  2.72000000e-01  5.00000000e+00 
 2.73000000e-01  4.91991722e+00  2.73000000e-01  5.00000000e+00 
 2.74000000e-01  4.91961889e+00  2.74000000e-01  5.00000000e+00 
 2.75000000e-01  4.91932052e+00  2.75000000e-01  5.00000000e+00 
 2.76000000e-01  4.91902211e+00  2.76000000e-01  5.00000000e+00 
 2.77000000e-01  4.91872366e+00  2.77000000e-01  5.00000000e+00 
 2.78000000e-01  4.91842517e+00  2.78000000e-01  5.00000000e+00 
 2.79000000e-01  4.91812665e+00  2.79000000e-01  5.00000000e+00 
 2.80000000e-01  4.91782809e+00  2.80000000e-01  5.00000000e+00 
 2.81000000e-01  4.91752950e+00  2.81000000e-01  5.00000000e+00 
 2.82000000e-01  4.91723086e+00  2.82000000e-01  5.00000000e+00 
 2.83000000e-01  4.91693219e+00  2.83000000e-01  5.00000000e+00 
 2.84000000e-01  4.91663348e+00  2.84000000e-01  5.00000000e+00 
 2.85000000e-01  4.91633473e+00  2.85000000e-01  5.00000000e+00 
 2.86000000e-01  4.91603595e+00  2.86000000e-01  5.00000000e+00 
 2.87000000e-01  4.91573713e+00  2.87000000e-01  5.00000000e+00 
 2.88000000e-01  4.91543827e+00  2.88000000e-01  5.00000000e+00 
 2.89000000e-01  4.91513937e+00  2.89000000e-01  5.00000000e+00 
 2.90000000e-01  4.91484044e+00  2.90000000e-01  5.00000000e+00 
 2.91000000e-01  4.91454146e+00  2.91000000e-01  5.00000000e+00 
 2.92000000e-01  4.91424245e+00  2.92000000e-01  5.00000000e+00 
 2.93000000e-01  4.91394341e+00  2.93000000e-01  5.00000000e+00 
 2.94000000e-01  4.91364432e+00  2.94000000e-01  5.00000000e+00 
 2.95000000e-01  4.91334520e+00  2.95000000e-01  5.00000000e+00 
 2.96000000e-01  4.91304604e+00  2.96000000e-01  5.00000000e+00 
 2.97000000e-01  4.91274684e+00  2.97000000e-01  5.00000000e+00 
 2.98000000e-01  4.91244760e+00  2.98000000e-01  5.00000000e+00 
 2.99000000e-01  4.91214833e+00  2.99000000e-01  5.00000000e+00 
 3.00000000e-01  4.91184902e+00  3.00000000e-01  5.00000000e+00 
 3.01000000e-01  4.91154967e+00  3.01000000e-01  5.00000000e+00 
 3.02000000e-01  4.91125028e+00  3.02000000e-01  5.00000000e+00 
 3.03000000e-01  4.91095086e+00  3.03000000e-01  5.00000000e+00 
 3.04000000e-01  4.91065140e+00  3.04000000e-01  5.00000000e+00 
 3.05000000e-01  4.91035190e+00  3.05000000e-01  5.00000000e+00 
 3.06000000e-01  4.91005236e+00  3.06000000e-01  5.00000000e+00 
 3.07000000e-01  4.90975278e+00  3.07000000e-01  5.00000000e+00 
 3.08000000e-01  4.90945317e+00  3.08000000e-01  5.00000000e+00 
 3.09000000e-01  4.90915352e+00  3.09000000e-01  5.00000000e+00 
 3.10000000e-01  4.90885383e+00  3.10000000e-01  5.00000000e+00 
 3.11000000e-01  4.90855410e+00  3.11000000e-01  5.00000000e+00 
 3.12000000e-01  4.90825434e+00  3.12000000e-01  5.00000000e+00 
 3.13000000e-01  4.90795454e+00  3.13000000e-01  5.00000000e+00 
 3.14000000e-01  4.90765470e+00  3.14000000e-01  5.00000000e+00 
 3.15000000e-01  4.90735482e+00  3.15000000e-01  5.00000000e+00 
 3.16000000e-01  4.90705490e+00  3.16000000e-01  5.00000000e+00 
 3.17000000e-01  4.90675495e+00  3.17000000e-01  5.00000000e+00 
 3.18000000e-01  4.90645496e+00  3.18000000e-01  5.00000000e+00 
 3.19000000e-01  4.90615493e+00  3.19000000e-01  5.00000000e+00 
 3.20000000e-01  4.90585486e+00  3.20000000e-01  5.00000000e+00 
 3.21000000e-01  4.90555476e+00  3.21000000e-01  5.00000000e+00 
 3.22000000e-01  4.90525461e+00  3.22000000e-01  5.00000000e+00 
 3.23000000e-01  4.90495443e+00  3.23000000e-01  5.00000000e+00 
 3.24000000e-01  4.90465421e+00  3.24000000e-01  5.00000000e+00 
 3.25000000e-01  4.90435396e+00  3.25000000e-01  5.00000000e+00 
 3.26000000e-01  4.90405366e+00  3.26000000e-01  5.00000000e+00 
 3.27000000e-01  4.90375333e+00  3.27000000e-01  5.00000000e+00 
 3.28000000e-01  4.90345296e+00  3.28000000e-01  5.00000000e+00 
 3.29000000e-01  4.90315255e+00  3.29000000e-01  5.00000000e+00 
 3.30000000e-01  4.90285210e+00  3.30000000e-01  5.00000000e+00 
 3.31000000e-01  4.90255161e+00  3.31000000e-01  5.00000000e+00 
 3.32000000e-01  4.90225109e+00  3.32000000e-01  5.00000000e+00 
 3.33000000e-01  4.90195053e+00  3.33000000e-01  5.00000000e+00 
 3.34000000e-01  4.90164993e+00  3.34000000e-01  5.00000000e+00 
 3.35000000e-01  4.90134929e+00  3.35000000e-01  5.00000000e+00 
 3.36000000e-01  4.90104862e+00  3.36000000e-01  5.00000000e+00 
 3.37000000e-01  4.90074790e+00  3.37000000e-01  5.00000000e+00 
 3.38000000e-01  4.90044715e+00  3.38000000e-01  5.00000000e+00 
 3.39000000e-01  4.90014636e+00  3.39000000e-01  5.00000000e+00 
 3.40000000e-01  4.89984553e+00  3.40000000e-01  5.00000000e+00 
 3.41000000e-01  4.89954467e+00  3.41000000e-01  5.00000000e+00 
 3.42000000e-01  4.89924376e+00  3.42000000e-01  5.00000000e+00 
 3.43000000e-01  4.89894282e+00  3.43000000e-01  5.00000000e+00 
 3.44000000e-01  4.89864184e+00  3.44000000e-01  5.00000000e+00 
 3.45000000e-01  4.89834082e+00  3.45000000e-01  5.00000000e+00 
 3.46000000e-01  4.89803976e+00  3.46000000e-01  5.00000000e+00 
 3.47000000e-01  4.89773867e+00  3.47000000e-01  5.00000000e+00 
 3.48000000e-01  4.89743753e+00  3.48000000e-01  5.00000000e+00 
 3.49000000e-01  4.89713636e+00  3.49000000e-01  5.00000000e+00 
 3.50000000e-01  4.89683515e+00  3.50000000e-01  5.00000000e+00 
 2.50000000e-01  4.92003425e+00  2.50000000e-01  5.00000000e+00 
 2.51000000e-01  4.91970812e+00  2.51000000e-01  5.00000000e+00 
 2.52000000e-01  4.91938195e+00  2.52000000e-01  5.00000000e+00 
 2.53000000e-01  4.91905572e+00  2.53000000e-01  5.00000000e+00 
 2.54000000e-01  4.91872944e+00  2.54000000e-01  5.00000000e+00 
 2.55000000e-01  4.91840311e+00  2.55000000e-01  5.00000000e+00 
 2.56000000e-01  4.91807673e+00  2.56000000e-01  5.00000000e+00 
 2.57000000e-01  4.91775029e+00  2.57000000e-01  5.00000000e+00 
 2.58000000e-01  4.91742381e+00  2.58000000e-01  5.00000000e+00 
 2.59000000e-01  4.91709727e+00  2.59000000e-01  5.00000000e+00 
 2.60000000e-01  4.91677068e+00  2.60000000e-01  5.00000000e+00 
 2.61000000e-01  4.91644404e+00  2.61000000e-01  5.00000000e+00 
 2.62000000e-01  4.91611735e+00  2.62000000e-01  5.00000000e+00 
 2.63000000e-01  4.91579061e+00  2.63000000e-01  5.00000000e+00 
 2.64000000e-01  4.91546381e+00  2.64000000e-01  5.00000000e+00 
 2.65000000e-01  4.91513697e+00  2.65000000e-01  5.00000000e+00 
 2.66000000e-01  4.91481007e+00  2.66000000e-01  5.00000000e+00 
 2.67000000e-01  4.91448312e+00  2.67000000e-01  5.00000000e+00 
 2.68000000e-01  4.91415612e+00  2.68000000e-01  5.00000000e+00 
 2.69000000e-01  4.91382906e+00  2.69000000e-01  5.00000000e+00 
 2.70000000e-01  4.91350196e+00  2.70000000e-01  5.00000000e+00 
 2.71000000e-01  4.91317480e+00  2.71000000e-01  5.00000000e+00 
 2.72000000e-01  4.91284759e+00  2.72000000e-01  5.00000000e+00 
 2.73000000e-01  4.91252033e+00  2.73000000e-01  5.00000000e+00 
 2.74000000e-01  4.91219301e+00  2.74000000e-01  5.00000000e+00 
 2.75000000e-01  4.91186565e+00  2.75000000e-01  5.00000000e+00 
 2.76000000e-01  4.91153823e+00  2.76000000e-01  5.00000000e+00 
 2.77000000e-01  4.91121076e+00  2.77000000e-01  5.00000000e+00 
 2.78000000e-01  4.91088324e+00  2.78000000e-01  5.00000000e+00 
 2.79000000e-01  4.91055567e+00  2.79000000e-01  5.00000000e+00 
 2.80000000e-01  4.91022804e+00  2.80000000e-01  5.00000000e+00 
 2.81000000e-01  4.90990037e+00  2.81000000e-01  5.00000000e+00 
 2.82000000e-01  4.90957264e+00  2.82000000e-01  5.00000000e+00 
 2.83000000e-01  4.90924486e+00  2.83000000e-01  5.00000000e+00 
 2.84000000e-01  4.90891702e+00  2.84000000e-01  5.00000000e+00 
 2.85000000e-01  4.90858914e+00  2.85000000e-01  5.00000000e+00 
 2.86000000e-01  4.90826120e+00  2.86000000e-01  5.00000000e+00 
 2.87000000e-01  4.90793321e+00  2.87000000e-01  5.00000000e+00 
 2.88000000e-01  4.90760517e+00  2.88000000e-01  5.00000000e+00 
 2.89000000e-01  4.90727707e+00  2.89000000e-01  5.00000000e+00 
 2.90000000e-01  4.90694893e+00  2.90000000e-01  5.00000000e+00 
 2.91000000e-01  4.90662073e+00  2.91000000e-01  5.00000000e+00 
 2.92000000e-01  4.90629248e+00  2.92000000e-01  5.00000000e+00 
 2.93000000e-01  4.90596417e+00  2.93000000e-01  5.00000000e+00 
 2.94000000e-01  4.90563582e+00  2.94000000e-01  5.00000000e+00 
 2.95000000e-01  4.90530741e+00  2.95000000e-01  5.00000000e+00 
 2.96000000e-01  4.90497895e+00  2.96000000e-01  5.00000000e+00 
 2.97000000e-01  4.90465044e+00  2.97000000e-01  5.00000000e+00 
 2.98000000e-01  4.90432187e+00  2.98000000e-01  5.00000000e+00 
 2.99000000e-01  4.90399325e+00  2.99000000e-01  5.00000000e+00 
 3.00000000e-01  4.90366458e+00  3.00000000e-01  5.00000000e+00 
 3.01000000e-01  4.90333586e+00  3.01000000e-01  5.00000000e+00 
 3.02000000e-01  4.90300709e+00  3.02000000e-01  5.00000000e+00 
 3.03000000e-01  4.90267826e+00  3.03000000e-01  5.00000000e+00 
 3.04000000e-01  4.90234938e+00  3.04000000e-01  5.00000000e+00 
 3.05000000e-01  4.90202045e+00  3.05000000e-01  5.00000000e+00 
 3.06000000e-01  4.90169146e+00  3.06000000e-01  5.00000000e+00 
 3.07000000e-01  4.90136243e+00  3.07000000e-01  5.00000000e+00 
 3.08000000e-01  4.90103334e+00  3.08000000e-01  5.00000000e+00 
 3.09000000e-01  4.90070419e+00  3.09000000e-01  5.00000000e+00 
 3.10000000e-01  4.90037500e+00  3.10000000e-01  5.00000000e+00 
 3.11000000e-01  4.90004575e+00  3.11000000e-01  5.00000000e+00 
 3.12000000e-01  4.89971645e+00  3.12000000e-01  5.00000000e+00 
 3.13000000e-01  4.89938710e+00  3.13000000e-01  5.00000000e+00 
 3.14000000e-01  4.89905769e+00  3.14000000e-01  5.00000000e+00 
 3.15000000e-01  4.89872823e+00  3.15000000e-01  5.00000000e+00 
 3.16000000e-01  4.89839872e+00  3.16000000e-01  5.00000000e+00 
 3.17000000e-01  4.89806916e+00  3.17000000e-01  5.00000000e+00 
 3.18000000e-01  4.89773954e+00  3.18000000e-01  5.00000000e+00 
 3.19000000e-01  4.89740987e+00  3.19000000e-01  5.00000000e+00 
 3.20000000e-01  4.89708015e+00  3.20000000e-01  5.00000000e+00 
 3.21000000e-01  4.89675037e+00  3.21000000e-01  5.00000000e+00 
 3.22000000e-01  4.89642054e+00  3.22000000e-01  5.00000000e+00 
 3.23000000e-01  4.89609066e+00  3.23000000e-01  5.00000000e+00 
 3.24000000e-01  4.89576073e+00  3.24000000e-01  5.00000000e+00 
 3.25000000e-01  4.89543074e+00  3.25000000e-01  5.00000000e+00 
 3.26000000e-01  4.89510070e+00  3.26000000e-01  5.00000000e+00 
 3.27000000e-01  4.89477061e+00  3.27000000e-01  5.00000000e+00 
 3.28000000e-01  4.89444046e+00  3.28000000e-01  5.00000000e+00 
 3.29000000e-01  4.89411026e+00  3.29000000e-01  5.00000000e+00 
 3.30000000e-01  4.89378001e+00  3.30000000e-01  5.00000000e+00 
 3.31000000e-01  4.89344970e+00  3.31000000e-01  5.00000000e+00 
 3.32000000e-01  4.89311935e+00  3.32000000e-01  5.00000000e+00 
 3.33000000e-01  4.89278893e+00  3.33000000e-01  5.00000000e+00 
 3.34000000e-01  4.89245847e+00  3.34000000e-01  5.00000000e+00 
 3.35000000e-01  4.89212795e+00  3.35000000e-01  5.00000000e+00 
 3.36000000e-01  4.89179738e+00  3.36000000e-01  5.00000000e+00 
 3.37000000e-01  4.89146676e+00  3.37000000e-01  5.00000000e+00 
 3.38000000e-01  4.89113608e+00  3.38000000e-01  5.00000000e+00 
 3.39000000e-01  4.89080535e+00  3.39000000e-01  5.00000000e+00 
 3.40000000e-01  4.89047457e+00  3.40000000e-01  5.00000000e+00 
 3.41000000e-01  4.89014373e+00  3.41000000e-01  5.00000000e+00 
 3.42000000e-01  4.88981284e+00  3.42000000e-01  5.00000000e+00 
 3.43000000e-01  4.88948190e+00  3.43000000e-01  5.00000000e+00 
 3.44000000e-01  4.88915090e+00  3.44000000e-01  5.00000000e+00 
 3.45000000e-01  4.88881985e+00  3.45000000e-01  5.00000000e+00 
 3.46000000e-01  4.88848874e+00  3.46000000e-01  5.00000000e+00 
 3.47000000e-01  4.88815759e+00  3.47000000e-01  5.00000000e+00 
 3.48000000e-01  4.88782638e+00  3.48000000e-01  5.00000000e+00 
 3.49000000e-01  4.88749511e+00  3.49000000e-01  5.00000000e+00 
 3.50000000e-01  4.88716380e+00  3.50000000e-01  5.00000000e+00 
 2.50000000e-01  4.91061484e+00  2.50000000e-01  5.00000000e+00 
 2.51000000e-01  4.91024806e+00  2.51000000e-01  5.00000000e+00 
 2.52000000e-01  4.90988119e+00  2.52000000e-01  5.00000000e+00 
 2.53000000e-01  4.90951426e+00  2.53000000e-01  5.00000000e+00 
 2.54000000e-01  4.90914724e+00  2.54000000e-01  5.00000000e+00 
 2.55000000e-01  4.90878015e+00  2.55000000e-01  5.00000000e+00 
 2.56000000e-01  4.90841298e+00  2.56000000e-01  5.00000000e+00 
 2.57000000e-01  4.90804573e+00  2.57000000e-01  5.00000000e+00 
 2.58000000e-01  4.90767840e+00  2.58000000e-01  5.00000000e+00 
 2.59000000e-01  4.90731100e+00  2.59000000e-01  5.00000000e+00 
 2.60000000e-01  4.90694352e+00  2.60000000e-01  5.00000000e+00 
 2.61000000e-01  4.90657597e+00  2.61000000e-01  5.00000000e+00 
 2.62000000e-01  4.90620834e+00  2.62000000e-01  5.00000000e+00 
 2.63000000e-01  4.90584062e+00  2.63000000e-01  5.00000000e+00 
 2.64000000e-01  4.90547284e+00  2.64000000e-01  5.00000000e+00 
 2.65000000e-01  4.90510497e+00  2.65000000e-01  5.00000000e+00 
 2.66000000e-01  4.90473703e+00  2.66000000e-01  5.00000000e+00 
 2.67000000e-01  4.90436901e+00  2.67000000e-01  5.00000000e+00 
 2.68000000e-01  4.90400091e+00  2.68000000e-01  5.00000000e+00 
 2.69000000e-01  4.90363274e+00  2.69000000e-01  5.00000000e+00 
 2.70000000e-01  4.90326449e+00  2.70000000e-01  5.00000000e+00 
 2.71000000e-01  4.90289616e+00  2.71000000e-01  5.00000000e+00 
 2.72000000e-01  4.90252775e+00  2.72000000e-01  5.00000000e+00 
 2.73000000e-01  4.90215926e+00  2.73000000e-01  5.00000000e+00 
 2.74000000e-01  4.90179070e+00  2.74000000e-01  5.00000000e+00 
 2.75000000e-01  4.90142206e+00  2.75000000e-01  5.00000000e+00 
 2.76000000e-01  4.90105334e+00  2.76000000e-01  5.00000000e+00 
 2.77000000e-01  4.90068454e+00  2.77000000e-01  5.00000000e+00 
 2.78000000e-01  4.90031567e+00  2.78000000e-01  5.00000000e+00 
 2.79000000e-01  4.89994672e+00  2.79000000e-01  5.00000000e+00 
 2.80000000e-01  4.89957769e+00  2.80000000e-01  5.00000000e+00 
 2.81000000e-01  4.89920858e+00  2.81000000e-01  5.00000000e+00 
 2.82000000e-01  4.89883939e+00  2.82000000e-01  5.00000000e+00 
 2.83000000e-01  4.89847013e+00  2.83000000e-01  5.00000000e+00 
 2.84000000e-01  4.89810079e+00  2.84000000e-01  5.00000000e+00 
 2.85000000e-01  4.89773137e+00  2.85000000e-01  5.00000000e+00 
 2.86000000e-01  4.89736187e+00  2.86000000e-01  5.00000000e+00 
 2.87000000e-01  4.89699229e+00  2.87000000e-01  5.00000000e+00 
 2.88000000e-01  4.89662264e+00  2.88000000e-01  5.00000000e+00 
 2.89000000e-01  4.89625290e+00  2.89000000e-01  5.00000000e+00 
 2.90000000e-01  4.89588309e+00  2.90000000e-01  5.00000000e+00 
 2.91000000e-01  4.89551320e+00  2.91000000e-01  5.00000000e+00 
 2.92000000e-01  4.89514323e+00  2.92000000e-01  5.00000000e+00 
 2.93000000e-01  4.89477318e+00  2.93000000e-01  5.00000000e+00 
 2.94000000e-01  4.89440306e+00  2.94000000e-01  5.00000000e+00 
 2.95000000e-01  4.89403285e+00  2.95000000e-01  5.00000000e+00 
 2.96000000e-01  4.89366257e+00  2.96000000e-01  5.00000000e+00 
 2.97000000e-01  4.89329221e+00  2.97000000e-01  5.00000000e+00 
 2.98000000e-01  4.89292177e+00  2.98000000e-01  5.00000000e+00 
 2.99000000e-01  4.89255125e+00  2.99000000e-01  5.00000000e+00 
 3.00000000e-01  4.89218065e+00  3.00000000e-01  5.00000000e+00 
 3.01000000e-01  4.89180997e+00  3.01000000e-01  5.00000000e+00 
 3.02000000e-01  4.89143922e+00  3.02000000e-01  5.00000000e+00 
 3.03000000e-01  4.89106838e+00  3.03000000e-01  5.00000000e+00 
 3.04000000e-01  4.89069747e+00  3.04000000e-01  5.00000000e+00 
 3.05000000e-01  4.89032648e+00  3.05000000e-01  5.00000000e+00 
 3.06000000e-01  4.88995541e+00  3.06000000e-01  5.00000000e+00 
 3.07000000e-01  4.88958426e+00  3.07000000e-01  5.00000000e+00 
 3.08000000e-01  4.88921303e+00  3.08000000e-01  5.00000000e+00 
 3.09000000e-01  4.88884172e+00  3.09000000e-01  5.00000000e+00 
 3.10000000e-01  4.88847033e+00  3.10000000e-01  5.00000000e+00 
 3.11000000e-01  4.88809886e+00  3.11000000e-01  5.00000000e+00 
 3.12000000e-01  4.88772732e+00  3.12000000e-01  5.00000000e+00 
 3.13000000e-01  4.88735569e+00  3.13000000e-01  5.00000000e+00 
 3.14000000e-01  4.88698398e+00  3.14000000e-01  5.00000000e+00 
 3.15000000e-01  4.88661220e+00  3.15000000e-01  5.00000000e+00 
 3.16000000e-01  4.88624034e+00  3.16000000e-01  5.00000000e+00 
 3.17000000e-01  4.88586839e+00  3.17000000e-01  5.00000000e+00 
 3.18000000e-01  4.88549637e+00  3.18000000e-01  5.00000000e+00 
 3.19000000e-01  4.88512427e+00  3.19000000e-01  5.00000000e+00 
 3.20000000e-01  4.88475208e+00  3.20000000e-01  5.00000000e+00 
 3.21000000e-01  4.88437982e+00  3.21000000e-01  5.00000000e+00 
 3.22000000e-01  4.88400748e+00  3.22000000e-01  5.00000000e+00 
 3.23000000e-01  4.88363506e+00  3.23000000e-01  5.00000000e+00 
 3.24000000e-01  4.88326256e+00  3.24000000e-01  5.00000000e+00 
 3.25000000e-01  4.88288998e+00  3.25000000e-01  5.00000000e+00 
 3.26000000e-01  4.88251732e+00  3.26000000e-01  5.00000000e+00 
 3.27000000e-01  4.88214458e+00  3.27000000e-01  5.00000000e+00 
 3.28000000e-01  4.88177175e+00  3.28000000e-01  5.00000000e+00 
 3.29000000e-01  4.88139885e+00  3.29000000e-01  5.00000000e+00 
 3.30000000e-01  4.88102587e+00  3.30000000e-01  5.00000000e+00 
 3.31000000e-01  4.88065281e+00  3.31000000e-01  5.00000000e+00 
 3.32000000e-01  4.88027967e+00  3.32000000e-01  5.00000000e+00 
 3.33000000e-01  4.87990645e+00  3.33000000e-01  5.00000000e+00 
 3.34000000e-01  4.87953315e+00  3.34000000e-01  5.00000000e+00 
 3.35000000e-01  4.87915977e+00  3.35000000e-01  5.00000000e+00 
 3.36000000e-01  4.87878631e+00  3.36000000e-01  5.00000000e+00 
 3.37000000e-01  4.87841276e+00  3.37000000e-01  5.00000000e+00 
 3.38000000e-01  4.87803914e+00  3.38000000e-01  5.00000000e+00 
 3.39000000e-01  4.87766544e+00  3.39000000e-01  5.00000000e+00 
 3.40000000e-01  4.87729165e+00  3.40000000e-01  5.00000000e+00 
 3.41000000e-01  4.87691779e+00  3.41000000e-01  5.00000000e+00 
 3.42000000e-01  4.87654385e+00  3.42000000e-01  5.00000000e+00 
 3.43000000e-01  4.87616982e+00  3.43000000e-01  5.00000000e+00 
 3.44000000e-01  4.87579571e+00  3.44000000e-01  5.00000000e+00 
 3.45000000e-01  4.87542153e+00  3.45000000e-01  5.00000000e+00 
 3.46000000e-01  4.87504726e+00  3.46000000e-01  5.00000000e+00 
 3.47000000e-01  4.87467291e+00  3.47000000e-01  5.00000000e+00 
 3.48000000e-01  4.87429848e+00  3.48000000e-01  5.00000000e+00 
 3.49000000e-01  4.87392397e+00  3.49000000e-01  5.00000000e+00 
 3.50000000e-01  4.87354938e+00  3.50000000e-01  5.00000000e+00 
 2.50000000e-01  4.89645006e+00  2.50000000e-01  5.00000000e+00 
 2.51000000e-01  4.89602071e+00  2.51000000e-01  5.00000000e+00 
 2.52000000e-01  4.89559111e+00  2.52000000e-01  5.00000000e+00 
 2.53000000e-01  4.89516144e+00  2.53000000e-01  5.00000000e+00 
 2.54000000e-01  4.89473164e+00  2.54000000e-01  5.00000000e+00 
 2.55000000e-01  4.89430171e+00  2.55000000e-01  5.00000000e+00 
 2.56000000e-01  4.89387165e+00  2.56000000e-01  5.00000000e+00 
 2.57000000e-01  4.89344147e+00  2.57000000e-01  5.00000000e+00 
 2.58000000e-01  4.89301115e+00  2.58000000e-01  5.00000000e+00 
 2.59000000e-01  4.89258071e+00  2.59000000e-01  5.00000000e+00 
 2.60000000e-01  4.89215013e+00  2.60000000e-01  5.00000000e+00 
 2.61000000e-01  4.89171943e+00  2.61000000e-01  5.00000000e+00 
 2.62000000e-01  4.89128859e+00  2.62000000e-01  5.00000000e+00 
 2.63000000e-01  4.89085763e+00  2.63000000e-01  5.00000000e+00 
 2.64000000e-01  4.89042654e+00  2.64000000e-01  5.00000000e+00 
 2.65000000e-01  4.88999531e+00  2.65000000e-01  5.00000000e+00 
 2.66000000e-01  4.88956396e+00  2.66000000e-01  5.00000000e+00 
 2.67000000e-01  4.88913247e+00  2.67000000e-01  5.00000000e+00 
 2.68000000e-01  4.88870086e+00  2.68000000e-01  5.00000000e+00 
 2.69000000e-01  4.88826911e+00  2.69000000e-01  5.00000000e+00 
 2.70000000e-01  4.88783724e+00  2.70000000e-01  5.00000000e+00 
 2.71000000e-01  4.88740523e+00  2.71000000e-01  5.00000000e+00 
 2.72000000e-01  4.88697309e+00  2.72000000e-01  5.00000000e+00 
 2.73000000e-01  4.88654082e+00  2.73000000e-01  5.00000000e+00 
 2.74000000e-01  4.88610842e+00  2.74000000e-01  5.00000000e+00 
 2.75000000e-01  4.88567589e+00  2.75000000e-01  5.00000000e+00 
 2.76000000e-01  4.88524323e+00  2.76000000e-01  5.00000000e+00 
 2.77000000e-01  4.88481043e+00  2.77000000e-01  5.00000000e+00 
 2.78000000e-01  4.88437751e+00  2.78000000e-01  5.00000000e+00 
 2.79000000e-01  4.88394445e+00  2.79000000e-01  5.00000000e+00 
 2.80000000e-01  4.88351127e+00  2.80000000e-01  5.00000000e+00 
 2.81000000e-01  4.88307795e+00  2.81000000e-01  5.00000000e+00 
 2.82000000e-01  4.88264449e+00  2.82000000e-01  5.00000000e+00 
 2.83000000e-01  4.88221091e+00  2.83000000e-01  5.00000000e+00 
 2.84000000e-01  4.88177719e+00  2.84000000e-01  5.00000000e+00 
 2.85000000e-01  4.88134335e+00  2.85000000e-01  5.00000000e+00 
 2.86000000e-01  4.88090937e+00  2.86000000e-01  5.00000000e+00 
 2.87000000e-01  4.88047525e+00  2.87000000e-01  5.00000000e+00 
 2.88000000e-01  4.88004101e+00  2.88000000e-01  5.00000000e+00 
 2.89000000e-01  4.87960663e+00  2.89000000e-01  5.00000000e+00 
 2.90000000e-01  4.87917212e+00  2.90000000e-01  5.00000000e+00 
 2.91000000e-01  4.87873748e+00  2.91000000e-01  5.00000000e+00 
 2.92000000e-01  4.87830270e+00  2.92000000e-01  5.00000000e+00 
 2.93000000e-01  4.87786779e+00  2.93000000e-01  5.00000000e+00 
 2.94000000e-01  4.87743275e+00  2.94000000e-01  5.00000000e+00 
 2.95000000e-01  4.87699758e+00  2.95000000e-01  5.00000000e+00 
 2.96000000e-01  4.87656227e+00  2.96000000e-01  5.00000000e+00 
 2.97000000e-01  4.87612683e+00  2.97000000e-01  5.00000000e+00 
 2.98000000e-01  4.87569125e+00  2.98000000e-01  5.00000000e+00 
 2.99000000e-01  4.87525554e+00  2.99000000e-01  5.00000000e+00 
 3.00000000e-01  4.87481970e+00  3.00000000e-01  5.00000000e+00 
 3.01000000e-01  4.87438372e+00  3.01000000e-01  5.00000000e+00 
 3.02000000e-01  4.87394761e+00  3.02000000e-01  5.00000000e+00 
 3.03000000e-01  4.87351137e+00  3.03000000e-01  5.00000000e+00 
 3.04000000e-01  4.87307499e+00  3.04000000e-01  5.00000000e+00 
 3.05000000e-01  4.87263848e+00  3.05000000e-01  5.00000000e+00 
 3.06000000e-01  4.87220183e+00  3.06000000e-01  5.00000000e+00 
 3.07000000e-01  4.87176505e+00  3.07000000e-01  5.00000000e+00 
 3.08000000e-01  4.87132814e+00  3.08000000e-01  5.00000000e+00 
 3.09000000e-01  4.87089109e+00  3.09000000e-01  5.00000000e+00 
 3.10000000e-01  4.87045390e+00  3.10000000e-01  5.00000000e+00 
 3.11000000e-01  4.87001658e+00  3.11000000e-01  5.00000000e+00 
 3.12000000e-01  4.86957913e+00  3.12000000e-01  5.00000000e+00 
 3.13000000e-01  4.86914154e+00  3.13000000e-01  5.00000000e+00 
 3.14000000e-01  4.86870381e+00  3.14000000e-01  5.00000000e+00 
 3.15000000e-01  4.86826595e+00  3.15000000e-01  5.00000000e+00 
 3.16000000e-01  4.86782795e+00  3.16000000e-01  5.00000000e+00 
 3.17000000e-01  4.86738982e+00  3.17000000e-01  5.00000000e+00 
 3.18000000e-01  4.86695156e+00  3.18000000e-01  5.00000000e+00 
 3.19000000e-01  4.86651315e+00  3.19000000e-01  5.00000000e+00 
 3.20000000e-01  4.86607461e+00  3.20000000e-01  5.00000000e+00 
 3.21000000e-01  4.86563594e+00  3.21000000e-01  5.00000000e+00 
 3.22000000e-01  4.86519713e+00  3.22000000e-01  5.00000000e+00 
 3.23000000e-01  4.86475818e+00  3.23000000e-01  5.00000000e+00 
 3.24000000e-01  4.86431910e+00  3.24000000e-01  5.00000000e+00 
 3.25000000e-01  4.86387988e+00  3.25000000e-01  5.00000000e+00 
 3.26000000e-01  4.86344053e+00  3.26000000e-01  5.00000000e+00 
 3.27000000e-01  4.86300103e+00  3.27000000e-01  5.00000000e+00 
 3.28000000e-01  4.86256141e+00  3.28000000e-01  5.00000000e+00 
 3.29000000e-01  4.86212164e+00  3.29000000e-01  5.00000000e+00 
 3.30000000e-01  4.86168174e+00  3.30000000e-01  5.00000000e+00 
 3.31000000e-01  4.86124170e+00  3.31000000e-01  5.00000000e+00 
 3.32000000e-01  4.86080152e+00  3.32000000e-01  5.00000000e+00 
 3.33000000e-01  4.86036121e+00  3.33000000e-01  5.00000000e+00 
 3.34000000e-01  4.85992076e+00  3.34000000e-01  5.00000000e+00 
 3.35000000e-01  4.85948017e+00  3.35000000e-01  5.00000000e+00 
 3.36000000e-01  4.85903944e+00  3.36000000e-01  5.00000000e+00 
 3.37000000e-01  4.85859858e+00  3.37000000e-01  5.00000000e+00 
 3.38000000e-01  4.85815758e+00  3.38000000e-01  5.00000000e+00 
 3.39000000e-01  4.85771644e+00  3.39000000e-01  5.00000000e+00 
 3.40000000e-01  4.85727516e+00  3.40000000e-01  5.00000000e+00 
 3.41000000e-01  4.85683375e+00  3.41000000e-01  5.00000000e+00 
 3.42000000e-01  4.85639219e+00  3.42000000e-01  5.00000000e+00 
 3.43000000e-01  4.85595050e+00  3.43000000e-01  5.00000000e+00 
 3.44000000e-01  4.85550867e+00  3.44000000e-01  5.00000000e+00 
 3.45000000e-01  4.85506670e+00  3.45000000e-01  5.00000000e+00 
 3.46000000e-01  4.85462460e+00  3.46000000e-01  5.00000000e+00 
 3.47000000e-01  4.85418235e+00  3.47000000e-01  5.00000000e+00 
 3.48000000e-01  4.85373997e+00  3.48000000e-01  5.00000000e+00 
 3.49000000e-01  4.85329744e+00  3.49000000e-01  5.00000000e+00 
 3.50000000e-01  4.85285478e+00  3.50000000e-01  5.00000000e+00 
 2.50000000e-01  4.87255635e+00  2.50000000e-01  5.00000000e+00 
 2.51000000e-01  4.87201645e+00  2.51000000e-01  5.00000000e+00 
 2.52000000e-01  4.87147630e+00  2.52000000e-01  5.00000000e+00 
 2.53000000e-01  4.87093587e+00  2.53000000e-01  5.00000000e+00 
 2.54000000e-01  4.87039518e+00  2.54000000e-01  5.00000000e+00 
 2.55000000e-01  4.86985422e+00  2.55000000e-01  5.00000000e+00 
 2.56000000e-01  4.86931300e+00  2.56000000e-01  5.00000000e+00 
 2.57000000e-01  4.86877151e+00  2.57000000e-01  5.00000000e+00 
 2.58000000e-01  4.86822975e+00  2.58000000e-01  5.00000000e+00 
 2.59000000e-01  4.86768773e+00  2.59000000e-01  5.00000000e+00 
 2.60000000e-01  4.86714544e+00  2.60000000e-01  5.00000000e+00 
 2.61000000e-01  4.86660287e+00  2.61000000e-01  5.00000000e+00 
 2.62000000e-01  4.86606004e+00  2.62000000e-01  5.00000000e+00 
 2.63000000e-01  4.86551694e+00  2.63000000e-01  5.00000000e+00 
 2.64000000e-01  4.86497358e+00  2.64000000e-01  5.00000000e+00 
 2.65000000e-01  4.86442994e+00  2.65000000e-01  5.00000000e+00 
 2.66000000e-01  4.86388603e+00  2.66000000e-01  5.00000000e+00 
 2.67000000e-01  4.86334185e+00  2.67000000e-01  5.00000000e+00 
 2.68000000e-01  4.86279740e+00  2.68000000e-01  5.00000000e+00 
 2.69000000e-01  4.86225268e+00  2.69000000e-01  5.00000000e+00 
 2.70000000e-01  4.86170769e+00  2.70000000e-01  5.00000000e+00 
 2.71000000e-01  4.86116242e+00  2.71000000e-01  5.00000000e+00 
 2.72000000e-01  4.86061688e+00  2.72000000e-01  5.00000000e+00 
 2.73000000e-01  4.86007107e+00  2.73000000e-01  5.00000000e+00 
 2.74000000e-01  4.85952499e+00  2.74000000e-01  5.00000000e+00 
 2.75000000e-01  4.85897864e+00  2.75000000e-01  5.00000000e+00 
 2.76000000e-01  4.85843201e+00  2.76000000e-01  5.00000000e+00 
 2.77000000e-01  4.85788510e+00  2.77000000e-01  5.00000000e+00 
 2.78000000e-01  4.85733793e+00  2.78000000e-01  5.00000000e+00 
 2.79000000e-01  4.85679047e+00  2.79000000e-01  5.00000000e+00 
 2.80000000e-01  4.85624274e+00  2.80000000e-01  5.00000000e+00 
 2.81000000e-01  4.85569474e+00  2.81000000e-01  5.00000000e+00 
 2.82000000e-01  4.85514646e+00  2.82000000e-01  5.00000000e+00 
 2.83000000e-01  4.85459791e+00  2.83000000e-01  5.00000000e+00 
 2.84000000e-01  4.85404907e+00  2.84000000e-01  5.00000000e+00 
 2.85000000e-01  4.85349997e+00  2.85000000e-01  5.00000000e+00 
 2.86000000e-01  4.85295058e+00  2.86000000e-01  5.00000000e+00 
 2.87000000e-01  4.85240092e+00  2.87000000e-01  5.00000000e+00 
 2.88000000e-01  4.85185097e+00  2.88000000e-01  5.00000000e+00 
 2.89000000e-01  4.85130075e+00  2.89000000e-01  5.00000000e+00 
 2.90000000e-01  4.85075025e+00  2.90000000e-01  5.00000000e+00 
 2.91000000e-01  4.85019948e+00  2.91000000e-01  5.00000000e+00 
 2.92000000e-01  4.84964842e+00  2.92000000e-01  5.00000000e+00 
 2.93000000e-01  4.84909708e+00  2.93000000e-01  5.00000000e+00 
 2.94000000e-01  4.84854546e+00  2.94000000e-01  5.00000000e+00 
 2.95000000e-01  4.84799356e+00  2.95000000e-01  5.00000000e+00 
 2.96000000e-01  4.84744138e+00  2.96000000e-01  5.00000000e+00 
 2.97000000e-01  4.84688892e+00  2.97000000e-01  5.00000000e+00 
 2.98000000e-01  4.84633618e+00  2.98000000e-01  5.00000000e+00 
 2.99000000e-01  4.84578316e+00  2.99000000e-01  5.00000000e+00 
 3.00000000e-01  4.84522985e+00  3.00000000e-01  5.00000000e+00 
 3.01000000e-01  4.84467626e+00  3.01000000e-01  5.00000000e+00 
 3.02000000e-01  4.84412238e+00  3.02000000e-01  5.00000000e+00 
 3.03000000e-01  4.84356823e+00  3.03000000e-01  5.00000000e+00 
 3.04000000e-01  4.84301378e+00  3.04000000e-01  5.00000000e+00 
 3.05000000e-01  4.84245906e+00  3.05000000e-01  5.00000000e+00 
 3.06000000e-01  4.84190405e+00  3.06000000e-01  5.00000000e+00 
 3.07000000e-01  4.84134875e+00  3.07000000e-01  5.00000000e+00 
 3.08000000e-01  4.84079317e+00  3.08000000e-01  5.00000000e+00 
 3.09000000e-01  4.84023730e+00  3.09000000e-01  5.00000000e+00 
 3.10000000e-01  4.83968115e+00  3.10000000e-01  5.00000000e+00 
 3.11000000e-01  4.83912471e+00  3.11000000e-01  5.00000000e+00 
 3.12000000e-01  4.83856798e+00  3.12000000e-01  5.00000000e+00 
 3.13000000e-01  4.83801097e+00  3.13000000e-01  5.00000000e+00 
 3.14000000e-01  4.83745366e+00  3.14000000e-01  5.00000000e+00 
 3.15000000e-01  4.83689607e+00  3.15000000e-01  5.00000000e+00 
 3.16000000e-01  4.83633819e+00  3.16000000e-01  5.00000000e+00 
 3.17000000e-01  4.83578002e+00  3.17000000e-01  5.00000000e+00 
 3.18000000e-01  4.83522156e+00  3.18000000e-01  5.00000000e+00 
 3.19000000e-01  4.83466282e+00  3.19000000e-01  5.00000000e+00 
 3.20000000e-01  4.83410378e+00  3.20000000e-01  5.00000000e+00 
 3.21000000e-01  4.83354445e+00  3.21000000e-01  5.00000000e+00 
 3.22000000e-01  4.83298483e+00  3.22000000e-01  5.00000000e+00 
 3.23000000e-01  4.83242491e+00  3.23000000e-01  5.00000000e+00 
 3.24000000e-01  4.83186471e+00  3.24000000e-01  5.00000000e+00 
 3.25000000e-01  4.83130421e+00  3.25000000e-01  5.00000000e+00 
 3.26000000e-01  4.83074343e+00  3.26000000e-01  5.00000000e+00 
 3.27000000e-01  4.83018234e+00  3.27000000e-01  5.00000000e+00 
 3.28000000e-01  4.82962097e+00  3.28000000e-01  5.00000000e+00 
 3.29000000e-01  4.82905930e+00  3.29000000e-01  5.00000000e+00 
 3.30000000e-01  4.82849734e+00  3.30000000e-01  5.00000000e+00 
 3.31000000e-01  4.82793508e+00  3.31000000e-01  5.00000000e+00 
 3.32000000e-01  4.82737252e+00  3.32000000e-01  5.00000000e+00 
 3.33000000e-01  4.82680968e+00  3.33000000e-01  5.00000000e+00 
 3.34000000e-01  4.82624653e+00  3.34000000e-01  5.00000000e+00 
 3.35000000e-01  4.82568309e+00  3.35000000e-01  5.00000000e+00 
 3.36000000e-01  4.82511935e+00  3.36000000e-01  5.00000000e+00 
 3.37000000e-01  4.82455532e+00  3.37000000e-01  5.00000000e+00 
 3.38000000e-01  4.82399099e+00  3.38000000e-01  5.00000000e+00 
 3.39000000e-01  4.82342636e+00  3.39000000e-01  5.00000000e+00 
 3.40000000e-01  4.82286143e+00  3.40000000e-01  5.00000000e+00 
 3.41000000e-01  4.82229620e+00  3.41000000e-01  5.00000000e+00 
 3.42000000e-01  4.82173067e+00  3.42000000e-01  5.00000000e+00 
 3.43000000e-01  4.82116485e+00  3.43000000e-01  5.00000000e+00 
 3.44000000e-01  4.82059872e+00  3.44000000e-01  5.00000000e+00 
 3.45000000e-01  4.82003229e+00  3.45000000e-01  5.00000000e+00 
 3.46000000e-01  4.81946557e+00  3.46000000e-01  5.00000000e+00 
 3.47000000e-01  4.81889854e+00  3.47000000e-01  5.00000000e+00 
 3.48000000e-01  4.81833121e+00  3.48000000e-01  5.00000000e+00 
 3.49000000e-01  4.81776357e+00  3.49000000e-01  5.00000000e+00 
 3.50000000e-01  4.81719564e+00  3.50000000e-01  5.00000000e+00 
 2.50000000e-01  4.82239785e+00  2.50000000e-01  5.00000000e+00 
 2.51000000e-01  4.82159907e+00  2.51000000e-01  5.00000000e+00 
 2.52000000e-01  4.82079942e+00  2.52000000e-01  5.00000000e+00 
 2.53000000e-01  4.81999890e+00  2.53000000e-01  5.00000000e+00 
 2.54000000e-01  4.81919750e+00  2.54000000e-01  5.00000000e+00 
 2.55000000e-01  4.81839522e+00  2.55000000e-01  5.00000000e+00 
 2.56000000e-01  4.81759206e+00  2.56000000e-01  5.00000000e+00 
 2.57000000e-01  4.81678802e+00  2.57000000e-01  5.00000000e+00 
 2.58000000e-01  4.81598309e+00  2.58000000e-01  5.00000000e+00 
 2.59000000e-01  4.81517727e+00  2.59000000e-01  5.00000000e+00 
 2.60000000e-01  4.81437056e+00  2.60000000e-01  5.00000000e+00 
 2.61000000e-01  4.81356295e+00  2.61000000e-01  5.00000000e+00 
 2.62000000e-01  4.81275445e+00  2.62000000e-01  5.00000000e+00 
 2.63000000e-01  4.81194505e+00  2.63000000e-01  5.00000000e+00 
 2.64000000e-01  4.81113474e+00  2.64000000e-01  5.00000000e+00 
 2.65000000e-01  4.81032353e+00  2.65000000e-01  5.00000000e+00 
 2.66000000e-01  4.80951141e+00  2.66000000e-01  5.00000000e+00 
 2.67000000e-01  4.80869838e+00  2.67000000e-01  5.00000000e+00 
 2.68000000e-01  4.80788443e+00  2.68000000e-01  5.00000000e+00 
 2.69000000e-01  4.80706957e+00  2.69000000e-01  5.00000000e+00 
 2.70000000e-01  4.80625379e+00  2.70000000e-01  5.00000000e+00 
 2.71000000e-01  4.80543708e+00  2.71000000e-01  5.00000000e+00 
 2.72000000e-01  4.80461945e+00  2.72000000e-01  5.00000000e+00 
 2.73000000e-01  4.80380090e+00  2.73000000e-01  5.00000000e+00 
 2.74000000e-01  4.80298141e+00  2.74000000e-01  5.00000000e+00 
 2.75000000e-01  4.80216099e+00  2.75000000e-01  5.00000000e+00 
 2.76000000e-01  4.80133963e+00  2.76000000e-01  5.00000000e+00 
 2.77000000e-01  4.80051733e+00  2.77000000e-01  5.00000000e+00 
 2.78000000e-01  4.79969409e+00  2.78000000e-01  5.00000000e+00 
 2.79000000e-01  4.79886990e+00  2.79000000e-01  5.00000000e+00 
 2.80000000e-01  4.79804476e+00  2.80000000e-01  5.00000000e+00 
 2.81000000e-01  4.79721868e+00  2.81000000e-01  5.00000000e+00 
 2.82000000e-01  4.79639163e+00  2.82000000e-01  5.00000000e+00 
 2.83000000e-01  4.79556363e+00  2.83000000e-01  5.00000000e+00 
 2.84000000e-01  4.79473467e+00  2.84000000e-01  5.00000000e+00 
 2.85000000e-01  4.79390475e+00  2.85000000e-01  5.00000000e+00 
 2.86000000e-01  4.79307386e+00  2.86000000e-01  5.00000000e+00 
 2.87000000e-01  4.79224200e+00  2.87000000e-01  5.00000000e+00 
 2.88000000e-01  4.79140917e+00  2.88000000e-01  5.00000000e+00 
 2.89000000e-01  4.79057536e+00  2.89000000e-01  5.00000000e+00 
 2.90000000e-01  4.78974057e+00  2.90000000e-01  5.00000000e+00 
 2.91000000e-01  4.78890480e+00  2.91000000e-01  5.00000000e+00 
 2.92000000e-01  4.78806804e+00  2.92000000e-01  5.00000000e+00 
 2.93000000e-01  4.78723030e+00  2.93000000e-01  5.00000000e+00 
 2.94000000e-01  4.78639156e+00  2.94000000e-01  5.00000000e+00 
 2.95000000e-01  4.78555183e+00  2.95000000e-01  5.00000000e+00 
 2.96000000e-01  4.78471110e+00  2.96000000e-01  5.00000000e+00 
 2.97000000e-01  4.78386937e+00  2.97000000e-01  5.00000000e+00 
 2.98000000e-01  4.78302664e+00  2.98000000e-01  5.00000000e+00 
 2.99000000e-01  4.78218289e+00  2.99000000e-01  5.00000000e+00 
 3.00000000e-01  4.78133814e+00  3.00000000e-01  5.00000000e+00 
 3.01000000e-01  4.78049237e+00  3.01000000e-01  5.00000000e+00 
 3.02000000e-01  4.77964558e+00  3.02000000e-01  5.00000000e+00 
 3.03000000e-01  4.77879777e+00  3.03000000e-01  5.00000000e+00 
 3.04000000e-01  4.77794894e+00  3.04000000e-01  5.00000000e+00 
 3.05000000e-01  4.77709908e+00  3.05000000e-01  5.00000000e+00 
 3.06000000e-01  4.77624818e+00  3.06000000e-01  5.00000000e+00 
 3.07000000e-01  4.77539626e+00  3.07000000e-01  5.00000000e+00 
 3.08000000e-01  4.77454329e+00  3.08000000e-01  5.00000000e+00 
 3.09000000e-01  4.77368928e+00  3.09000000e-01  5.00000000e+00 
 3.10000000e-01  4.77283423e+00  3.10000000e-01  5.00000000e+00 
 3.11000000e-01  4.77197813e+00  3.11000000e-01  5.00000000e+00 
 3.12000000e-01  4.77112097e+00  3.12000000e-01  5.00000000e+00 
 3.13000000e-01  4.77026276e+00  3.13000000e-01  5.00000000e+00 
 3.14000000e-01  4.76940349e+00  3.14000000e-01  5.00000000e+00 
 3.15000000e-01  4.76854316e+00  3.15000000e-01  5.00000000e+00 
 3.16000000e-01  4.76768176e+00  3.16000000e-01  5.00000000e+00 
 3.17000000e-01  4.76681929e+00  3.17000000e-01  5.00000000e+00 
 3.18000000e-01  4.76595575e+00  3.18000000e-01  5.00000000e+00 
 3.19000000e-01  4.76509113e+00  3.19000000e-01  5.00000000e+00 
 3.20000000e-01  4.76422542e+00  3.20000000e-01  5.00000000e+00 
 3.21000000e-01  4.76335864e+00  3.21000000e-01  5.00000000e+00 
 3.22000000e-01  4.76249076e+00  3.22000000e-01  5.00000000e+00 
 3.23000000e-01  4.76162179e+00  3.23000000e-01  5.00000000e+00 
 3.24000000e-01  4.76075173e+00  3.24000000e-01  5.00000000e+00 
 3.25000000e-01  4.75988056e+00  3.25000000e-01  5.00000000e+00 
 3.26000000e-01  4.75900829e+00  3.26000000e-01  5.00000000e+00 
 3.27000000e-01  4.75813492e+00  3.27000000e-01  5.00000000e+00 
 3.28000000e-01  4.75726043e+00  3.28000000e-01  5.00000000e+00 
 3.29000000e-01  4.75638483e+00  3.29000000e-01  5.00000000e+00 
 3.30000000e-01  4.75550811e+00  3.30000000e-01  5.00000000e+00 
 3.31000000e-01  4.75463026e+00  3.31000000e-01  5.00000000e+00 
 3.32000000e-01  4.75375129e+00  3.32000000e-01  5.00000000e+00 
 3.33000000e-01  4.75287118e+00  3.33000000e-01  5.00000000e+00 
 3.34000000e-01  4.75198995e+00  3.34000000e-01  5.00000000e+00 
 3.35000000e-01  4.75110757e+00  3.35000000e-01  5.00000000e+00 
 3.36000000e-01  4.75022405e+00  3.36000000e-01  5.00000000e+00 
 3.37000000e-01  4.74933938e+00  3.37000000e-01  5.00000000e+00 
 3.38000000e-01  4.74845356e+00  3.38000000e-01  5.00000000e+00 
 3.39000000e-01  4.74756658e+00  3.39000000e-01  5.00000000e+00 
 3.40000000e-01  4.74667845e+00  3.40000000e-01  5.00000000e+00 
 3.41000000e-01  4.74578915e+00  3.41000000e-01  5.00000000e+00 
 3.42000000e-01  4.74489869e+00  3.42000000e-01  5.00000000e+00 
 3.43000000e-01  4.74400705e+00  3.43000000e-01  5.00000000e+00 
 3.44000000e-01  4.74311423e+00  3.44000000e-01  5.00000000e+00 
 3.45000000e-01  4.74222024e+00  3.45000000e-01  5.00000000e+00 
 3.46000000e-01  4.74132506e+00  3.46000000e-01  5.00000000e+00 
 3.47000000e-01  4.74042869e+00  3.47000000e-01  5.00000000e+00 
 3.48000000e-01  4.73953112e+00  3.48000000e-01  5.00000000e+00 
 3.49000000e-01  4.73863236e+00  3.49000000e-01  5.00000000e+00 
 3.50000000e-01  4.73773240e+00  3.50000000e-01  5.00000000e+00 
