780 13160 47380 13720 1 2
780 13160 47380 13720 2 2
760 13160 47400 13720 0 2
760 13160 47400 13720 1 2
780 24920 47380 25480 1 2
780 24920 47380 25480 2 2
760 24920 47400 25480 0 2
760 24920 47400 25480 1 2
1470 6940 1970 14900 0 2
1470 6940 1970 14900 1 2
1470 18700 1970 26660 0 2
1470 18700 1970 26660 1 2
1640 1400 46520 1960 1 2
1640 1400 46520 1960 2 2
1620 1400 46540 1960 0 2
1620 1400 46540 1960 1 2
1640 5600 46520 6160 1 2
1640 5600 46520 6160 2 2
1620 5600 46540 6160 0 2
1620 5600 46540 6160 1 2
1640 14000 46520 14560 1 2
1640 14000 46520 14560 2 2
1620 14000 46540 14560 0 2
1620 14000 46540 14560 1 2
1640 17360 46520 17920 1 2
1640 17360 46520 17920 2 2
1620 17360 46540 17920 0 2
1620 17360 46540 17920 1 2
1640 25760 46520 26320 1 2
1640 25760 46520 26320 2 2
1620 25760 46540 26320 0 2
1620 25760 46540 26320 1 2
2330 220 2830 3140 0 2
2330 220 2830 3140 1 2
2330 4420 2830 7340 0 2
2330 4420 2830 7340 1 2
2330 6940 2830 14900 0 2
2330 6940 2830 14900 1 2
2330 16180 2830 19100 0 2
2330 16180 2830 19100 1 2
2330 18700 2830 26660 0 2
2330 18700 2830 26660 1 2
3190 6940 3690 14900 0 2
3190 6940 3690 14900 1 2
3190 18700 3690 26660 0 2
3190 18700 3690 26660 1 2
4050 220 4550 3140 0 2
4050 220 4550 3140 1 2
4050 4420 4550 7340 0 2
4050 4420 4550 7340 1 2
4050 6940 4550 14900 0 2
4050 6940 4550 14900 1 2
4050 16180 4550 19100 0 2
4050 16180 4550 19100 1 2
4050 18700 4550 26660 0 2
4050 18700 4550 26660 1 2
4910 6940 5410 14900 0 2
4910 6940 5410 14900 1 2
4910 18700 5410 26660 0 2
4910 18700 5410 26660 1 2
5770 220 6270 3140 0 2
5770 220 6270 3140 1 2
5770 4420 6270 7340 0 2
5770 4420 6270 7340 1 2
5770 6940 6270 14900 0 2
5770 6940 6270 14900 1 2
5770 16180 6270 19100 0 2
5770 16180 6270 19100 1 2
5770 18700 6270 26660 0 2
5770 18700 6270 26660 1 2
6630 6940 7130 14900 0 2
6630 6940 7130 14900 1 2
6630 18700 7130 26660 0 2
6630 18700 7130 26660 1 2
7490 220 7990 3140 0 2
7490 220 7990 3140 1 2
7490 4420 7990 7340 0 2
7490 4420 7990 7340 1 2
7490 6940 7990 14900 0 2
7490 6940 7990 14900 1 2
7490 16180 7990 19100 0 2
7490 16180 7990 19100 1 2
7490 18700 7990 26660 0 2
7490 18700 7990 26660 1 2
8350 6940 8850 14900 0 2
8350 6940 8850 14900 1 2
8350 18700 8850 26660 0 2
8350 18700 8850 26660 1 2
9210 220 9710 3140 0 2
9210 220 9710 3140 1 2
9210 4420 9710 7340 0 2
9210 4420 9710 7340 1 2
9210 6940 9710 14900 0 2
9210 6940 9710 14900 1 2
9210 16180 9710 19100 0 2
9210 16180 9710 19100 1 2
9210 18700 9710 26660 0 2
9210 18700 9710 26660 1 2
9380 28280 35340 28840 1 2
9380 28280 35340 28840 2 2
9360 28280 35360 28840 0 2
9360 28280 35360 28840 1 2
10070 6940 10570 14900 0 2
10070 6940 10570 14900 1 2
10070 18700 10570 26660 0 2
10070 18700 10570 26660 1 2
10070 27100 10570 35060 0 2
10070 27100 10570 35060 1 2
10240 27440 34480 28000 1 2
10240 27440 34480 28000 2 2
10220 27440 34500 28000 0 2
10220 27440 34500 28000 1 2
10240 35840 34480 36400 1 2
10240 35840 34480 36400 2 2
10220 35840 34500 36400 0 2
10220 35840 34500 36400 1 2
10240 40040 34480 40600 1 2
10240 40040 34480 40600 2 2
10220 40040 34500 40600 0 2
10220 40040 34500 40600 1 2
10930 220 11430 3140 0 2
10930 220 11430 3140 1 2
10930 4420 11430 7340 0 2
10930 4420 11430 7340 1 2
10930 6940 11430 14900 0 2
10930 6940 11430 14900 1 2
10930 16180 11430 19100 0 2
10930 16180 11430 19100 1 2
10930 18700 11430 26660 0 2
10930 18700 11430 26660 1 2
10930 27100 11430 35060 0 2
10930 27100 11430 35060 1 2
10930 34660 11430 37580 0 2
10930 34660 11430 37580 1 2
10930 38860 11430 41780 0 2
10930 38860 11430 41780 1 2
11790 6940 12290 14900 0 2
11790 6940 12290 14900 1 2
11790 18700 12290 26660 0 2
11790 18700 12290 26660 1 2
11790 27100 12290 35060 0 2
11790 27100 12290 35060 1 2
12650 220 13150 3140 0 2
12650 220 13150 3140 1 2
12650 4420 13150 7340 0 2
12650 4420 13150 7340 1 2
12650 6940 13150 14900 0 2
12650 6940 13150 14900 1 2
12650 16180 13150 19100 0 2
12650 16180 13150 19100 1 2
12650 18700 13150 26660 0 2
12650 18700 13150 26660 1 2
12650 27100 13150 35060 0 2
12650 27100 13150 35060 1 2
12650 34660 13150 37580 0 2
12650 34660 13150 37580 1 2
12650 38860 13150 41780 0 2
12650 38860 13150 41780 1 2
13510 6940 14010 14900 0 2
13510 6940 14010 14900 1 2
13510 18700 14010 26660 0 2
13510 18700 14010 26660 1 2
13510 27100 14010 35060 0 2
13510 27100 14010 35060 1 2
14370 220 14870 3140 0 2
14370 220 14870 3140 1 2
14370 4420 14870 7340 0 2
14370 4420 14870 7340 1 2
14370 6940 14870 14900 0 2
14370 6940 14870 14900 1 2
14370 16180 14870 19100 0 2
14370 16180 14870 19100 1 2
14370 18700 14870 26660 0 2
14370 18700 14870 26660 1 2
14370 27100 14870 35060 0 2
14370 27100 14870 35060 1 2
14370 34660 14870 37580 0 2
14370 34660 14870 37580 1 2
14370 38860 14870 41780 0 2
14370 38860 14870 41780 1 2
15230 6940 15730 14900 0 2
15230 6940 15730 14900 1 2
15230 18700 15730 26660 0 2
15230 18700 15730 26660 1 2
15230 27100 15730 35060 0 2
15230 27100 15730 35060 1 2
16090 220 16590 3140 0 2
16090 220 16590 3140 1 2
16090 4420 16590 7340 0 2
16090 4420 16590 7340 1 2
16090 6940 16590 14900 0 2
16090 6940 16590 14900 1 2
16090 16180 16590 19100 0 2
16090 16180 16590 19100 1 2
16090 18700 16590 26660 0 2
16090 18700 16590 26660 1 2
16090 27100 16590 35060 0 2
16090 27100 16590 35060 1 2
16090 34660 16590 37580 0 2
16090 34660 16590 37580 1 2
16090 38860 16590 41780 0 2
16090 38860 16590 41780 1 2
16950 6940 17450 14900 0 2
16950 6940 17450 14900 1 2
16950 18700 17450 26660 0 2
16950 18700 17450 26660 1 2
16950 27100 17450 35060 0 2
16950 27100 17450 35060 1 2
17810 220 18310 3140 0 2
17810 220 18310 3140 1 2
17810 4420 18310 7340 0 2
17810 4420 18310 7340 1 2
17810 6940 18310 14900 0 2
17810 6940 18310 14900 1 2
17810 16180 18310 19100 0 2
17810 16180 18310 19100 1 2
17810 18700 18310 26660 0 2
17810 18700 18310 26660 1 2
17810 27100 18310 35060 0 2
17810 27100 18310 35060 1 2
17810 34660 18310 37580 0 2
17810 34660 18310 37580 1 2
17810 38860 18310 41780 0 2
17810 38860 18310 41780 1 2
18670 6940 19170 14900 0 2
18670 6940 19170 14900 1 2
18670 18700 19170 26660 0 2
18670 18700 19170 26660 1 2
18670 27100 19170 35060 0 2
18670 27100 19170 35060 1 2
19530 220 20030 3140 0 2
19530 220 20030 3140 1 2
19530 4420 20030 7340 0 2
19530 4420 20030 7340 1 2
19530 6940 20030 14900 0 2
19530 6940 20030 14900 1 2
19530 16180 20030 19100 0 2
19530 16180 20030 19100 1 2
19530 18700 20030 26660 0 2
19530 18700 20030 26660 1 2
19530 27100 20030 35060 0 2
19530 27100 20030 35060 1 2
19530 34660 20030 37580 0 2
19530 34660 20030 37580 1 2
19530 38860 20030 41780 0 2
19530 38860 20030 41780 1 2
19230 16840 22050 18440 3 2
19230 16840 22050 18440 4 2
19230 16840 22050 18440 2 2
19230 16840 22050 18440 3 2
19720 29120 21560 29680 1 2
19720 29120 21560 29680 2 2
19700 29120 21580 29680 0 2
19700 29120 21580 29680 1 2
20360 16620 20920 18660 2 2
20360 16620 20920 18660 3 2
20360 16670 20920 18610 1 2
20360 16670 20920 18610 2 2
20360 16990 20920 30050 2 2
20360 16990 20920 30050 3 2
20360 17040 20920 30000 1 2
20360 17040 20920 30000 2 2
20360 28430 20920 30370 2 2
20360 28430 20920 30370 3 2
20360 28480 20920 30320 1 2
20360 28480 20920 30320 2 2
20390 6940 20890 14900 0 2
20390 6940 20890 14900 1 2
20390 18700 20890 26660 0 2
20390 18700 20890 26660 1 2
20390 27100 20890 35060 0 2
20390 27100 20890 35060 1 2
20040 29120 22100 29680 1 2
20040 29120 22100 29680 2 2
20020 29120 22120 29680 0 2
20020 29120 22120 29680 1 2
20580 29120 22420 29680 1 2
20580 29120 22420 29680 2 2
20560 29120 22440 29680 0 2
20560 29120 22440 29680 1 2
21220 27590 21780 41290 2 2
21220 27590 21780 41290 3 2
21220 27640 21780 41240 1 2
21220 27640 21780 41240 2 2
21220 28430 21780 30370 2 2
21220 28430 21780 30370 3 2
21220 28480 21780 30320 1 2
21220 28480 21780 30320 2 2
21220 28470 21780 30330 2 2
21220 28470 21780 30330 3 2
21220 28520 21780 30280 1 2
21220 28520 21780 30280 2 2
21250 220 21750 3140 0 2
21250 220 21750 3140 1 2
21250 4420 21750 7340 0 2
21250 4420 21750 7340 1 2
21250 6940 21750 14900 0 2
21250 6940 21750 14900 1 2
21250 16180 21750 19100 0 2
21250 16180 21750 19100 1 2
21250 18700 21750 26660 0 2
21250 18700 21750 26660 1 2
21250 27100 21750 35060 0 2
21250 27100 21750 35060 1 2
21250 34660 21750 37580 0 2
21250 34660 21750 37580 1 2
21250 38860 21750 41780 0 2
21250 38860 21750 41780 1 2
22110 6940 22610 14900 0 2
22110 6940 22610 14900 1 2
22110 18700 22610 26660 0 2
22110 18700 22610 26660 1 2
22110 27100 22610 35060 0 2
22110 27100 22610 35060 1 2
22970 220 23470 3140 0 2
22970 220 23470 3140 1 2
22970 4420 23470 7340 0 2
22970 4420 23470 7340 1 2
22970 6940 23470 14900 0 2
22970 6940 23470 14900 1 2
22970 16180 23470 19100 0 2
22970 16180 23470 19100 1 2
22970 18700 23470 26660 0 2
22970 18700 23470 26660 1 2
22970 27100 23470 35060 0 2
22970 27100 23470 35060 1 2
22970 34660 23470 37580 0 2
22970 34660 23470 37580 1 2
22970 38860 23470 41780 0 2
22970 38860 23470 41780 1 2
23160 14840 25000 15400 1 2
23160 14840 25000 15400 2 2
23140 14840 25020 15400 0 2
23140 14840 25020 15400 1 2
23800 4910 24360 18610 2 2
23800 4910 24360 18610 3 2
23800 4960 24360 18560 1 2
23800 4960 24360 18560 2 2
23800 14100 24360 16140 2 2
23800 14100 24360 16140 3 2
23800 14150 24360 16090 1 2
23800 14150 24360 16090 2 2
23800 14150 24360 16090 2 2
23800 14150 24360 16090 3 2
23800 14200 24360 16040 1 2
23800 14200 24360 16040 2 2
23830 6940 24330 14900 0 2
23830 6940 24330 14900 1 2
23830 18700 24330 26660 0 2
23830 18700 24330 26660 1 2
23830 27100 24330 35060 0 2
23830 27100 24330 35060 1 2
23480 14840 47900 15400 1 2
23480 14840 47900 15400 2 2
23460 14840 47920 15400 0 2
23460 14840 47920 15400 1 2
24020 27440 25860 28000 1 2
24020 27440 25860 28000 2 2
24000 27440 25880 28000 0 2
24000 27440 25880 28000 1 2
24660 13310 25220 27010 2 2
24660 13310 25220 27010 3 2
24660 13360 25220 26960 1 2
24660 13360 25220 26960 2 2
24660 25390 25220 28370 2 2
24660 25390 25220 28370 3 2
24660 25440 25220 28320 1 2
24660 25440 25220 28320 2 2
24660 26750 25220 28690 2 2
24660 26750 25220 28690 3 2
24660 26800 25220 28640 1 2
24660 26800 25220 28640 2 2
24690 220 25190 3140 0 2
24690 220 25190 3140 1 2
24690 4420 25190 7340 0 2
24690 4420 25190 7340 1 2
24690 6940 25190 14900 0 2
24690 6940 25190 14900 1 2
24690 16180 25190 19100 0 2
24690 16180 25190 19100 1 2
24690 18700 25190 26660 0 2
24690 18700 25190 26660 1 2
24690 27100 25190 35060 0 2
24690 27100 25190 35060 1 2
24690 34660 25190 37580 0 2
24690 34660 25190 37580 1 2
24690 38860 25190 41780 0 2
24690 38860 25190 41780 1 2
25550 6940 26050 14900 0 2
25550 6940 26050 14900 1 2
25550 18700 26050 26660 0 2
25550 18700 26050 26660 1 2
25550 27100 26050 35060 0 2
25550 27100 26050 35060 1 2
26410 220 26910 3140 0 2
26410 220 26910 3140 1 2
26410 4420 26910 7340 0 2
26410 4420 26910 7340 1 2
26410 6940 26910 14900 0 2
26410 6940 26910 14900 1 2
26410 16180 26910 19100 0 2
26410 16180 26910 19100 1 2
26410 18700 26910 26660 0 2
26410 18700 26910 26660 1 2
26410 27100 26910 35060 0 2
26410 27100 26910 35060 1 2
26410 34660 26910 37580 0 2
26410 34660 26910 37580 1 2
26410 38860 26910 41780 0 2
26410 38860 26910 41780 1 2
27270 6940 27770 14900 0 2
27270 6940 27770 14900 1 2
27270 18700 27770 26660 0 2
27270 18700 27770 26660 1 2
27270 27100 27770 35060 0 2
27270 27100 27770 35060 1 2
28130 220 28630 3140 0 2
28130 220 28630 3140 1 2
28130 4420 28630 7340 0 2
28130 4420 28630 7340 1 2
28130 6940 28630 14900 0 2
28130 6940 28630 14900 1 2
28130 16180 28630 19100 0 2
28130 16180 28630 19100 1 2
28130 18700 28630 26660 0 2
28130 18700 28630 26660 1 2
28130 27100 28630 35060 0 2
28130 27100 28630 35060 1 2
28130 34660 28630 37580 0 2
28130 34660 28630 37580 1 2
28130 38860 28630 41780 0 2
28130 38860 28630 41780 1 2
28990 6940 29490 14900 0 2
28990 6940 29490 14900 1 2
28990 18700 29490 26660 0 2
28990 18700 29490 26660 1 2
28990 27100 29490 35060 0 2
28990 27100 29490 35060 1 2
29850 220 30350 3140 0 2
29850 220 30350 3140 1 2
29850 4420 30350 7340 0 2
29850 4420 30350 7340 1 2
29850 6940 30350 14900 0 2
29850 6940 30350 14900 1 2
29850 16180 30350 19100 0 2
29850 16180 30350 19100 1 2
29850 18700 30350 26660 0 2
29850 18700 30350 26660 1 2
29850 27100 30350 35060 0 2
29850 27100 30350 35060 1 2
29850 34660 30350 37580 0 2
29850 34660 30350 37580 1 2
29850 38860 30350 41780 0 2
29850 38860 30350 41780 1 2
30710 6940 31210 14900 0 2
30710 6940 31210 14900 1 2
30710 18700 31210 26660 0 2
30710 18700 31210 26660 1 2
30710 27100 31210 35060 0 2
30710 27100 31210 35060 1 2
31570 220 32070 3140 0 2
31570 220 32070 3140 1 2
31570 4420 32070 7340 0 2
31570 4420 32070 7340 1 2
31570 6940 32070 14900 0 2
31570 6940 32070 14900 1 2
31570 16180 32070 19100 0 2
31570 16180 32070 19100 1 2
31570 18700 32070 26660 0 2
31570 18700 32070 26660 1 2
31570 27100 32070 35060 0 2
31570 27100 32070 35060 1 2
31570 34660 32070 37580 0 2
31570 34660 32070 37580 1 2
31570 38860 32070 41780 0 2
31570 38860 32070 41780 1 2
32430 6940 32930 14900 0 2
32430 6940 32930 14900 1 2
32430 18700 32930 26660 0 2
32430 18700 32930 26660 1 2
32430 27100 32930 35060 0 2
32430 27100 32930 35060 1 2
33290 220 33790 3140 0 2
33290 220 33790 3140 1 2
33290 4420 33790 7340 0 2
33290 4420 33790 7340 1 2
33290 6940 33790 14900 0 2
33290 6940 33790 14900 1 2
33290 16180 33790 19100 0 2
33290 16180 33790 19100 1 2
33290 18700 33790 26660 0 2
33290 18700 33790 26660 1 2
33290 27100 33790 35060 0 2
33290 27100 33790 35060 1 2
33290 34660 33790 37580 0 2
33290 34660 33790 37580 1 2
33290 38860 33790 41780 0 2
33290 38860 33790 41780 1 2
32940 35840 37580 36400 1 2
32940 35840 37580 36400 2 2
32920 35840 37600 36400 0 2
32920 35840 37600 36400 1 2
34150 6940 34650 14900 0 2
34150 6940 34650 14900 1 2
34150 18700 34650 26660 0 2
34150 18700 34650 26660 1 2
34150 27100 34650 35060 0 2
34150 27100 34650 35060 1 2
35010 220 35510 3140 0 2
35010 220 35510 3140 1 2
35010 4420 35510 7340 0 2
35010 4420 35510 7340 1 2
35010 6940 35510 14900 0 2
35010 6940 35510 14900 1 2
35010 16180 35510 19100 0 2
35010 16180 35510 19100 1 2
35010 18700 35510 26660 0 2
35010 18700 35510 26660 1 2
35870 6940 36370 14900 0 2
35870 6940 36370 14900 1 2
35870 18700 36370 26660 0 2
35870 18700 36370 26660 1 2
36060 35000 37900 35560 1 2
36060 35000 37900 35560 2 2
36040 35000 37920 35560 0 2
36040 35000 37920 35560 1 2
36060 35840 37900 36400 1 2
36060 35840 37900 36400 2 2
36040 35840 37920 36400 0 2
36040 35840 37920 36400 1 2
36700 34310 37260 36250 2 2
36700 34310 37260 36250 3 2
36700 34360 37260 36200 1 2
36700 34360 37260 36200 2 2
36700 34630 37260 36770 2 2
36700 34630 37260 36770 3 2
36700 34680 37260 36720 1 2
36700 34680 37260 36720 2 2
36700 35150 37260 37090 2 2
36700 35150 37260 37090 3 2
36700 35200 37260 37040 1 2
36700 35200 37260 37040 2 2
36730 220 37230 3140 0 2
36730 220 37230 3140 1 2
36730 4420 37230 7340 0 2
36730 4420 37230 7340 1 2
36730 6940 37230 14900 0 2
36730 6940 37230 14900 1 2
36730 16180 37230 19100 0 2
36730 16180 37230 19100 1 2
36730 18700 37230 26660 0 2
36730 18700 37230 26660 1 2
36380 35000 84880 35560 1 2
36380 35000 84880 35560 2 2
36360 35000 84900 35560 0 2
36360 35000 84900 35560 1 2
36900 28280 47380 28840 1 2
36900 28280 47380 28840 2 2
36880 28280 47400 28840 0 2
36880 28280 47400 28840 1 2
37590 6940 38090 14900 0 2
37590 6940 38090 14900 1 2
37590 18700 38090 26660 0 2
37590 18700 38090 26660 1 2
37590 27100 38090 35060 0 2
37590 27100 38090 35060 1 2
37760 27440 46520 28000 1 2
37760 27440 46520 28000 2 2
37740 27440 46540 28000 0 2
37740 27440 46540 28000 1 2
37760 35840 46520 36400 1 2
37760 35840 46520 36400 2 2
37740 35840 46540 36400 0 2
37740 35840 46540 36400 1 2
37760 40040 46520 40600 1 2
37760 40040 46520 40600 2 2
37740 40040 46540 40600 0 2
37740 40040 46540 40600 1 2
38450 220 38950 3140 0 2
38450 220 38950 3140 1 2
38450 4420 38950 7340 0 2
38450 4420 38950 7340 1 2
38450 6940 38950 14900 0 2
38450 6940 38950 14900 1 2
38450 16180 38950 19100 0 2
38450 16180 38950 19100 1 2
38450 18700 38950 26660 0 2
38450 18700 38950 26660 1 2
38450 27100 38950 35060 0 2
38450 27100 38950 35060 1 2
38450 34660 38950 37580 0 2
38450 34660 38950 37580 1 2
38450 38860 38950 41780 0 2
38450 38860 38950 41780 1 2
39310 6940 39810 14900 0 2
39310 6940 39810 14900 1 2
39310 18700 39810 26660 0 2
39310 18700 39810 26660 1 2
39310 27100 39810 35060 0 2
39310 27100 39810 35060 1 2
40170 220 40670 3140 0 2
40170 220 40670 3140 1 2
40170 4420 40670 7340 0 2
40170 4420 40670 7340 1 2
40170 6940 40670 14900 0 2
40170 6940 40670 14900 1 2
40170 16180 40670 19100 0 2
40170 16180 40670 19100 1 2
40170 18700 40670 26660 0 2
40170 18700 40670 26660 1 2
40170 27100 40670 35060 0 2
40170 27100 40670 35060 1 2
40170 34660 40670 37580 0 2
40170 34660 40670 37580 1 2
40170 38860 40670 41780 0 2
40170 38860 40670 41780 1 2
39870 34480 42690 36080 3 2
39870 34480 42690 36080 4 2
39870 34480 42690 36080 2 2
39870 34480 42690 36080 3 2
40340 34480 42220 36080 3 2
40340 34480 42220 36080 4 2
40340 34480 42220 36080 2 2
40340 34480 42220 36080 3 2
41000 34260 41560 36300 2 2
41000 34260 41560 36300 3 2
41000 34310 41560 36250 1 2
41000 34310 41560 36250 2 2
41000 34350 41560 36210 2 2
41000 34350 41560 36210 3 2
41000 34400 41560 36160 1 2
41000 34400 41560 36160 2 2
41030 6940 41530 14900 0 2
41030 6940 41530 14900 1 2
41030 18700 41530 26660 0 2
41030 18700 41530 26660 1 2
41030 27100 41530 35060 0 2
41030 27100 41530 35060 1 2
41220 14840 43060 15400 1 2
41220 14840 43060 15400 2 2
41200 14840 43080 15400 0 2
41200 14840 43080 15400 1 2
41860 14150 42420 16090 2 2
41860 14150 42420 16090 3 2
41860 14200 42420 16040 1 2
41860 14200 42420 16040 2 2
41860 14470 42420 28370 2 2
41860 14470 42420 28370 3 2
41860 14520 42420 28320 1 2
41860 14520 42420 28320 2 2
41860 26750 42420 37090 2 2
41860 26750 42420 37090 3 2
41860 26800 42420 37040 1 2
41860 26800 42420 37040 2 2
41890 220 42390 3140 0 2
41890 220 42390 3140 1 2
41890 4420 42390 7340 0 2
41890 4420 42390 7340 1 2
41890 6940 42390 14900 0 2
41890 6940 42390 14900 1 2
41890 16180 42390 19100 0 2
41890 16180 42390 19100 1 2
41890 18700 42390 26660 0 2
41890 18700 42390 26660 1 2
41890 27100 42390 35060 0 2
41890 27100 42390 35060 1 2
41890 34660 42390 37580 0 2
41890 34660 42390 37580 1 2
41890 38860 42390 41780 0 2
41890 38860 42390 41780 1 2
42750 6940 43250 14900 0 2
42750 6940 43250 14900 1 2
42750 18700 43250 26660 0 2
42750 18700 43250 26660 1 2
42750 27100 43250 35060 0 2
42750 27100 43250 35060 1 2
43610 220 44110 3140 0 2
43610 220 44110 3140 1 2
43610 4420 44110 7340 0 2
43610 4420 44110 7340 1 2
43610 6940 44110 14900 0 2
43610 6940 44110 14900 1 2
43610 16180 44110 19100 0 2
43610 16180 44110 19100 1 2
43610 18700 44110 26660 0 2
43610 18700 44110 26660 1 2
43610 27100 44110 35060 0 2
43610 27100 44110 35060 1 2
43610 34660 44110 37580 0 2
43610 34660 44110 37580 1 2
43610 38860 44110 41780 0 2
43610 38860 44110 41780 1 2
44470 6940 44970 14900 0 2
44470 6940 44970 14900 1 2
44470 18700 44970 26660 0 2
44470 18700 44970 26660 1 2
44470 27100 44970 35060 0 2
44470 27100 44970 35060 1 2
45330 220 45830 3140 0 2
45330 220 45830 3140 1 2
45330 4420 45830 7340 0 2
45330 4420 45830 7340 1 2
45330 6940 45830 14900 0 2
45330 6940 45830 14900 1 2
45330 16180 45830 19100 0 2
45330 16180 45830 19100 1 2
45330 18700 45830 26660 0 2
45330 18700 45830 26660 1 2
45330 27100 45830 35060 0 2
45330 27100 45830 35060 1 2
45330 34660 45830 37580 0 2
45330 34660 45830 37580 1 2
45330 38860 45830 41780 0 2
45330 38860 45830 41780 1 2
46190 6940 46690 14900 0 2
46190 6940 46690 14900 1 2
46190 18700 46690 26660 0 2
46190 18700 46690 26660 1 2
46190 27100 46690 35060 0 2
46190 27100 46690 35060 1 2
46360 14000 48240 14560 1 2
46360 14000 48240 14560 2 2
46340 14000 48260 14560 0 2
46340 14000 48260 14560 1 2
46360 14840 48240 15400 1 2
46360 14840 48240 15400 2 2
46340 14840 48260 15400 0 2
46340 14840 48260 15400 1 2
47050 13660 47550 14900 0 2
47050 13660 47550 14900 1 2
47050 13830 47550 15570 0 2
47050 13830 47550 15570 1 2
47050 14500 47550 15740 0 2
47050 14500 47550 15740 1 2
46700 14000 49620 14560 1 2
46700 14000 49620 14560 2 2
46680 14000 49640 14560 0 2
46680 14000 49640 14560 1 2
47610 16840 50430 18440 3 2
47610 16840 50430 18440 4 2
47610 16840 50430 18440 2 2
47610 16840 50430 18440 3 2
48080 1400 51680 1960 1 2
48080 1400 51680 1960 2 2
48060 1400 51700 1960 0 2
48060 1400 51700 1960 1 2
48080 5600 51680 6160 1 2
48080 5600 51680 6160 2 2
48060 5600 51700 6160 0 2
48060 5600 51700 6160 1 2
48080 14000 51680 14560 1 2
48080 14000 51680 14560 2 2
48060 14000 51700 14560 0 2
48060 14000 51700 14560 1 2
48100 1400 49940 1960 1 2
48100 1400 49940 1960 2 2
48080 1400 49960 1960 0 2
48080 1400 49960 1960 1 2
48740 710 49300 2650 2 2
48740 710 49300 2650 3 2
48740 760 49300 2600 1 2
48740 760 49300 2600 2 2
48140 1400 49900 1960 1 2
48140 1400 49900 1960 2 2
48120 1400 49920 1960 0 2
48120 1400 49920 1960 1 2
48740 1030 49300 18290 2 2
48740 1030 49300 18290 3 2
48740 1080 49300 18240 1 2
48740 1080 49300 18240 2 2
48740 16620 49300 18660 2 2
48740 16620 49300 18660 3 2
48740 16670 49300 18610 1 2
48740 16670 49300 18610 2 2
48470 16840 51290 18440 3 2
48470 16840 51290 18440 4 2
48470 16840 51290 18440 2 2
48470 16840 51290 18440 3 2
48940 13160 52540 13720 1 2
48940 13160 52540 13720 2 2
48920 13160 52560 13720 0 2
48920 13160 52560 13720 1 2
48940 16520 52540 17080 1 2
48940 16520 52540 17080 2 2
48920 16520 52560 17080 0 2
48920 16520 52560 17080 1 2
48940 28280 52540 28840 1 2
48940 28280 52540 28840 2 2
48920 28280 52560 28840 0 2
48920 28280 52560 28840 1 2
49600 15830 50160 29530 2 2
49600 15830 50160 29530 3 2
49600 15880 50160 29480 1 2
49600 15880 50160 29480 2 2
49600 16620 50160 18660 2 2
49600 16620 50160 18660 3 2
49600 16670 50160 18610 1 2
49600 16670 50160 18610 2 2
49600 16710 50160 18570 2 2
49600 16710 50160 18570 3 2
49600 16760 50160 18520 1 2
49600 16760 50160 18520 2 2
49630 6940 50130 14900 0 2
49630 6940 50130 14900 1 2
49630 15340 50130 23300 0 2
49630 15340 50130 23300 1 2
49800 15680 53400 16240 1 2
49800 15680 53400 16240 2 2
49780 15680 53420 16240 0 2
49780 15680 53420 16240 1 2
49800 24080 53400 24640 1 2
49800 24080 53400 24640 2 2
49780 24080 53420 24640 0 2
49780 24080 53420 24640 1 2
49820 23240 51660 23800 1 2
49820 23240 51660 23800 2 2
49800 23240 51680 23800 0 2
49800 23240 51680 23800 1 2
50460 14990 51020 25330 2 2
50460 14990 51020 25330 3 2
50460 15040 51020 25280 1 2
50460 15040 51020 25280 2 2
50460 22500 51020 24540 2 2
50460 22500 51020 24540 3 2
50460 22550 51020 24490 1 2
50460 22550 51020 24490 2 2
50460 22550 51020 24490 2 2
50460 22550 51020 24490 3 2
50460 22600 51020 24440 1 2
50460 22600 51020 24440 2 2
50490 220 50990 3140 0 2
50490 220 50990 3140 1 2
50490 4420 50990 7340 0 2
50490 4420 50990 7340 1 2
50490 6940 50990 14900 0 2
50490 6940 50990 14900 1 2
50490 15340 50990 23300 0 2
50490 15340 50990 23300 1 2
50490 22900 50990 25820 0 2
50490 22900 50990 25820 1 2
50490 27100 50990 30020 0 2
50490 27100 50990 30020 1 2
50140 23240 54780 23800 1 2
50140 23240 54780 23800 2 2
50120 23240 54800 23800 0 2
50120 23240 54800 23800 1 2
51350 6940 51850 14900 0 2
51350 6940 51850 14900 1 2
51350 15340 51850 23300 0 2
51350 15340 51850 23300 1 2
51000 13160 55640 13720 1 2
51000 13160 55640 13720 2 2
50980 13160 55660 13720 0 2
50980 13160 55660 13720 1 2
53240 13160 55120 13720 1 2
53240 13160 55120 13720 2 2
53220 13160 55140 13720 0 2
53220 13160 55140 13720 1 2
53240 15680 55120 16240 1 2
53240 15680 55120 16240 2 2
53220 15680 55140 16240 0 2
53220 15680 55140 16240 1 2
53240 23240 55120 23800 1 2
53240 23240 55120 23800 2 2
53220 23240 55140 23800 0 2
53220 23240 55140 23800 1 2
53240 24080 55120 24640 1 2
53240 24080 55120 24640 2 2
53220 24080 55140 24640 0 2
53220 24080 55140 24640 1 2
53260 13160 55100 13720 1 2
53260 13160 55100 13720 2 2
53240 13160 55120 13720 0 2
53240 13160 55120 13720 1 2
53260 15680 55100 16240 1 2
53260 15680 55100 16240 2 2
53240 15680 55120 16240 0 2
53240 15680 55120 16240 1 2
53260 24080 55100 24640 1 2
53260 24080 55100 24640 2 2
53240 24080 55120 24640 0 2
53240 24080 55120 24640 1 2
53930 12820 54430 14060 0 2
53930 12820 54430 14060 1 2
53930 12990 54430 16410 0 2
53930 12990 54430 16410 1 2
53930 15340 54430 16580 0 2
53930 15340 54430 16580 1 2
53930 22900 54430 24140 0 2
53930 22900 54430 24140 1 2
53930 23070 54430 24810 0 2
53930 23070 54430 24810 1 2
53930 23740 54430 24980 0 2
53930 23740 54430 24980 1 2
54100 13160 57700 13720 1 2
54100 13160 57700 13720 2 2
54080 13160 57720 13720 0 2
54080 13160 57720 13720 1 2
54100 16520 57700 17080 1 2
54100 16520 57700 17080 2 2
54080 16520 57720 17080 0 2
54080 16520 57720 17080 1 2
54100 28280 57700 28840 1 2
54100 28280 57700 28840 2 2
54080 28280 57720 28840 0 2
54080 28280 57720 28840 1 2
54790 6940 55290 14900 0 2
54790 6940 55290 14900 1 2
54790 15340 55290 23300 0 2
54790 15340 55290 23300 1 2
54490 16840 57310 18440 3 2
54490 16840 57310 18440 4 2
54490 16840 57310 18440 2 2
54490 16840 57310 18440 3 2
54960 1400 58560 1960 1 2
54960 1400 58560 1960 2 2
54940 1400 58580 1960 0 2
54940 1400 58580 1960 1 2
54960 5600 58560 6160 1 2
54960 5600 58560 6160 2 2
54940 5600 58580 6160 0 2
54940 5600 58580 6160 1 2
54960 14000 58560 14560 1 2
54960 14000 58560 14560 2 2
54940 14000 58580 14560 0 2
54940 14000 58580 14560 1 2
54980 1400 56820 1960 1 2
54980 1400 56820 1960 2 2
54960 1400 56840 1960 0 2
54960 1400 56840 1960 1 2
55620 710 56180 2650 2 2
55620 710 56180 2650 3 2
55620 760 56180 2600 1 2
55620 760 56180 2600 2 2
55020 1400 56780 1960 1 2
55020 1400 56780 1960 2 2
55000 1400 56800 1960 0 2
55000 1400 56800 1960 1 2
55620 1030 56180 18290 2 2
55620 1030 56180 18290 3 2
55620 1080 56180 18240 1 2
55620 1080 56180 18240 2 2
55620 16620 56180 18660 2 2
55620 16620 56180 18660 3 2
55620 16670 56180 18610 1 2
55620 16670 56180 18610 2 2
55650 220 56150 3140 0 2
55650 220 56150 3140 1 2
55650 4420 56150 7340 0 2
55650 4420 56150 7340 1 2
55650 6940 56150 14900 0 2
55650 6940 56150 14900 1 2
55650 15340 56150 23300 0 2
55650 15340 56150 23300 1 2
55650 22900 56150 25820 0 2
55650 22900 56150 25820 1 2
55650 27100 56150 30020 0 2
55650 27100 56150 30020 1 2
55350 16840 58170 18440 3 2
55350 16840 58170 18440 4 2
55350 16840 58170 18440 2 2
55350 16840 58170 18440 3 2
56480 15830 57040 29530 2 2
56480 15830 57040 29530 3 2
56480 15880 57040 29480 1 2
56480 15880 57040 29480 2 2
56480 16620 57040 18660 2 2
56480 16620 57040 18660 3 2
56480 16670 57040 18610 1 2
56480 16670 57040 18610 2 2
56480 16710 57040 18570 2 2
56480 16710 57040 18570 3 2
56480 16760 57040 18520 1 2
56480 16760 57040 18520 2 2
56510 6940 57010 14900 0 2
56510 6940 57010 14900 1 2
56510 15340 57010 23300 0 2
56510 15340 57010 23300 1 2
57020 14000 59940 14560 1 2
57020 14000 59940 14560 2 2
57000 14000 59960 14560 0 2
57000 14000 59960 14560 1 2
58420 14000 60260 14560 1 2
58420 14000 60260 14560 2 2
58400 14000 60280 14560 0 2
58400 14000 60280 14560 1 2
58420 19040 60260 19600 1 2
58420 19040 60260 19600 2 2
58400 19040 60280 19600 0 2
58400 19040 60280 19600 1 2
59060 13310 59620 15250 2 2
59060 13310 59620 15250 3 2
59060 13360 59620 15200 1 2
59060 13360 59620 15200 2 2
59060 13630 59620 19970 2 2
59060 13630 59620 19970 3 2
59060 13680 59620 19920 1 2
59060 13680 59620 19920 2 2
59060 18350 59620 20290 2 2
59060 18350 59620 20290 3 2
59060 18400 59620 20240 1 2
59060 18400 59620 20240 2 2
58740 19040 65100 19600 1 2
58740 19040 65100 19600 2 2
58720 19040 65120 19600 0 2
58720 19040 65120 19600 1 2
59260 13160 105860 13720 1 2
59260 13160 105860 13720 2 2
59240 13160 105880 13720 0 2
59240 13160 105880 13720 1 2
59260 24920 105860 25480 1 2
59260 24920 105860 25480 2 2
59240 24920 105880 25480 0 2
59240 24920 105880 25480 1 2
59260 28280 69740 28840 1 2
59260 28280 69740 28840 2 2
59240 28280 69760 28840 0 2
59240 28280 69760 28840 1 2
59950 6940 60450 14900 0 2
59950 6940 60450 14900 1 2
59950 18700 60450 26660 0 2
59950 18700 60450 26660 1 2
59950 27100 60450 35060 0 2
59950 27100 60450 35060 1 2
60120 1400 105000 1960 1 2
60120 1400 105000 1960 2 2
60100 1400 105020 1960 0 2
60100 1400 105020 1960 1 2
60120 5600 105000 6160 1 2
60120 5600 105000 6160 2 2
60100 5600 105020 6160 0 2
60100 5600 105020 6160 1 2
60120 14000 105000 14560 1 2
60120 14000 105000 14560 2 2
60100 14000 105020 14560 0 2
60100 14000 105020 14560 1 2
60120 17360 105000 17920 1 2
60120 17360 105000 17920 2 2
60100 17360 105020 17920 0 2
60100 17360 105020 17920 1 2
60120 25760 105000 26320 1 2
60120 25760 105000 26320 2 2
60100 25760 105020 26320 0 2
60100 25760 105020 26320 1 2
60120 27440 68880 28000 1 2
60120 27440 68880 28000 2 2
60100 27440 68900 28000 0 2
60100 27440 68900 28000 1 2
60120 35840 68880 36400 1 2
60120 35840 68880 36400 2 2
60100 35840 68900 36400 0 2
60100 35840 68900 36400 1 2
60120 40040 68880 40600 1 2
60120 40040 68880 40600 2 2
60100 40040 68900 40600 0 2
60100 40040 68900 40600 1 2
60810 220 61310 3140 0 2
60810 220 61310 3140 1 2
60810 4420 61310 7340 0 2
60810 4420 61310 7340 1 2
60810 6940 61310 14900 0 2
60810 6940 61310 14900 1 2
60810 16180 61310 19100 0 2
60810 16180 61310 19100 1 2
60810 18700 61310 26660 0 2
60810 18700 61310 26660 1 2
60810 27100 61310 35060 0 2
60810 27100 61310 35060 1 2
60810 34660 61310 37580 0 2
60810 34660 61310 37580 1 2
60810 38860 61310 41780 0 2
60810 38860 61310 41780 1 2
61670 6940 62170 14900 0 2
61670 6940 62170 14900 1 2
61670 18700 62170 26660 0 2
61670 18700 62170 26660 1 2
61670 27100 62170 35060 0 2
61670 27100 62170 35060 1 2
62530 220 63030 3140 0 2
62530 220 63030 3140 1 2
62530 4420 63030 7340 0 2
62530 4420 63030 7340 1 2
62530 6940 63030 14900 0 2
62530 6940 63030 14900 1 2
62530 16180 63030 19100 0 2
62530 16180 63030 19100 1 2
62530 18700 63030 26660 0 2
62530 18700 63030 26660 1 2
62530 27100 63030 35060 0 2
62530 27100 63030 35060 1 2
62530 34660 63030 37580 0 2
62530 34660 63030 37580 1 2
62530 38860 63030 41780 0 2
62530 38860 63030 41780 1 2
63390 6940 63890 14900 0 2
63390 6940 63890 14900 1 2
63390 18700 63890 26660 0 2
63390 18700 63890 26660 1 2
63390 27100 63890 35060 0 2
63390 27100 63890 35060 1 2
63580 19040 65420 19600 1 2
63580 19040 65420 19600 2 2
63560 19040 65440 19600 0 2
63560 19040 65440 19600 1 2
64220 18350 64780 20290 2 2
64220 18350 64780 20290 3 2
64220 18400 64780 20240 1 2
64220 18400 64780 20240 2 2
64220 18670 64780 28370 2 2
64220 18670 64780 28370 3 2
64220 18720 64780 28320 1 2
64220 18720 64780 28320 2 2
64220 26750 64780 37090 2 2
64220 26750 64780 37090 3 2
64220 26800 64780 37040 1 2
64220 26800 64780 37040 2 2
64250 220 64750 3140 0 2
64250 220 64750 3140 1 2
64250 4420 64750 7340 0 2
64250 4420 64750 7340 1 2
64250 6940 64750 14900 0 2
64250 6940 64750 14900 1 2
64250 16180 64750 19100 0 2
64250 16180 64750 19100 1 2
64250 18700 64750 26660 0 2
64250 18700 64750 26660 1 2
64250 27100 64750 35060 0 2
64250 27100 64750 35060 1 2
64250 34660 64750 37580 0 2
64250 34660 64750 37580 1 2
64250 38860 64750 41780 0 2
64250 38860 64750 41780 1 2
63900 19040 83160 19600 1 2
63900 19040 83160 19600 2 2
63880 19040 83180 19600 0 2
63880 19040 83180 19600 1 2
63950 34480 66770 36080 3 2
63950 34480 66770 36080 4 2
63950 34480 66770 36080 2 2
63950 34480 66770 36080 3 2
