1000 12720 2440 14160 0 2
1000 24480 2440 25920 0 2
1860 960 3300 2400 0 2
1860 5160 3300 6600 0 2
1860 13560 3300 15000 0 2
1860 16920 3300 18360 0 2
1860 25320 3300 26760 0 2
2720 12720 4160 14160 0 2
2720 24480 4160 25920 0 2
3580 960 5020 2400 0 2
3580 5160 5020 6600 0 2
3580 13560 5020 15000 0 2
3580 16920 5020 18360 0 2
3580 25320 5020 26760 0 2
4440 12720 5880 14160 0 2
4440 24480 5880 25920 0 2
5300 960 6740 2400 0 2
5300 5160 6740 6600 0 2
5300 13560 6740 15000 0 2
5300 16920 6740 18360 0 2
5300 25320 6740 26760 0 2
6160 12720 7600 14160 0 2
6160 24480 7600 25920 0 2
7020 960 8460 2400 0 2
7020 5160 8460 6600 0 2
7020 13560 8460 15000 0 2
7020 16920 8460 18360 0 2
7020 25320 8460 26760 0 2
7880 12720 9320 14160 0 2
7880 24480 9320 25920 0 2
8740 960 10180 2400 0 2
8740 5160 10180 6600 0 2
8740 13560 10180 15000 0 2
8740 16920 10180 18360 0 2
8740 25320 10180 26760 0 2
9600 12720 11040 14160 0 2
9600 24480 11040 25920 0 2
9600 27840 11040 29280 0 2
10460 960 11900 2400 0 2
10460 5160 11900 6600 0 2
10460 13560 11900 15000 0 2
10460 16920 11900 18360 0 2
10460 25320 11900 26760 0 2
10460 27000 11900 28440 0 2
10460 35400 11900 36840 0 2
10460 39600 11900 41040 0 2
11320 12720 12760 14160 0 2
11320 24480 12760 25920 0 2
11320 27840 12760 29280 0 2
12180 960 13620 2400 0 2
12180 5160 13620 6600 0 2
12180 13560 13620 15000 0 2
12180 16920 13620 18360 0 2
12180 25320 13620 26760 0 2
12180 27000 13620 28440 0 2
12180 35400 13620 36840 0 2
12180 39600 13620 41040 0 2
13040 12720 14480 14160 0 2
13040 24480 14480 25920 0 2
13040 27840 14480 29280 0 2
13900 960 15340 2400 0 2
13900 5160 15340 6600 0 2
13900 13560 15340 15000 0 2
13900 16920 15340 18360 0 2
13900 25320 15340 26760 0 2
13900 27000 15340 28440 0 2
13900 35400 15340 36840 0 2
13900 39600 15340 41040 0 2
14760 12720 16200 14160 0 2
14760 24480 16200 25920 0 2
14760 27840 16200 29280 0 2
15620 960 17060 2400 0 2
15620 5160 17060 6600 0 2
15620 13560 17060 15000 0 2
15620 16920 17060 18360 0 2
15620 25320 17060 26760 0 2
15620 27000 17060 28440 0 2
15620 35400 17060 36840 0 2
15620 39600 17060 41040 0 2
16480 12720 17920 14160 0 2
16480 24480 17920 25920 0 2
16480 27840 17920 29280 0 2
17340 960 18780 2400 0 2
17340 5160 18780 6600 0 2
17340 13560 18780 15000 0 2
17340 16920 18780 18360 0 2
17340 25320 18780 26760 0 2
17340 27000 18780 28440 0 2
17340 35400 18780 36840 0 2
17340 39600 18780 41040 0 2
18200 12720 19640 14160 0 2
18200 24480 19640 25920 0 2
18200 27840 19640 29280 0 2
19060 960 20500 2400 0 2
19060 5160 20500 6600 0 2
19060 13560 20500 15000 0 2
19060 16920 20500 18360 0 2
19060 25320 20500 26760 0 2
19060 27000 20500 28440 0 2
19060 35400 20500 36840 0 2
19060 39600 20500 41040 0 2
19920 12720 21360 14160 0 2
19920 24480 21360 25920 0 2
19920 27840 21360 29280 0 2
20780 960 22220 2400 0 2
20780 5160 22220 6600 0 2
20780 13560 22220 15000 0 2
20780 16920 22220 18360 0 2
20780 25320 22220 26760 0 2
20780 27000 22220 28440 0 2
20780 35400 22220 36840 0 2
20780 39600 22220 41040 0 2
21640 12720 23080 14160 0 2
21640 24480 23080 25920 0 2
21640 27840 23080 29280 0 2
22500 960 23940 2400 0 2
22500 5160 23940 6600 0 2
22500 13560 23940 15000 0 2
22500 16920 23940 18360 0 2
22500 25320 23940 26760 0 2
22500 27000 23940 28440 0 2
22500 35400 23940 36840 0 2
22500 39600 23940 41040 0 2
23360 12720 24800 14160 0 2
23360 24480 24800 25920 0 2
23360 27840 24800 29280 0 2
24220 960 25660 2400 0 2
24220 5160 25660 6600 0 2
24220 13560 25660 15000 0 2
24220 16920 25660 18360 0 2
24220 25320 25660 26760 0 2
24220 27000 25660 28440 0 2
24220 35400 25660 36840 0 2
24220 39600 25660 41040 0 2
25080 12720 26520 14160 0 2
25080 24480 26520 25920 0 2
25080 27840 26520 29280 0 2
25940 960 27380 2400 0 2
25940 5160 27380 6600 0 2
25940 13560 27380 15000 0 2
25940 16920 27380 18360 0 2
25940 25320 27380 26760 0 2
25940 27000 27380 28440 0 2
25940 35400 27380 36840 0 2
25940 39600 27380 41040 0 2
26800 12720 28240 14160 0 2
26800 24480 28240 25920 0 2
26800 27840 28240 29280 0 2
27660 960 29100 2400 0 2
27660 5160 29100 6600 0 2
27660 13560 29100 15000 0 2
27660 16920 29100 18360 0 2
27660 25320 29100 26760 0 2
27660 27000 29100 28440 0 2
27660 35400 29100 36840 0 2
27660 39600 29100 41040 0 2
28520 12720 29960 14160 0 2
28520 24480 29960 25920 0 2
28520 27840 29960 29280 0 2
29380 960 30820 2400 0 2
29380 5160 30820 6600 0 2
29380 13560 30820 15000 0 2
29380 16920 30820 18360 0 2
29380 25320 30820 26760 0 2
29380 27000 30820 28440 0 2
29380 35400 30820 36840 0 2
29380 39600 30820 41040 0 2
30240 12720 31680 14160 0 2
30240 24480 31680 25920 0 2
30240 27840 31680 29280 0 2
31100 960 32540 2400 0 2
31100 5160 32540 6600 0 2
31100 13560 32540 15000 0 2
31100 16920 32540 18360 0 2
31100 25320 32540 26760 0 2
31100 27000 32540 28440 0 2
31100 35400 32540 36840 0 2
31100 39600 32540 41040 0 2
31960 12720 33400 14160 0 2
31960 24480 33400 25920 0 2
31960 27840 33400 29280 0 2
32820 960 34260 2400 0 2
32820 5160 34260 6600 0 2
32820 13560 34260 15000 0 2
32820 16920 34260 18360 0 2
32820 25320 34260 26760 0 2
32820 27000 34260 28440 0 2
32820 35400 34260 36840 0 2
32820 39600 34260 41040 0 2
33680 12720 35120 14160 0 2
33680 24480 35120 25920 0 2
33680 27840 35120 29280 0 2
34540 960 35980 2400 0 2
34540 5160 35980 6600 0 2
34540 13560 35980 15000 0 2
34540 16920 35980 18360 0 2
34540 25320 35980 26760 0 2
35400 12720 36840 14160 0 2
35400 24480 36840 25920 0 2
36260 960 37700 2400 0 2
36260 5160 37700 6600 0 2
36260 13560 37700 15000 0 2
36260 16920 37700 18360 0 2
36260 25320 37700 26760 0 2
37120 12720 38560 14160 0 2
37120 24480 38560 25920 0 2
37120 27840 38560 29280 0 2
37980 960 39420 2400 0 2
37980 5160 39420 6600 0 2
37980 13560 39420 15000 0 2
37980 16920 39420 18360 0 2
37980 25320 39420 26760 0 2
37980 27000 39420 28440 0 2
37980 35400 39420 36840 0 2
37980 39600 39420 41040 0 2
38840 12720 40280 14160 0 2
38840 24480 40280 25920 0 2
38840 27840 40280 29280 0 2
39700 960 41140 2400 0 2
39700 5160 41140 6600 0 2
39700 13560 41140 15000 0 2
39700 16920 41140 18360 0 2
39700 25320 41140 26760 0 2
39700 27000 41140 28440 0 2
39700 35400 41140 36840 0 2
39700 39600 41140 41040 0 2
40560 12720 42000 14160 0 2
40560 24480 42000 25920 0 2
40560 27840 42000 29280 0 2
41420 960 42860 2400 0 2
41420 5160 42860 6600 0 2
41420 13560 42860 15000 0 2
41420 16920 42860 18360 0 2
41420 25320 42860 26760 0 2
41420 27000 42860 28440 0 2
41420 35400 42860 36840 0 2
41420 39600 42860 41040 0 2
42280 12720 43720 14160 0 2
42280 24480 43720 25920 0 2
42280 27840 43720 29280 0 2
43140 960 44580 2400 0 2
43140 5160 44580 6600 0 2
43140 13560 44580 15000 0 2
43140 16920 44580 18360 0 2
43140 25320 44580 26760 0 2
43140 27000 44580 28440 0 2
43140 35400 44580 36840 0 2
43140 39600 44580 41040 0 2
44000 12720 45440 14160 0 2
44000 24480 45440 25920 0 2
44000 27840 45440 29280 0 2
44860 960 46300 2400 0 2
44860 5160 46300 6600 0 2
44860 13560 46300 15000 0 2
44860 16920 46300 18360 0 2
44860 25320 46300 26760 0 2
44860 27000 46300 28440 0 2
44860 35400 46300 36840 0 2
44860 39600 46300 41040 0 2
45720 12720 47160 14160 0 2
45720 24480 47160 25920 0 2
45720 27840 47160 29280 0 2
46580 13560 48020 15000 0 2
46580 14400 48020 15840 0 2
49160 12720 50600 14160 0 2
49160 16080 50600 17520 0 2
50020 960 51460 2400 0 2
50020 5160 51460 6600 0 2
50020 13560 51460 15000 0 2
50020 15240 51460 16680 0 2
50020 23640 51460 25080 0 2
50020 27840 51460 29280 0 2
50880 12720 52320 14160 0 2
50880 16080 52320 17520 0 2
53460 22800 54900 24240 0 2
53460 23640 54900 25080 0 2
54320 12720 55760 14160 0 2
54320 16080 55760 17520 0 2
55180 960 56620 2400 0 2
55180 5160 56620 6600 0 2
55180 13560 56620 15000 0 2
55180 15240 56620 16680 0 2
55180 23640 56620 25080 0 2
55180 27840 56620 29280 0 2
56040 12720 57480 14160 0 2
56040 16080 57480 17520 0 2
59480 12720 60920 14160 0 2
59480 24480 60920 25920 0 2
59480 27840 60920 29280 0 2
60340 960 61780 2400 0 2
60340 5160 61780 6600 0 2
60340 13560 61780 15000 0 2
60340 16920 61780 18360 0 2
60340 25320 61780 26760 0 2
60340 27000 61780 28440 0 2
60340 35400 61780 36840 0 2
60340 39600 61780 41040 0 2
61200 12720 62640 14160 0 2
61200 24480 62640 25920 0 2
61200 27840 62640 29280 0 2
62060 960 63500 2400 0 2
62060 5160 63500 6600 0 2
62060 13560 63500 15000 0 2
62060 16920 63500 18360 0 2
62060 25320 63500 26760 0 2
62060 27000 63500 28440 0 2
62060 35400 63500 36840 0 2
62060 39600 63500 41040 0 2
62920 12720 64360 14160 0 2
62920 24480 64360 25920 0 2
62920 27840 64360 29280 0 2
63780 960 65220 2400 0 2
63780 5160 65220 6600 0 2
63780 13560 65220 15000 0 2
63780 16920 65220 18360 0 2
63780 25320 65220 26760 0 2
63780 27000 65220 28440 0 2
63780 35400 65220 36840 0 2
63780 39600 65220 41040 0 2
64640 12720 66080 14160 0 2
64640 24480 66080 25920 0 2
64640 27840 66080 29280 0 2
65500 960 66940 2400 0 2
65500 5160 66940 6600 0 2
65500 13560 66940 15000 0 2
65500 16920 66940 18360 0 2
65500 25320 66940 26760 0 2
65500 27000 66940 28440 0 2
65500 35400 66940 36840 0 2
65500 39600 66940 41040 0 2
66360 12720 67800 14160 0 2
66360 24480 67800 25920 0 2
66360 27840 67800 29280 0 2
67220 960 68660 2400 0 2
67220 5160 68660 6600 0 2
67220 13560 68660 15000 0 2
67220 16920 68660 18360 0 2
67220 25320 68660 26760 0 2
67220 27000 68660 28440 0 2
67220 35400 68660 36840 0 2
67220 39600 68660 41040 0 2
68080 12720 69520 14160 0 2
68080 24480 69520 25920 0 2
68080 27840 69520 29280 0 2
68940 960 70380 2400 0 2
68940 5160 70380 6600 0 2
68940 13560 70380 15000 0 2
68940 16920 70380 18360 0 2
68940 25320 70380 26760 0 2
69800 12720 71240 14160 0 2
69800 24480 71240 25920 0 2
70660 960 72100 2400 0 2
70660 5160 72100 6600 0 2
70660 13560 72100 15000 0 2
70660 16920 72100 18360 0 2
70660 25320 72100 26760 0 2
71520 12720 72960 14160 0 2
71520 24480 72960 25920 0 2
71520 27840 72960 29280 0 2
72380 960 73820 2400 0 2
72380 5160 73820 6600 0 2
72380 13560 73820 15000 0 2
72380 16920 73820 18360 0 2
72380 25320 73820 26760 0 2
72380 27000 73820 28440 0 2
72380 35400 73820 36840 0 2
72380 39600 73820 41040 0 2
73240 12720 74680 14160 0 2
73240 24480 74680 25920 0 2
73240 27840 74680 29280 0 2
74100 960 75540 2400 0 2
74100 5160 75540 6600 0 2
74100 13560 75540 15000 0 2
74100 16920 75540 18360 0 2
74100 25320 75540 26760 0 2
74100 27000 75540 28440 0 2
74100 35400 75540 36840 0 2
74100 39600 75540 41040 0 2
74960 12720 76400 14160 0 2
74960 24480 76400 25920 0 2
74960 27840 76400 29280 0 2
75820 960 77260 2400 0 2
75820 5160 77260 6600 0 2
75820 13560 77260 15000 0 2
75820 16920 77260 18360 0 2
75820 25320 77260 26760 0 2
75820 27000 77260 28440 0 2
75820 35400 77260 36840 0 2
75820 39600 77260 41040 0 2
76680 12720 78120 14160 0 2
76680 24480 78120 25920 0 2
76680 27840 78120 29280 0 2
77540 960 78980 2400 0 2
77540 5160 78980 6600 0 2
77540 13560 78980 15000 0 2
77540 16920 78980 18360 0 2
77540 25320 78980 26760 0 2
77540 27000 78980 28440 0 2
77540 35400 78980 36840 0 2
77540 39600 78980 41040 0 2
78400 12720 79840 14160 0 2
78400 24480 79840 25920 0 2
78400 27840 79840 29280 0 2
79260 960 80700 2400 0 2
79260 5160 80700 6600 0 2
79260 13560 80700 15000 0 2
79260 16920 80700 18360 0 2
79260 25320 80700 26760 0 2
79260 27000 80700 28440 0 2
79260 35400 80700 36840 0 2
79260 39600 80700 41040 0 2
80120 12720 81560 14160 0 2
80120 24480 81560 25920 0 2
80120 27840 81560 29280 0 2
80980 960 82420 2400 0 2
80980 5160 82420 6600 0 2
80980 13560 82420 15000 0 2
80980 16920 82420 18360 0 2
80980 25320 82420 26760 0 2
80980 27000 82420 28440 0 2
80980 35400 82420 36840 0 2
80980 39600 82420 41040 0 2
81840 12720 83280 14160 0 2
81840 24480 83280 25920 0 2
81840 27840 83280 29280 0 2
82700 960 84140 2400 0 2
82700 5160 84140 6600 0 2
82700 13560 84140 15000 0 2
82700 16920 84140 18360 0 2
82700 25320 84140 26760 0 2
82700 27000 84140 28440 0 2
82700 35400 84140 36840 0 2
82700 39600 84140 41040 0 2
83560 12720 85000 14160 0 2
83560 24480 85000 25920 0 2
83560 27840 85000 29280 0 2
84420 960 85860 2400 0 2
84420 5160 85860 6600 0 2
84420 13560 85860 15000 0 2
84420 16920 85860 18360 0 2
84420 25320 85860 26760 0 2
84420 27000 85860 28440 0 2
84420 35400 85860 36840 0 2
84420 39600 85860 41040 0 2
85280 12720 86720 14160 0 2
85280 24480 86720 25920 0 2
85280 27840 86720 29280 0 2
86140 960 87580 2400 0 2
86140 5160 87580 6600 0 2
86140 13560 87580 15000 0 2
86140 16920 87580 18360 0 2
86140 25320 87580 26760 0 2
86140 27000 87580 28440 0 2
86140 35400 87580 36840 0 2
86140 39600 87580 41040 0 2
87000 12720 88440 14160 0 2
87000 24480 88440 25920 0 2
87000 27840 88440 29280 0 2
87860 960 89300 2400 0 2
87860 5160 89300 6600 0 2
87860 13560 89300 15000 0 2
87860 16920 89300 18360 0 2
87860 25320 89300 26760 0 2
87860 27000 89300 28440 0 2
87860 35400 89300 36840 0 2
87860 39600 89300 41040 0 2
88720 12720 90160 14160 0 2
88720 24480 90160 25920 0 2
88720 27840 90160 29280 0 2
89580 960 91020 2400 0 2
89580 5160 91020 6600 0 2
89580 13560 91020 15000 0 2
89580 16920 91020 18360 0 2
89580 25320 91020 26760 0 2
89580 27000 91020 28440 0 2
89580 35400 91020 36840 0 2
89580 39600 91020 41040 0 2
90440 12720 91880 14160 0 2
90440 24480 91880 25920 0 2
90440 27840 91880 29280 0 2
91300 960 92740 2400 0 2
91300 5160 92740 6600 0 2
91300 13560 92740 15000 0 2
91300 16920 92740 18360 0 2
91300 25320 92740 26760 0 2
91300 27000 92740 28440 0 2
91300 35400 92740 36840 0 2
91300 39600 92740 41040 0 2
92160 12720 93600 14160 0 2
92160 24480 93600 25920 0 2
92160 27840 93600 29280 0 2
93020 960 94460 2400 0 2
93020 5160 94460 6600 0 2
93020 13560 94460 15000 0 2
93020 16920 94460 18360 0 2
93020 25320 94460 26760 0 2
93020 27000 94460 28440 0 2
93020 35400 94460 36840 0 2
93020 39600 94460 41040 0 2
93880 12720 95320 14160 0 2
93880 24480 95320 25920 0 2
93880 27840 95320 29280 0 2
94740 960 96180 2400 0 2
94740 5160 96180 6600 0 2
94740 13560 96180 15000 0 2
94740 16920 96180 18360 0 2
94740 25320 96180 26760 0 2
94740 27000 96180 28440 0 2
94740 35400 96180 36840 0 2
94740 39600 96180 41040 0 2
95600 12720 97040 14160 0 2
95600 24480 97040 25920 0 2
95600 27840 97040 29280 0 2
96460 960 97900 2400 0 2
96460 5160 97900 6600 0 2
96460 13560 97900 15000 0 2
96460 16920 97900 18360 0 2
96460 25320 97900 26760 0 2
97320 12720 98760 14160 0 2
97320 24480 98760 25920 0 2
98180 960 99620 2400 0 2
98180 5160 99620 6600 0 2
98180 13560 99620 15000 0 2
98180 16920 99620 18360 0 2
98180 25320 99620 26760 0 2
99040 12720 100480 14160 0 2
99040 24480 100480 25920 0 2
99900 960 101340 2400 0 2
99900 5160 101340 6600 0 2
99900 13560 101340 15000 0 2
99900 16920 101340 18360 0 2
99900 25320 101340 26760 0 2
100760 12720 102200 14160 0 2
100760 24480 102200 25920 0 2
101620 960 103060 2400 0 2
101620 5160 103060 6600 0 2
101620 13560 103060 15000 0 2
101620 16920 103060 18360 0 2
101620 25320 103060 26760 0 2
102480 12720 103920 14160 0 2
102480 24480 103920 25920 0 2
103340 960 104780 2400 0 2
103340 5160 104780 6600 0 2
103340 13560 104780 15000 0 2
103340 16920 104780 18360 0 2
103340 25320 104780 26760 0 2
104200 12720 105640 14160 0 2
104200 24480 105640 25920 0 2
20860 27920 22140 29200 1 2
20860 39680 22140 40960 1 2
22580 1040 23860 2320 1 2
22580 12800 23860 14080 1 2
22580 24560 23860 25840 1 2
23440 5240 24720 6520 1 2
23440 14480 24720 15760 1 2
23440 17000 24720 18280 1 2
24300 13640 25580 14920 1 2
24300 25400 25580 26680 1 2
24300 27080 25580 28360 1 2
36340 34640 37620 35920 1 2
36340 35480 37620 36760 1 2
40640 27920 41920 29200 1 2
40640 39680 41920 40960 1 2
41500 14480 42780 15760 1 2
41500 27080 42780 28360 1 2
41500 35480 42780 36760 1 2
49240 16160 50520 17440 1 2
49240 27920 50520 29200 1 2
50100 15320 51380 16600 1 2
50100 22880 51380 24160 1 2
50100 23720 51380 25000 1 2
56120 16160 57400 17440 1 2
56120 27920 57400 29200 1 2
58700 13640 59980 14920 1 2
58700 18680 59980 19960 1 2
63860 18680 65140 19960 1 2
63860 27080 65140 28360 1 2
63860 35480 65140 36760 1 2
64720 27920 66000 29200 1 2
64720 39680 66000 40960 1 2
81060 13640 82340 14920 1 2
81060 25400 82340 26680 1 2
81920 5240 83200 6520 1 2
81920 17000 83200 18280 1 2
81920 18680 83200 19960 1 2
82780 1040 84060 2320 1 2
82780 12800 84060 14080 1 2
82780 24560 84060 25840 1 2
83640 27080 84920 28360 1 2
83640 34640 84920 35920 1 2
83640 35480 84920 36760 1 2
84500 27920 85780 29200 1 2
84500 39680 85780 40960 1 2
80900 26920 82500 28520 2 2
83480 26920 85080 28520 2 2
