310 246160 3130 247760 3 2
310 246160 3130 247760 4 2
310 246160 3130 247760 2 2
310 246160 3130 247760 3 2
780 113960 7820 114520 1 2
780 113960 7820 114520 2 2
760 113960 7840 114520 0 2
760 113960 7840 114520 1 2
780 129080 4380 129640 1 2
780 129080 4380 129640 2 2
760 129080 4400 129640 0 2
760 129080 4400 129640 1 2
780 140840 4380 141400 1 2
780 140840 4380 141400 2 2
760 140840 4400 141400 0 2
760 140840 4400 141400 1 2
780 152600 4380 153160 1 2
780 152600 4380 153160 2 2
760 152600 4400 153160 0 2
760 152600 4400 153160 1 2
780 164360 4380 164920 1 2
780 164360 4380 164920 2 2
760 164360 4400 164920 0 2
760 164360 4400 164920 1 2
780 176120 4380 176680 1 2
780 176120 4380 176680 2 2
760 176120 4400 176680 0 2
760 176120 4400 176680 1 2
780 187880 4380 188440 1 2
780 187880 4380 188440 2 2
760 187880 4400 188440 0 2
760 187880 4400 188440 1 2
780 199640 4380 200200 1 2
780 199640 4380 200200 2 2
760 199640 4400 200200 0 2
760 199640 4400 200200 1 2
780 211400 4380 211960 1 2
780 211400 4380 211960 2 2
760 211400 4400 211960 0 2
760 211400 4400 211960 1 2
780 223160 4380 223720 1 2
780 223160 4380 223720 2 2
760 223160 4400 223720 0 2
760 223160 4400 223720 1 2
780 234920 4380 235480 1 2
780 234920 4380 235480 2 2
760 234920 4400 235480 0 2
760 234920 4400 235480 1 2
780 246680 4380 247240 1 2
780 246680 4380 247240 2 2
760 246680 4400 247240 0 2
760 246680 4400 247240 1 2
780 258440 4380 259000 1 2
780 258440 4380 259000 2 2
760 258440 4400 259000 0 2
760 258440 4400 259000 1 2
780 270200 4380 270760 1 2
780 270200 4380 270760 2 2
760 270200 4400 270760 0 2
760 270200 4400 270760 1 2
780 281960 4380 282520 1 2
780 281960 4380 282520 2 2
760 281960 4400 282520 0 2
760 281960 4400 282520 1 2
780 293720 4380 294280 1 2
780 293720 4380 294280 2 2
760 293720 4400 294280 0 2
760 293720 4400 294280 1 2
780 305480 4380 306040 1 2
780 305480 4380 306040 2 2
760 305480 4400 306040 0 2
760 305480 4400 306040 1 2
780 317240 4380 317800 1 2
780 317240 4380 317800 2 2
760 317240 4400 317800 0 2
760 317240 4400 317800 1 2
780 329000 4380 329560 1 2
780 329000 4380 329560 2 2
760 329000 4400 329560 0 2
760 329000 4400 329560 1 2
780 340760 4380 341320 1 2
780 340760 4380 341320 2 2
760 340760 4400 341320 0 2
760 340760 4400 341320 1 2
780 352520 4380 353080 1 2
780 352520 4380 353080 2 2
760 352520 4400 353080 0 2
760 352520 4400 353080 1 2
780 364280 4380 364840 1 2
780 364280 4380 364840 2 2
760 364280 4400 364840 0 2
760 364280 4400 364840 1 2
780 376040 4380 376600 1 2
780 376040 4380 376600 2 2
760 376040 4400 376600 0 2
760 376040 4400 376600 1 2
780 387800 4380 388360 1 2
780 387800 4380 388360 2 2
760 387800 4400 388360 0 2
760 387800 4400 388360 1 2
780 399560 4380 400120 1 2
780 399560 4380 400120 2 2
760 399560 4400 400120 0 2
760 399560 4400 400120 1 2
780 411320 4380 411880 1 2
780 411320 4380 411880 2 2
760 411320 4400 411880 0 2
760 411320 4400 411880 1 2
780 423080 4380 423640 1 2
780 423080 4380 423640 2 2
760 423080 4400 423640 0 2
760 423080 4400 423640 1 2
780 246160 2660 247760 3 2
780 246160 2660 247760 4 2
780 246160 2660 247760 2 2
780 246160 2660 247760 3 2
1440 245940 2000 247980 2 2
1440 245940 2000 247980 3 2
1440 245990 2000 247930 1 2
1440 245990 2000 247930 2 2
1440 246030 2000 247890 2 2
1440 246030 2000 247890 3 2
1440 246080 2000 247840 1 2
1440 246080 2000 247840 2 2
1470 112780 1970 120740 0 2
1470 112780 1970 120740 1 2
1470 134620 1970 142580 0 2
1470 134620 1970 142580 1 2
1470 146380 1970 154340 0 2
1470 146380 1970 154340 1 2
1470 158140 1970 166100 0 2
1470 158140 1970 166100 1 2
1470 169900 1970 177860 0 2
1470 169900 1970 177860 1 2
1470 181660 1970 189620 0 2
1470 181660 1970 189620 1 2
1470 193420 1970 201380 0 2
1470 193420 1970 201380 1 2
1470 205180 1970 213140 0 2
1470 205180 1970 213140 1 2
1470 216940 1970 224900 0 2
1470 216940 1970 224900 1 2
1470 228700 1970 236660 0 2
1470 228700 1970 236660 1 2
1470 240460 1970 248420 0 2
1470 240460 1970 248420 1 2
1470 252220 1970 260180 0 2
1470 252220 1970 260180 1 2
1470 263980 1970 271940 0 2
1470 263980 1970 271940 1 2
1470 275740 1970 283700 0 2
1470 275740 1970 283700 1 2
1470 287500 1970 295460 0 2
1470 287500 1970 295460 1 2
1470 299260 1970 307220 0 2
1470 299260 1970 307220 1 2
1470 311020 1970 318980 0 2
1470 311020 1970 318980 1 2
1470 322780 1970 330740 0 2
1470 322780 1970 330740 1 2
1470 334540 1970 342500 0 2
1470 334540 1970 342500 1 2
1470 346300 1970 354260 0 2
1470 346300 1970 354260 1 2
1470 358060 1970 366020 0 2
1470 358060 1970 366020 1 2
1470 369820 1970 377780 0 2
1470 369820 1970 377780 1 2
1470 381580 1970 389540 0 2
1470 381580 1970 389540 1 2
1470 393340 1970 401300 0 2
1470 393340 1970 401300 1 2
1470 405100 1970 413060 0 2
1470 405100 1970 413060 1 2
1470 416860 1970 424820 0 2
1470 416860 1970 424820 1 2
1640 110600 8680 111160 1 2
1640 110600 8680 111160 2 2
1620 110600 8700 111160 0 2
1620 110600 8700 111160 1 2
1640 113120 6960 113680 1 2
1640 113120 6960 113680 2 2
1620 113120 6980 113680 0 2
1620 113120 6980 113680 1 2
1640 121520 6960 122080 1 2
1640 121520 6960 122080 2 2
1620 121520 6980 122080 0 2
1620 121520 6980 122080 1 2
1640 125720 6960 126280 1 2
1640 125720 6960 126280 2 2
1620 125720 6980 126280 0 2
1620 125720 6980 126280 1 2
1640 133280 5240 133840 1 2
1640 133280 5240 133840 2 2
1620 133280 5260 133840 0 2
1620 133280 5260 133840 1 2
1640 141680 5240 142240 1 2
1640 141680 5240 142240 2 2
1620 141680 5260 142240 0 2
1620 141680 5260 142240 1 2
1640 145040 5240 145600 1 2
1640 145040 5240 145600 2 2
1620 145040 5260 145600 0 2
1620 145040 5260 145600 1 2
1640 153440 5240 154000 1 2
1640 153440 5240 154000 2 2
1620 153440 5260 154000 0 2
1620 153440 5260 154000 1 2
1640 156800 5240 157360 1 2
1640 156800 5240 157360 2 2
1620 156800 5260 157360 0 2
1620 156800 5260 157360 1 2
1640 165200 5240 165760 1 2
1640 165200 5240 165760 2 2
1620 165200 5260 165760 0 2
1620 165200 5260 165760 1 2
1640 168560 5240 169120 1 2
1640 168560 5240 169120 2 2
1620 168560 5260 169120 0 2
1620 168560 5260 169120 1 2
1640 176960 5240 177520 1 2
1640 176960 5240 177520 2 2
1620 176960 5260 177520 0 2
1620 176960 5260 177520 1 2
1640 180320 5240 180880 1 2
1640 180320 5240 180880 2 2
1620 180320 5260 180880 0 2
1620 180320 5260 180880 1 2
1640 188720 5240 189280 1 2
1640 188720 5240 189280 2 2
1620 188720 5260 189280 0 2
1620 188720 5260 189280 1 2
1640 192080 5240 192640 1 2
1640 192080 5240 192640 2 2
1620 192080 5260 192640 0 2
1620 192080 5260 192640 1 2
1640 200480 5240 201040 1 2
1640 200480 5240 201040 2 2
1620 200480 5260 201040 0 2
1620 200480 5260 201040 1 2
1640 203840 5240 204400 1 2
1640 203840 5240 204400 2 2
1620 203840 5260 204400 0 2
1620 203840 5260 204400 1 2
1640 212240 5240 212800 1 2
1640 212240 5240 212800 2 2
1620 212240 5260 212800 0 2
1620 212240 5260 212800 1 2
1640 215600 5240 216160 1 2
1640 215600 5240 216160 2 2
1620 215600 5260 216160 0 2
1620 215600 5260 216160 1 2
1640 224000 5240 224560 1 2
1640 224000 5240 224560 2 2
1620 224000 5260 224560 0 2
1620 224000 5260 224560 1 2
1640 227360 5240 227920 1 2
1640 227360 5240 227920 2 2
1620 227360 5260 227920 0 2
1620 227360 5260 227920 1 2
1640 235760 5240 236320 1 2
1640 235760 5240 236320 2 2
1620 235760 5260 236320 0 2
1620 235760 5260 236320 1 2
1640 239120 5240 239680 1 2
1640 239120 5240 239680 2 2
1620 239120 5260 239680 0 2
1620 239120 5260 239680 1 2
1640 247520 5240 248080 1 2
1640 247520 5240 248080 2 2
1620 247520 5260 248080 0 2
1620 247520 5260 248080 1 2
1640 250880 5240 251440 1 2
1640 250880 5240 251440 2 2
1620 250880 5260 251440 0 2
1620 250880 5260 251440 1 2
1640 259280 5240 259840 1 2
1640 259280 5240 259840 2 2
1620 259280 5260 259840 0 2
1620 259280 5260 259840 1 2
1640 262640 5240 263200 1 2
1640 262640 5240 263200 2 2
1620 262640 5260 263200 0 2
1620 262640 5260 263200 1 2
1640 271040 5240 271600 1 2
1640 271040 5240 271600 2 2
1620 271040 5260 271600 0 2
1620 271040 5260 271600 1 2
1640 274400 5240 274960 1 2
1640 274400 5240 274960 2 2
1620 274400 5260 274960 0 2
1620 274400 5260 274960 1 2
1640 282800 5240 283360 1 2
1640 282800 5240 283360 2 2
1620 282800 5260 283360 0 2
1620 282800 5260 283360 1 2
1640 286160 5240 286720 1 2
1640 286160 5240 286720 2 2
1620 286160 5260 286720 0 2
1620 286160 5260 286720 1 2
1640 294560 5240 295120 1 2
1640 294560 5240 295120 2 2
1620 294560 5260 295120 0 2
1620 294560 5260 295120 1 2
1640 297920 5240 298480 1 2
1640 297920 5240 298480 2 2
1620 297920 5260 298480 0 2
1620 297920 5260 298480 1 2
1640 306320 5240 306880 1 2
1640 306320 5240 306880 2 2
1620 306320 5260 306880 0 2
1620 306320 5260 306880 1 2
1640 309680 5240 310240 1 2
1640 309680 5240 310240 2 2
1620 309680 5260 310240 0 2
1620 309680 5260 310240 1 2
1640 318080 5240 318640 1 2
1640 318080 5240 318640 2 2
1620 318080 5260 318640 0 2
1620 318080 5260 318640 1 2
1640 321440 5240 322000 1 2
1640 321440 5240 322000 2 2
1620 321440 5260 322000 0 2
1620 321440 5260 322000 1 2
1640 329840 5240 330400 1 2
1640 329840 5240 330400 2 2
1620 329840 5260 330400 0 2
1620 329840 5260 330400 1 2
1640 333200 5240 333760 1 2
1640 333200 5240 333760 2 2
1620 333200 5260 333760 0 2
1620 333200 5260 333760 1 2
1640 341600 5240 342160 1 2
1640 341600 5240 342160 2 2
1620 341600 5260 342160 0 2
1620 341600 5260 342160 1 2
1640 344960 5240 345520 1 2
1640 344960 5240 345520 2 2
1620 344960 5260 345520 0 2
1620 344960 5260 345520 1 2
1640 353360 5240 353920 1 2
1640 353360 5240 353920 2 2
1620 353360 5260 353920 0 2
1620 353360 5260 353920 1 2
1640 356720 5240 357280 1 2
1640 356720 5240 357280 2 2
1620 356720 5260 357280 0 2
1620 356720 5260 357280 1 2
1640 365120 5240 365680 1 2
1640 365120 5240 365680 2 2
1620 365120 5260 365680 0 2
1620 365120 5260 365680 1 2
1640 368480 5240 369040 1 2
1640 368480 5240 369040 2 2
1620 368480 5260 369040 0 2
1620 368480 5260 369040 1 2
1640 376880 5240 377440 1 2
1640 376880 5240 377440 2 2
1620 376880 5260 377440 0 2
1620 376880 5260 377440 1 2
1640 380240 5240 380800 1 2
1640 380240 5240 380800 2 2
1620 380240 5260 380800 0 2
1620 380240 5260 380800 1 2
1640 388640 5240 389200 1 2
1640 388640 5240 389200 2 2
1620 388640 5260 389200 0 2
1620 388640 5260 389200 1 2
1640 392000 5240 392560 1 2
1640 392000 5240 392560 2 2
1620 392000 5260 392560 0 2
1620 392000 5260 392560 1 2
1640 400400 5240 400960 1 2
1640 400400 5240 400960 2 2
1620 400400 5260 400960 0 2
1620 400400 5260 400960 1 2
1640 403760 5240 404320 1 2
1640 403760 5240 404320 2 2
1620 403760 5260 404320 0 2
1620 403760 5260 404320 1 2
1640 412160 5240 412720 1 2
1640 412160 5240 412720 2 2
1620 412160 5260 412720 0 2
1620 412160 5260 412720 1 2
1640 415520 5240 416080 1 2
1640 415520 5240 416080 2 2
1620 415520 5260 416080 0 2
1620 415520 5260 416080 1 2
1640 423920 5240 424480 1 2
1640 423920 5240 424480 2 2
1620 423920 5260 424480 0 2
1620 423920 5260 424480 1 2
1640 132760 3520 134360 3 2
1640 132760 3520 134360 4 2
1640 132760 3520 134360 2 2
1640 132760 3520 134360 3 2
2300 132540 2860 134580 2 2
2300 132540 2860 134580 3 2
2300 132590 2860 134530 1 2
2300 132590 2860 134530 2 2
2300 132590 2860 416770 2 2
2300 132590 2860 416770 3 2
2300 132640 2860 416720 1 2
2300 132640 2860 416720 2 2
2330 104380 2830 112340 0 2
2330 104380 2830 112340 1 2
2330 112780 2830 120740 0 2
2330 112780 2830 120740 1 2
2330 120340 2830 123260 0 2
2330 120340 2830 123260 1 2
2330 124540 2830 127460 0 2
2330 124540 2830 127460 1 2
2330 127900 2830 130820 0 2
2330 127900 2830 130820 1 2
2330 132100 2830 135020 0 2
2330 132100 2830 135020 1 2
2330 134620 2830 142580 0 2
2330 134620 2830 142580 1 2
2330 143860 2830 146780 0 2
2330 143860 2830 146780 1 2
2330 146380 2830 154340 0 2
2330 146380 2830 154340 1 2
2330 155620 2830 158540 0 2
2330 155620 2830 158540 1 2
2330 158140 2830 166100 0 2
2330 158140 2830 166100 1 2
2330 167380 2830 170300 0 2
2330 167380 2830 170300 1 2
2330 169900 2830 177860 0 2
2330 169900 2830 177860 1 2
2330 179140 2830 182060 0 2
2330 179140 2830 182060 1 2
2330 181660 2830 189620 0 2
2330 181660 2830 189620 1 2
2330 190900 2830 193820 0 2
2330 190900 2830 193820 1 2
2330 193420 2830 201380 0 2
2330 193420 2830 201380 1 2
2330 202660 2830 205580 0 2
2330 202660 2830 205580 1 2
2330 205180 2830 213140 0 2
2330 205180 2830 213140 1 2
2330 214420 2830 217340 0 2
2330 214420 2830 217340 1 2
2330 216940 2830 224900 0 2
2330 216940 2830 224900 1 2
2330 226180 2830 229100 0 2
2330 226180 2830 229100 1 2
2330 228700 2830 236660 0 2
2330 228700 2830 236660 1 2
2330 237940 2830 240860 0 2
2330 237940 2830 240860 1 2
2330 240460 2830 248420 0 2
2330 240460 2830 248420 1 2
2330 249700 2830 252620 0 2
2330 249700 2830 252620 1 2
2330 252220 2830 260180 0 2
2330 252220 2830 260180 1 2
2330 261460 2830 264380 0 2
2330 261460 2830 264380 1 2
2330 263980 2830 271940 0 2
2330 263980 2830 271940 1 2
2330 273220 2830 276140 0 2
2330 273220 2830 276140 1 2
2330 275740 2830 283700 0 2
2330 275740 2830 283700 1 2
2330 284980 2830 287900 0 2
2330 284980 2830 287900 1 2
2330 287500 2830 295460 0 2
2330 287500 2830 295460 1 2
2330 296740 2830 299660 0 2
2330 296740 2830 299660 1 2
2330 299260 2830 307220 0 2
2330 299260 2830 307220 1 2
2330 308500 2830 311420 0 2
2330 308500 2830 311420 1 2
2330 311020 2830 318980 0 2
2330 311020 2830 318980 1 2
2330 320260 2830 323180 0 2
2330 320260 2830 323180 1 2
2330 322780 2830 330740 0 2
2330 322780 2830 330740 1 2
2330 332020 2830 334940 0 2
2330 332020 2830 334940 1 2
2330 334540 2830 342500 0 2
2330 334540 2830 342500 1 2
2330 343780 2830 346700 0 2
2330 343780 2830 346700 1 2
2330 346300 2830 354260 0 2
2330 346300 2830 354260 1 2
2330 355540 2830 358460 0 2
2330 355540 2830 358460 1 2
2330 358060 2830 366020 0 2
2330 358060 2830 366020 1 2
2330 367300 2830 370220 0 2
2330 367300 2830 370220 1 2
2330 369820 2830 377780 0 2
2330 369820 2830 377780 1 2
2330 379060 2830 381980 0 2
2330 379060 2830 381980 1 2
2330 381580 2830 389540 0 2
2330 381580 2830 389540 1 2
2330 390820 2830 393740 0 2
2330 390820 2830 393740 1 2
2330 393340 2830 401300 0 2
2330 393340 2830 401300 1 2
2330 402580 2830 405500 0 2
2330 402580 2830 405500 1 2
2330 405100 2830 413060 0 2
2330 405100 2830 413060 1 2
2330 414340 2830 417260 0 2
2330 414340 2830 417260 1 2
2330 416860 2830 424820 0 2
2330 416860 2830 424820 1 2
1970 132760 4910 134360 3 2
1970 132760 4910 134360 4 2
1970 132760 4910 134360 2 2
1970 132760 4910 134360 3 2
2500 111440 7820 112000 1 2
2500 111440 7820 112000 2 2
2480 111440 7840 112000 0 2
2480 111440 7840 112000 1 2
2500 422560 4380 424160 3 2
2500 422560 4380 424160 4 2
2500 422560 4380 424160 2 2
2500 422560 4380 424160 3 2
3160 140990 3720 425170 2 2
3160 140990 3720 425170 3 2
3160 141040 3720 425120 1 2
3160 141040 3720 425120 2 2
3160 422340 3720 424380 2 2
3160 422340 3720 424380 3 2
3160 422390 3720 424330 1 2
3160 422390 3720 424330 2 2
3190 104380 3690 112340 0 2
3190 104380 3690 112340 1 2
3190 112780 3690 120740 0 2
3190 112780 3690 120740 1 2
3190 134620 3690 142580 0 2
3190 134620 3690 142580 1 2
3190 146380 3690 154340 0 2
3190 146380 3690 154340 1 2
3190 158140 3690 166100 0 2
3190 158140 3690 166100 1 2
3190 169900 3690 177860 0 2
3190 169900 3690 177860 1 2
3190 181660 3690 189620 0 2
3190 181660 3690 189620 1 2
3190 193420 3690 201380 0 2
3190 193420 3690 201380 1 2
3190 205180 3690 213140 0 2
3190 205180 3690 213140 1 2
3190 216940 3690 224900 0 2
3190 216940 3690 224900 1 2
3190 228700 3690 236660 0 2
3190 228700 3690 236660 1 2
3190 240460 3690 248420 0 2
3190 240460 3690 248420 1 2
3190 252220 3690 260180 0 2
3190 252220 3690 260180 1 2
3190 263980 3690 271940 0 2
3190 263980 3690 271940 1 2
3190 275740 3690 283700 0 2
3190 275740 3690 283700 1 2
3190 287500 3690 295460 0 2
3190 287500 3690 295460 1 2
3190 299260 3690 307220 0 2
3190 299260 3690 307220 1 2
3190 311020 3690 318980 0 2
3190 311020 3690 318980 1 2
3190 322780 3690 330740 0 2
3190 322780 3690 330740 1 2
3190 334540 3690 342500 0 2
3190 334540 3690 342500 1 2
3190 346300 3690 354260 0 2
3190 346300 3690 354260 1 2
3190 358060 3690 366020 0 2
3190 358060 3690 366020 1 2
3190 369820 3690 377780 0 2
3190 369820 3690 377780 1 2
3190 381580 3690 389540 0 2
3190 381580 3690 389540 1 2
3190 393340 3690 401300 0 2
3190 393340 3690 401300 1 2
3190 405100 3690 413060 0 2
3190 405100 3690 413060 1 2
3190 416860 3690 424820 0 2
3190 416860 3690 424820 1 2
2830 422560 8350 424160 3 2
2830 422560 8350 424160 4 2
2830 422560 8350 424160 2 2
2830 422560 8350 424160 3 2
3360 132760 5240 134360 3 2
3360 132760 5240 134360 4 2
3360 132760 5240 134360 2 2
3360 132760 5240 134360 3 2
4020 111070 4580 114050 2 2
4020 111070 4580 114050 3 2
4020 111120 4580 114000 1 2
4020 111120 4580 114000 2 2
4020 112430 4580 122770 2 2
4020 112430 4580 122770 3 2
4020 112480 4580 122720 1 2
4020 112480 4580 122720 2 2
4020 121150 4580 134210 2 2
4020 121150 4580 134210 3 2
4020 121200 4580 134160 1 2
4020 121200 4580 134160 2 2
4020 132540 4580 134580 2 2
4020 132540 4580 134580 3 2
4020 132590 4580 134530 1 2
4020 132590 4580 134530 2 2
4050 104380 4550 112340 0 2
4050 104380 4550 112340 1 2
4050 112780 4550 120740 0 2
4050 112780 4550 120740 1 2
4050 120340 4550 123260 0 2
4050 120340 4550 123260 1 2
4050 124540 4550 127460 0 2
4050 124540 4550 127460 1 2
4740 103730 7100 107950 4 2
4740 103730 7100 107950 5 2
4740 104580 7100 107100 3 2
4740 104580 7100 107100 4 2
4740 104060 7100 115180 4 2
4740 104060 7100 115180 5 2
4740 104910 7100 114330 3 2
4740 104910 7100 114330 4 2
4740 111290 7100 115510 4 2
4740 111290 7100 115510 5 2
4740 112140 7100 114660 3 2
4740 112140 7100 114660 4 2
4240 114800 6080 115360 1 2
4240 114800 6080 115360 2 2
4220 114800 6100 115360 0 2
4220 114800 6100 115360 1 2
4880 114110 5440 116050 2 2
4880 114110 5440 116050 3 2
4880 114160 5440 116000 1 2
4880 114160 5440 116000 2 2
4880 114150 5440 116010 2 2
4880 114150 5440 116010 3 2
4880 114200 5440 115960 1 2
4880 114200 5440 115960 2 2
4910 104380 5410 112340 0 2
4910 104380 5410 112340 1 2
4910 112780 5410 120740 0 2
4910 112780 5410 120740 1 2
4510 105040 7330 106640 3 2
4510 105040 7330 106640 4 2
4510 105040 7330 106640 2 2
4510 105040 7330 106640 3 2
4560 114800 6620 115360 1 2
4560 114800 6620 115360 2 2
4540 114800 6640 115360 0 2
4540 114800 6640 115360 1 2
4980 112600 6860 114200 3 2
4980 112600 6860 114200 4 2
4980 112600 6860 114200 2 2
4980 112600 6860 114200 3 2
5060 112600 6880 114200 3 2
5060 112600 6880 114200 4 2
5060 112600 6880 114200 2 2
5060 112600 6880 114200 3 2
5080 128240 8680 128800 1 2
5080 128240 8680 128800 2 2
5060 128240 8700 128800 0 2
5060 128240 8700 128800 1 2
5080 136640 8680 137200 1 2
5080 136640 8680 137200 2 2
5060 136640 8700 137200 0 2
5060 136640 8700 137200 1 2
5080 140000 8680 140560 1 2
5080 140000 8680 140560 2 2
5060 140000 8700 140560 0 2
5060 140000 8700 140560 1 2
5080 148400 8680 148960 1 2
5080 148400 8680 148960 2 2
5060 148400 8700 148960 0 2
5060 148400 8700 148960 1 2
5080 151760 8680 152320 1 2
5080 151760 8680 152320 2 2
5060 151760 8700 152320 0 2
5060 151760 8700 152320 1 2
5080 160160 8680 160720 1 2
5080 160160 8680 160720 2 2
5060 160160 8700 160720 0 2
5060 160160 8700 160720 1 2
5080 163520 8680 164080 1 2
5080 163520 8680 164080 2 2
5060 163520 8700 164080 0 2
5060 163520 8700 164080 1 2
5080 171920 8680 172480 1 2
5080 171920 8680 172480 2 2
5060 171920 8700 172480 0 2
5060 171920 8700 172480 1 2
5080 175280 8680 175840 1 2
5080 175280 8680 175840 2 2
5060 175280 8700 175840 0 2
5060 175280 8700 175840 1 2
5080 183680 8680 184240 1 2
5080 183680 8680 184240 2 2
5060 183680 8700 184240 0 2
5060 183680 8700 184240 1 2
5080 187040 8680 187600 1 2
5080 187040 8680 187600 2 2
5060 187040 8700 187600 0 2
5060 187040 8700 187600 1 2
5080 195440 8680 196000 1 2
5080 195440 8680 196000 2 2
5060 195440 8700 196000 0 2
5060 195440 8700 196000 1 2
5080 198800 8680 199360 1 2
5080 198800 8680 199360 2 2
5060 198800 8700 199360 0 2
5060 198800 8700 199360 1 2
5080 207200 8680 207760 1 2
5080 207200 8680 207760 2 2
5060 207200 8700 207760 0 2
5060 207200 8700 207760 1 2
5080 210560 8680 211120 1 2
5080 210560 8680 211120 2 2
5060 210560 8700 211120 0 2
5060 210560 8700 211120 1 2
5080 218960 8680 219520 1 2
5080 218960 8680 219520 2 2
5060 218960 8700 219520 0 2
5060 218960 8700 219520 1 2
5080 222320 8680 222880 1 2
5080 222320 8680 222880 2 2
5060 222320 8700 222880 0 2
5060 222320 8700 222880 1 2
5080 230720 8680 231280 1 2
5080 230720 8680 231280 2 2
5060 230720 8700 231280 0 2
5060 230720 8700 231280 1 2
5080 234080 8680 234640 1 2
5080 234080 8680 234640 2 2
5060 234080 8700 234640 0 2
5060 234080 8700 234640 1 2
5080 242480 8680 243040 1 2
5080 242480 8680 243040 2 2
5060 242480 8700 243040 0 2
5060 242480 8700 243040 1 2
5080 245840 8680 246400 1 2
5080 245840 8680 246400 2 2
5060 245840 8700 246400 0 2
5060 245840 8700 246400 1 2
5080 254240 8680 254800 1 2
5080 254240 8680 254800 2 2
5060 254240 8700 254800 0 2
5060 254240 8700 254800 1 2
5080 257600 8680 258160 1 2
5080 257600 8680 258160 2 2
5060 257600 8700 258160 0 2
5060 257600 8700 258160 1 2
5080 266000 8680 266560 1 2
5080 266000 8680 266560 2 2
5060 266000 8700 266560 0 2
5060 266000 8700 266560 1 2
5080 269360 8680 269920 1 2
5080 269360 8680 269920 2 2
5060 269360 8700 269920 0 2
5060 269360 8700 269920 1 2
5080 277760 8680 278320 1 2
5080 277760 8680 278320 2 2
5060 277760 8700 278320 0 2
5060 277760 8700 278320 1 2
5080 281120 8680 281680 1 2
5080 281120 8680 281680 2 2
5060 281120 8700 281680 0 2
5060 281120 8700 281680 1 2
5080 289520 8680 290080 1 2
5080 289520 8680 290080 2 2
5060 289520 8700 290080 0 2
5060 289520 8700 290080 1 2
5080 292880 8680 293440 1 2
5080 292880 8680 293440 2 2
5060 292880 8700 293440 0 2
5060 292880 8700 293440 1 2
5080 301280 8680 301840 1 2
5080 301280 8680 301840 2 2
5060 301280 8700 301840 0 2
5060 301280 8700 301840 1 2
5080 304640 8680 305200 1 2
5080 304640 8680 305200 2 2
5060 304640 8700 305200 0 2
5060 304640 8700 305200 1 2
5080 313040 8680 313600 1 2
5080 313040 8680 313600 2 2
5060 313040 8700 313600 0 2
5060 313040 8700 313600 1 2
5080 316400 8680 316960 1 2
5080 316400 8680 316960 2 2
5060 316400 8700 316960 0 2
5060 316400 8700 316960 1 2
5080 324800 8680 325360 1 2
5080 324800 8680 325360 2 2
5060 324800 8700 325360 0 2
5060 324800 8700 325360 1 2
5080 328160 8680 328720 1 2
5080 328160 8680 328720 2 2
5060 328160 8700 328720 0 2
5060 328160 8700 328720 1 2
5080 336560 8680 337120 1 2
5080 336560 8680 337120 2 2
5060 336560 8700 337120 0 2
5060 336560 8700 337120 1 2
5080 339920 8680 340480 1 2
5080 339920 8680 340480 2 2
5060 339920 8700 340480 0 2
5060 339920 8700 340480 1 2
5080 348320 8680 348880 1 2
5080 348320 8680 348880 2 2
5060 348320 8700 348880 0 2
5060 348320 8700 348880 1 2
5080 351680 8680 352240 1 2
5080 351680 8680 352240 2 2
5060 351680 8700 352240 0 2
5060 351680 8700 352240 1 2
5080 360080 8680 360640 1 2
5080 360080 8680 360640 2 2
5060 360080 8700 360640 0 2
5060 360080 8700 360640 1 2
5080 363440 8680 364000 1 2
5080 363440 8680 364000 2 2
5060 363440 8700 364000 0 2
5060 363440 8700 364000 1 2
5080 371840 8680 372400 1 2
5080 371840 8680 372400 2 2
5060 371840 8700 372400 0 2
5060 371840 8700 372400 1 2
5080 375200 8680 375760 1 2
5080 375200 8680 375760 2 2
5060 375200 8700 375760 0 2
5060 375200 8700 375760 1 2
5080 383600 8680 384160 1 2
5080 383600 8680 384160 2 2
5060 383600 8700 384160 0 2
5060 383600 8700 384160 1 2
5080 386960 8680 387520 1 2
5080 386960 8680 387520 2 2
5060 386960 8700 387520 0 2
5060 386960 8700 387520 1 2
5080 395360 8680 395920 1 2
5080 395360 8680 395920 2 2
5060 395360 8700 395920 0 2
5060 395360 8700 395920 1 2
5080 398720 8680 399280 1 2
5080 398720 8680 399280 2 2
5060 398720 8700 399280 0 2
5060 398720 8700 399280 1 2
5080 407120 8680 407680 1 2
5080 407120 8680 407680 2 2
5060 407120 8700 407680 0 2
5060 407120 8700 407680 1 2
5080 410480 8680 411040 1 2
5080 410480 8680 411040 2 2
5060 410480 8700 411040 0 2
5060 410480 8700 411040 1 2
5080 418880 8680 419440 1 2
5080 418880 8680 419440 2 2
5060 418880 8700 419440 0 2
5060 418880 8700 419440 1 2
5080 422240 8680 422800 1 2
5080 422240 8680 422800 2 2
5060 422240 8700 422800 0 2
5060 422240 8700 422800 1 2
5080 430640 8680 431200 1 2
5080 430640 8680 431200 2 2
5060 430640 8700 431200 0 2
5060 430640 8700 431200 1 2
5080 434000 8680 434560 1 2
5080 434000 8680 434560 2 2
5060 434000 8700 434560 0 2
5060 434000 8700 434560 1 2
5080 442400 8680 442960 1 2
5080 442400 8680 442960 2 2
5060 442400 8700 442960 0 2
5060 442400 8700 442960 1 2
5080 445760 8680 446320 1 2
5080 445760 8680 446320 2 2
5060 445760 8700 446320 0 2
5060 445760 8700 446320 1 2
5080 112600 6960 114200 3 2
5080 112600 6960 114200 4 2
5080 112600 6960 114200 2 2
5080 112600 6960 114200 3 2
5100 114800 6940 115360 1 2
5100 114800 6940 115360 2 2
5080 114800 6960 115360 0 2
5080 114800 6960 115360 1 2
5740 112380 6300 114420 2 2
5740 112380 6300 114420 3 2
5740 112430 6300 114370 1 2
5740 112430 6300 114370 2 2
5740 112750 6300 115730 2 2
5740 112750 6300 115730 3 2
5740 112800 6300 115680 1 2
5740 112800 6300 115680 2 2
5740 114110 6300 116050 2 2
5740 114110 6300 116050 3 2
5740 114160 6300 116000 1 2
5740 114160 6300 116000 2 2
5770 104380 6270 112340 0 2
5770 104380 6270 112340 1 2
5770 112780 6270 120740 0 2
5770 112780 6270 120740 1 2
5770 120340 6270 123260 0 2
5770 120340 6270 123260 1 2
5770 124540 6270 127460 0 2
5770 124540 6270 127460 1 2
5940 129080 9540 129640 1 2
5940 129080 9540 129640 2 2
5920 129080 9560 129640 0 2
5920 129080 9560 129640 1 2
5940 140840 9540 141400 1 2
5940 140840 9540 141400 2 2
5920 140840 9560 141400 0 2
5920 140840 9560 141400 1 2
5940 152600 9540 153160 1 2
5940 152600 9540 153160 2 2
5920 152600 9560 153160 0 2
5920 152600 9560 153160 1 2
5940 164360 9540 164920 1 2
5940 164360 9540 164920 2 2
5920 164360 9560 164920 0 2
5920 164360 9560 164920 1 2
5940 176120 9540 176680 1 2
5940 176120 9540 176680 2 2
5920 176120 9560 176680 0 2
5920 176120 9560 176680 1 2
5940 187880 9540 188440 1 2
5940 187880 9540 188440 2 2
5920 187880 9560 188440 0 2
5920 187880 9560 188440 1 2
5940 199640 9540 200200 1 2
5940 199640 9540 200200 2 2
5920 199640 9560 200200 0 2
5920 199640 9560 200200 1 2
5940 211400 9540 211960 1 2
5940 211400 9540 211960 2 2
5920 211400 9560 211960 0 2
5920 211400 9560 211960 1 2
5940 223160 9540 223720 1 2
5940 223160 9540 223720 2 2
5920 223160 9560 223720 0 2
5920 223160 9560 223720 1 2
5940 234920 9540 235480 1 2
5940 234920 9540 235480 2 2
5920 234920 9560 235480 0 2
5920 234920 9560 235480 1 2
5940 246680 9540 247240 1 2
5940 246680 9540 247240 2 2
5920 246680 9560 247240 0 2
5920 246680 9560 247240 1 2
5940 258440 9540 259000 1 2
5940 258440 9540 259000 2 2
5920 258440 9560 259000 0 2
5920 258440 9560 259000 1 2
5940 270200 9540 270760 1 2
5940 270200 9540 270760 2 2
5920 270200 9560 270760 0 2
5920 270200 9560 270760 1 2
5940 281960 9540 282520 1 2
5940 281960 9540 282520 2 2
5920 281960 9560 282520 0 2
5920 281960 9560 282520 1 2
5940 293720 9540 294280 1 2
5940 293720 9540 294280 2 2
5920 293720 9560 294280 0 2
5920 293720 9560 294280 1 2
5940 305480 9540 306040 1 2
5940 305480 9540 306040 2 2
5920 305480 9560 306040 0 2
5920 305480 9560 306040 1 2
5940 317240 9540 317800 1 2
5940 317240 9540 317800 2 2
5920 317240 9560 317800 0 2
5920 317240 9560 317800 1 2
5940 329000 9540 329560 1 2
5940 329000 9540 329560 2 2
5920 329000 9560 329560 0 2
5920 329000 9560 329560 1 2
5940 340760 9540 341320 1 2
5940 340760 9540 341320 2 2
5920 340760 9560 341320 0 2
5920 340760 9560 341320 1 2
5940 352520 9540 353080 1 2
5940 352520 9540 353080 2 2
5920 352520 9560 353080 0 2
5920 352520 9560 353080 1 2
5940 364280 9540 364840 1 2
5940 364280 9540 364840 2 2
5920 364280 9560 364840 0 2
5920 364280 9560 364840 1 2
5940 376040 9540 376600 1 2
5940 376040 9540 376600 2 2
5920 376040 9560 376600 0 2
5920 376040 9560 376600 1 2
5940 387800 9540 388360 1 2
5940 387800 9540 388360 2 2
5920 387800 9560 388360 0 2
5920 387800 9560 388360 1 2
5940 399560 9540 400120 1 2
5940 399560 9540 400120 2 2
5920 399560 9560 400120 0 2
5920 399560 9560 400120 1 2
5940 411320 9540 411880 1 2
5940 411320 9540 411880 2 2
5920 411320 9560 411880 0 2
5920 411320 9560 411880 1 2
5940 423080 9540 423640 1 2
5940 423080 9540 423640 2 2
5920 423080 9560 423640 0 2
5920 423080 9560 423640 1 2
5940 434840 9540 435400 1 2
5940 434840 9540 435400 2 2
5920 434840 9560 435400 0 2
5920 434840 9560 435400 1 2
5940 446600 9540 447160 1 2
5940 446600 9540 447160 2 2
5920 446600 9560 447160 0 2
5920 446600 9560 447160 1 2
6630 104380 7130 112340 0 2
6630 104380 7130 112340 1 2
6630 112780 7130 120740 0 2
6630 112780 7130 120740 1 2
6630 127900 7130 135860 0 2
6630 127900 7130 135860 1 2
6630 139660 7130 147620 0 2
6630 139660 7130 147620 1 2
6630 151420 7130 159380 0 2
6630 151420 7130 159380 1 2
6630 163180 7130 171140 0 2
6630 163180 7130 171140 1 2
6630 174940 7130 182900 0 2
6630 174940 7130 182900 1 2
6630 186700 7130 194660 0 2
6630 186700 7130 194660 1 2
6630 198460 7130 206420 0 2
6630 198460 7130 206420 1 2
6630 210220 7130 218180 0 2
6630 210220 7130 218180 1 2
6630 221980 7130 229940 0 2
6630 221980 7130 229940 1 2
6630 233740 7130 241700 0 2
6630 233740 7130 241700 1 2
6630 245500 7130 253460 0 2
6630 245500 7130 253460 1 2
6630 257260 7130 265220 0 2
6630 257260 7130 265220 1 2
6630 269020 7130 276980 0 2
6630 269020 7130 276980 1 2
6630 280780 7130 288740 0 2
6630 280780 7130 288740 1 2
6630 292540 7130 300500 0 2
6630 292540 7130 300500 1 2
6630 304300 7130 312260 0 2
6630 304300 7130 312260 1 2
6630 316060 7130 324020 0 2
6630 316060 7130 324020 1 2
6630 327820 7130 335780 0 2
6630 327820 7130 335780 1 2
6630 339580 7130 347540 0 2
6630 339580 7130 347540 1 2
6630 351340 7130 359300 0 2
6630 351340 7130 359300 1 2
6630 363100 7130 371060 0 2
6630 363100 7130 371060 1 2
6630 374860 7130 382820 0 2
6630 374860 7130 382820 1 2
6630 386620 7130 394580 0 2
6630 386620 7130 394580 1 2
6630 398380 7130 406340 0 2
6630 398380 7130 406340 1 2
6630 410140 7130 418100 0 2
6630 410140 7130 418100 1 2
6630 421900 7130 429860 0 2
6630 421900 7130 429860 1 2
6630 433660 7130 441620 0 2
6630 433660 7130 441620 1 2
6630 445420 7130 453380 0 2
6630 445420 7130 453380 1 2
6800 422560 8680 424160 3 2
6800 422560 8680 424160 4 2
6800 422560 8680 424160 2 2
6800 422560 8680 424160 3 2
7460 127550 8020 961090 2 2
7460 127550 8020 961090 3 2
7460 127600 8020 961040 1 2
7460 127600 8020 961040 2 2
7460 422340 8020 424380 2 2
7460 422340 8020 424380 3 2
7460 422390 8020 424330 1 2
7460 422390 8020 424330 2 2
7490 104380 7990 112340 0 2
7490 104380 7990 112340 1 2
7490 127900 7990 135860 0 2
7490 127900 7990 135860 1 2
7490 135460 7990 138380 0 2
7490 135460 7990 138380 1 2
7490 139660 7990 147620 0 2
7490 139660 7990 147620 1 2
7490 147220 7990 150140 0 2
7490 147220 7990 150140 1 2
7490 151420 7990 159380 0 2
7490 151420 7990 159380 1 2
7490 158980 7990 161900 0 2
7490 158980 7990 161900 1 2
7490 163180 7990 171140 0 2
7490 163180 7990 171140 1 2
7490 170740 7990 173660 0 2
7490 170740 7990 173660 1 2
7490 174940 7990 182900 0 2
7490 174940 7990 182900 1 2
7490 182500 7990 185420 0 2
7490 182500 7990 185420 1 2
7490 186700 7990 194660 0 2
7490 186700 7990 194660 1 2
7490 194260 7990 197180 0 2
7490 194260 7990 197180 1 2
7490 198460 7990 206420 0 2
7490 198460 7990 206420 1 2
7490 206020 7990 208940 0 2
7490 206020 7990 208940 1 2
7490 210220 7990 218180 0 2
7490 210220 7990 218180 1 2
7490 217780 7990 220700 0 2
7490 217780 7990 220700 1 2
7490 221980 7990 229940 0 2
7490 221980 7990 229940 1 2
7490 229540 7990 232460 0 2
7490 229540 7990 232460 1 2
7490 233740 7990 241700 0 2
7490 233740 7990 241700 1 2
7490 241300 7990 244220 0 2
7490 241300 7990 244220 1 2
7490 245500 7990 253460 0 2
7490 245500 7990 253460 1 2
7490 253060 7990 255980 0 2
7490 253060 7990 255980 1 2
7490 257260 7990 265220 0 2
7490 257260 7990 265220 1 2
7490 264820 7990 267740 0 2
7490 264820 7990 267740 1 2
7490 269020 7990 276980 0 2
7490 269020 7990 276980 1 2
7490 276580 7990 279500 0 2
7490 276580 7990 279500 1 2
7490 280780 7990 288740 0 2
7490 280780 7990 288740 1 2
7490 288340 7990 291260 0 2
7490 288340 7990 291260 1 2
7490 292540 7990 300500 0 2
7490 292540 7990 300500 1 2
7490 300100 7990 303020 0 2
7490 300100 7990 303020 1 2
7490 304300 7990 312260 0 2
7490 304300 7990 312260 1 2
7490 311860 7990 314780 0 2
7490 311860 7990 314780 1 2
7490 316060 7990 324020 0 2
7490 316060 7990 324020 1 2
7490 323620 7990 326540 0 2
7490 323620 7990 326540 1 2
7490 327820 7990 335780 0 2
7490 327820 7990 335780 1 2
7490 335380 7990 338300 0 2
7490 335380 7990 338300 1 2
7490 339580 7990 347540 0 2
7490 339580 7990 347540 1 2
7490 347140 7990 350060 0 2
7490 347140 7990 350060 1 2
7490 351340 7990 359300 0 2
7490 351340 7990 359300 1 2
7490 358900 7990 361820 0 2
7490 358900 7990 361820 1 2
7490 363100 7990 371060 0 2
7490 363100 7990 371060 1 2
7490 370660 7990 373580 0 2
7490 370660 7990 373580 1 2
7490 374860 7990 382820 0 2
7490 374860 7990 382820 1 2
7490 382420 7990 385340 0 2
7490 382420 7990 385340 1 2
7490 386620 7990 394580 0 2
7490 386620 7990 394580 1 2
7490 394180 7990 397100 0 2
7490 394180 7990 397100 1 2
7490 398380 7990 406340 0 2
7490 398380 7990 406340 1 2
7490 405940 7990 408860 0 2
7490 405940 7990 408860 1 2
7490 410140 7990 418100 0 2
7490 410140 7990 418100 1 2
7490 417700 7990 420620 0 2
7490 417700 7990 420620 1 2
7490 421900 7990 429860 0 2
7490 421900 7990 429860 1 2
7490 429460 7990 432380 0 2
7490 429460 7990 432380 1 2
7490 433660 7990 441620 0 2
7490 433660 7990 441620 1 2
7490 441220 7990 444140 0 2
7490 441220 7990 444140 1 2
7490 445420 7990 453380 0 2
7490 445420 7990 453380 1 2
7130 422560 13510 424160 3 2
7130 422560 13510 424160 4 2
7130 422560 13510 424160 2 2
7130 422560 13510 424160 3 2
8320 128390 8880 965290 2 2
8320 128390 8880 965290 3 2
8320 128440 8880 965240 1 2
8320 128440 8880 965240 2 2
8350 127900 8850 135860 0 2
8350 127900 8850 135860 1 2
8350 139660 8850 147620 0 2
8350 139660 8850 147620 1 2
8350 151420 8850 159380 0 2
8350 151420 8850 159380 1 2
8350 163180 8850 171140 0 2
8350 163180 8850 171140 1 2
8350 174940 8850 182900 0 2
8350 174940 8850 182900 1 2
8350 186700 8850 194660 0 2
8350 186700 8850 194660 1 2
8350 198460 8850 206420 0 2
8350 198460 8850 206420 1 2
8350 210220 8850 218180 0 2
8350 210220 8850 218180 1 2
8350 221980 8850 229940 0 2
8350 221980 8850 229940 1 2
8350 233740 8850 241700 0 2
8350 233740 8850 241700 1 2
8350 245500 8850 253460 0 2
8350 245500 8850 253460 1 2
8350 257260 8850 265220 0 2
8350 257260 8850 265220 1 2
8350 269020 8850 276980 0 2
8350 269020 8850 276980 1 2
8350 280780 8850 288740 0 2
8350 280780 8850 288740 1 2
8350 292540 8850 300500 0 2
8350 292540 8850 300500 1 2
8350 304300 8850 312260 0 2
8350 304300 8850 312260 1 2
8350 316060 8850 324020 0 2
8350 316060 8850 324020 1 2
8350 327820 8850 335780 0 2
8350 327820 8850 335780 1 2
8350 339580 8850 347540 0 2
8350 339580 8850 347540 1 2
8350 351340 8850 359300 0 2
8350 351340 8850 359300 1 2
8350 363100 8850 371060 0 2
8350 363100 8850 371060 1 2
8350 374860 8850 382820 0 2
8350 374860 8850 382820 1 2
8350 386620 8850 394580 0 2
8350 386620 8850 394580 1 2
8350 398380 8850 406340 0 2
8350 398380 8850 406340 1 2
8350 410140 8850 418100 0 2
8350 410140 8850 418100 1 2
8350 421900 8850 429860 0 2
8350 421900 8850 429860 1 2
8350 433660 8850 441620 0 2
8350 433660 8850 441620 1 2
8350 445420 8850 453380 0 2
8350 445420 8850 453380 1 2
11100 129080 14700 129640 1 2
11100 129080 14700 129640 2 2
11080 129080 14720 129640 0 2
11080 129080 14720 129640 1 2
11100 140840 14700 141400 1 2
11100 140840 14700 141400 2 2
11080 140840 14720 141400 0 2
11080 140840 14720 141400 1 2
11100 152600 14700 153160 1 2
11100 152600 14700 153160 2 2
11080 152600 14720 153160 0 2
11080 152600 14720 153160 1 2
11100 164360 14700 164920 1 2
11100 164360 14700 164920 2 2
11080 164360 14720 164920 0 2
11080 164360 14720 164920 1 2
11100 176120 14700 176680 1 2
11100 176120 14700 176680 2 2
11080 176120 14720 176680 0 2
11080 176120 14720 176680 1 2
11100 187880 14700 188440 1 2
11100 187880 14700 188440 2 2
11080 187880 14720 188440 0 2
11080 187880 14720 188440 1 2
11100 199640 14700 200200 1 2
11100 199640 14700 200200 2 2
11080 199640 14720 200200 0 2
11080 199640 14720 200200 1 2
11100 211400 14700 211960 1 2
11100 211400 14700 211960 2 2
11080 211400 14720 211960 0 2
11080 211400 14720 211960 1 2
11100 223160 14700 223720 1 2
11100 223160 14700 223720 2 2
11080 223160 14720 223720 0 2
11080 223160 14720 223720 1 2
11100 234920 14700 235480 1 2
11100 234920 14700 235480 2 2
11080 234920 14720 235480 0 2
11080 234920 14720 235480 1 2
11100 246680 14700 247240 1 2
11100 246680 14700 247240 2 2
11080 246680 14720 247240 0 2
11080 246680 14720 247240 1 2
11100 258440 14700 259000 1 2
11100 258440 14700 259000 2 2
11080 258440 14720 259000 0 2
11080 258440 14720 259000 1 2
11100 270200 14700 270760 1 2
11100 270200 14700 270760 2 2
11080 270200 14720 270760 0 2
11080 270200 14720 270760 1 2
11100 281960 14700 282520 1 2
11100 281960 14700 282520 2 2
11080 281960 14720 282520 0 2
11080 281960 14720 282520 1 2
11100 293720 14700 294280 1 2
11100 293720 14700 294280 2 2
11080 293720 14720 294280 0 2
11080 293720 14720 294280 1 2
11100 305480 14700 306040 1 2
11100 305480 14700 306040 2 2
11080 305480 14720 306040 0 2
11080 305480 14720 306040 1 2
11100 317240 14700 317800 1 2
11100 317240 14700 317800 2 2
11080 317240 14720 317800 0 2
11080 317240 14720 317800 1 2
11100 329000 14700 329560 1 2
11100 329000 14700 329560 2 2
11080 329000 14720 329560 0 2
11080 329000 14720 329560 1 2
11100 340760 14700 341320 1 2
11100 340760 14700 341320 2 2
11080 340760 14720 341320 0 2
11080 340760 14720 341320 1 2
11100 352520 14700 353080 1 2
11100 352520 14700 353080 2 2
11080 352520 14720 353080 0 2
11080 352520 14720 353080 1 2
11100 364280 14700 364840 1 2
11100 364280 14700 364840 2 2
11080 364280 14720 364840 0 2
11080 364280 14720 364840 1 2
11100 376040 14700 376600 1 2
11100 376040 14700 376600 2 2
11080 376040 14720 376600 0 2
11080 376040 14720 376600 1 2
11100 387800 14700 388360 1 2
11100 387800 14700 388360 2 2
11080 387800 14720 388360 0 2
11080 387800 14720 388360 1 2
11100 399560 14700 400120 1 2
11100 399560 14700 400120 2 2
11080 399560 14720 400120 0 2
11080 399560 14720 400120 1 2
11100 411320 14700 411880 1 2
11100 411320 14700 411880 2 2
11080 411320 14720 411880 0 2
11080 411320 14720 411880 1 2
11100 423080 14700 423640 1 2
11100 423080 14700 423640 2 2
11080 423080 14720 423640 0 2
11080 423080 14720 423640 1 2
11100 434840 14700 435400 1 2
11100 434840 14700 435400 2 2
11080 434840 14720 435400 0 2
11080 434840 14720 435400 1 2
11100 446600 14700 447160 1 2
11100 446600 14700 447160 2 2
11080 446600 14720 447160 0 2
11080 446600 14720 447160 1 2
11760 128390 12320 965290 2 2
11760 128390 12320 965290 3 2
11760 128440 12320 965240 1 2
11760 128440 12320 965240 2 2
11790 127900 12290 135860 0 2
11790 127900 12290 135860 1 2
11790 139660 12290 147620 0 2
11790 139660 12290 147620 1 2
11790 151420 12290 159380 0 2
11790 151420 12290 159380 1 2
11790 163180 12290 171140 0 2
11790 163180 12290 171140 1 2
11790 174940 12290 182900 0 2
11790 174940 12290 182900 1 2
11790 186700 12290 194660 0 2
11790 186700 12290 194660 1 2
11790 198460 12290 206420 0 2
11790 198460 12290 206420 1 2
11790 210220 12290 218180 0 2
11790 210220 12290 218180 1 2
11790 221980 12290 229940 0 2
11790 221980 12290 229940 1 2
11790 233740 12290 241700 0 2
11790 233740 12290 241700 1 2
11790 245500 12290 253460 0 2
11790 245500 12290 253460 1 2
11790 257260 12290 265220 0 2
11790 257260 12290 265220 1 2
11790 269020 12290 276980 0 2
11790 269020 12290 276980 1 2
11790 280780 12290 288740 0 2
11790 280780 12290 288740 1 2
11790 292540 12290 300500 0 2
11790 292540 12290 300500 1 2
11790 304300 12290 312260 0 2
11790 304300 12290 312260 1 2
11790 316060 12290 324020 0 2
11790 316060 12290 324020 1 2
11790 327820 12290 335780 0 2
11790 327820 12290 335780 1 2
11790 339580 12290 347540 0 2
11790 339580 12290 347540 1 2
11790 351340 12290 359300 0 2
11790 351340 12290 359300 1 2
11790 363100 12290 371060 0 2
11790 363100 12290 371060 1 2
11790 374860 12290 382820 0 2
11790 374860 12290 382820 1 2
11790 386620 12290 394580 0 2
11790 386620 12290 394580 1 2
11790 398380 12290 406340 0 2
11790 398380 12290 406340 1 2
11790 410140 12290 418100 0 2
11790 410140 12290 418100 1 2
11790 421900 12290 429860 0 2
11790 421900 12290 429860 1 2
11790 433660 12290 441620 0 2
11790 433660 12290 441620 1 2
11790 445420 12290 453380 0 2
11790 445420 12290 453380 1 2
11960 110600 19000 111160 1 2
11960 110600 19000 111160 2 2
11940 110600 19020 111160 0 2
11940 110600 19020 111160 1 2
11960 128240 15560 128800 1 2
11960 128240 15560 128800 2 2
11940 128240 15580 128800 0 2
11940 128240 15580 128800 1 2
11960 136640 15560 137200 1 2
11960 136640 15560 137200 2 2
11940 136640 15580 137200 0 2
11940 136640 15580 137200 1 2
11960 140000 15560 140560 1 2
11960 140000 15560 140560 2 2
11940 140000 15580 140560 0 2
11940 140000 15580 140560 1 2
11960 148400 15560 148960 1 2
11960 148400 15560 148960 2 2
11940 148400 15580 148960 0 2
11940 148400 15580 148960 1 2
11960 151760 15560 152320 1 2
11960 151760 15560 152320 2 2
11940 151760 15580 152320 0 2
11940 151760 15580 152320 1 2
11960 160160 15560 160720 1 2
11960 160160 15560 160720 2 2
11940 160160 15580 160720 0 2
11940 160160 15580 160720 1 2
11960 163520 15560 164080 1 2
11960 163520 15560 164080 2 2
11940 163520 15580 164080 0 2
11940 163520 15580 164080 1 2
11960 171920 15560 172480 1 2
11960 171920 15560 172480 2 2
11940 171920 15580 172480 0 2
11940 171920 15580 172480 1 2
11960 175280 15560 175840 1 2
11960 175280 15560 175840 2 2
11940 175280 15580 175840 0 2
11940 175280 15580 175840 1 2
11960 183680 15560 184240 1 2
11960 183680 15560 184240 2 2
11940 183680 15580 184240 0 2
11940 183680 15580 184240 1 2
11960 187040 15560 187600 1 2
11960 187040 15560 187600 2 2
11940 187040 15580 187600 0 2
11940 187040 15580 187600 1 2
11960 195440 15560 196000 1 2
11960 195440 15560 196000 2 2
11940 195440 15580 196000 0 2
11940 195440 15580 196000 1 2
11960 198800 15560 199360 1 2
11960 198800 15560 199360 2 2
11940 198800 15580 199360 0 2
11940 198800 15580 199360 1 2
11960 207200 15560 207760 1 2
11960 207200 15560 207760 2 2
11940 207200 15580 207760 0 2
11940 207200 15580 207760 1 2
11960 210560 15560 211120 1 2
11960 210560 15560 211120 2 2
11940 210560 15580 211120 0 2
11940 210560 15580 211120 1 2
11960 218960 15560 219520 1 2
11960 218960 15560 219520 2 2
11940 218960 15580 219520 0 2
11940 218960 15580 219520 1 2
11960 222320 15560 222880 1 2
11960 222320 15560 222880 2 2
11940 222320 15580 222880 0 2
11940 222320 15580 222880 1 2
11960 230720 15560 231280 1 2
11960 230720 15560 231280 2 2
11940 230720 15580 231280 0 2
11940 230720 15580 231280 1 2
11960 234080 15560 234640 1 2
11960 234080 15560 234640 2 2
11940 234080 15580 234640 0 2
11940 234080 15580 234640 1 2
11960 242480 15560 243040 1 2
11960 242480 15560 243040 2 2
11940 242480 15580 243040 0 2
11940 242480 15580 243040 1 2
11960 245840 15560 246400 1 2
11960 245840 15560 246400 2 2
11940 245840 15580 246400 0 2
11940 245840 15580 246400 1 2
11960 254240 15560 254800 1 2
11960 254240 15560 254800 2 2
11940 254240 15580 254800 0 2
11940 254240 15580 254800 1 2
11960 257600 15560 258160 1 2
11960 257600 15560 258160 2 2
11940 257600 15580 258160 0 2
11940 257600 15580 258160 1 2
11960 266000 15560 266560 1 2
11960 266000 15560 266560 2 2
11940 266000 15580 266560 0 2
11940 266000 15580 266560 1 2
11960 269360 15560 269920 1 2
11960 269360 15560 269920 2 2
11940 269360 15580 269920 0 2
11940 269360 15580 269920 1 2
11960 277760 15560 278320 1 2
11960 277760 15560 278320 2 2
11940 277760 15580 278320 0 2
11940 277760 15580 278320 1 2
11960 281120 15560 281680 1 2
11960 281120 15560 281680 2 2
11940 281120 15580 281680 0 2
11940 281120 15580 281680 1 2
11960 289520 15560 290080 1 2
11960 289520 15560 290080 2 2
11940 289520 15580 290080 0 2
11940 289520 15580 290080 1 2
11960 292880 15560 293440 1 2
11960 292880 15560 293440 2 2
11940 292880 15580 293440 0 2
11940 292880 15580 293440 1 2
11960 301280 15560 301840 1 2
11960 301280 15560 301840 2 2
11940 301280 15580 301840 0 2
11940 301280 15580 301840 1 2
11960 304640 15560 305200 1 2
11960 304640 15560 305200 2 2
11940 304640 15580 305200 0 2
11940 304640 15580 305200 1 2
11960 313040 15560 313600 1 2
11960 313040 15560 313600 2 2
11940 313040 15580 313600 0 2
11940 313040 15580 313600 1 2
11960 316400 15560 316960 1 2
11960 316400 15560 316960 2 2
11940 316400 15580 316960 0 2
11940 316400 15580 316960 1 2
11960 324800 15560 325360 1 2
11960 324800 15560 325360 2 2
11940 324800 15580 325360 0 2
11940 324800 15580 325360 1 2
11960 328160 15560 328720 1 2
11960 328160 15560 328720 2 2
11940 328160 15580 328720 0 2
11940 328160 15580 328720 1 2
11960 336560 15560 337120 1 2
11960 336560 15560 337120 2 2
11940 336560 15580 337120 0 2
11940 336560 15580 337120 1 2
11960 339920 15560 340480 1 2
11960 339920 15560 340480 2 2
11940 339920 15580 340480 0 2
11940 339920 15580 340480 1 2
11960 348320 15560 348880 1 2
11960 348320 15560 348880 2 2
11940 348320 15580 348880 0 2
11940 348320 15580 348880 1 2
11960 351680 15560 352240 1 2
11960 351680 15560 352240 2 2
11940 351680 15580 352240 0 2
11940 351680 15580 352240 1 2
11960 360080 15560 360640 1 2
11960 360080 15560 360640 2 2
11940 360080 15580 360640 0 2
11940 360080 15580 360640 1 2
11960 363440 15560 364000 1 2
11960 363440 15560 364000 2 2
11940 363440 15580 364000 0 2
11940 363440 15580 364000 1 2
11960 371840 15560 372400 1 2
11960 371840 15560 372400 2 2
11940 371840 15580 372400 0 2
11940 371840 15580 372400 1 2
11960 375200 15560 375760 1 2
11960 375200 15560 375760 2 2
11940 375200 15580 375760 0 2
11940 375200 15580 375760 1 2
11960 383600 15560 384160 1 2
11960 383600 15560 384160 2 2
11940 383600 15580 384160 0 2
11940 383600 15580 384160 1 2
11960 386960 15560 387520 1 2
11960 386960 15560 387520 2 2
11940 386960 15580 387520 0 2
11940 386960 15580 387520 1 2
11960 395360 15560 395920 1 2
11960 395360 15560 395920 2 2
11940 395360 15580 395920 0 2
11940 395360 15580 395920 1 2
11960 398720 15560 399280 1 2
11960 398720 15560 399280 2 2
11940 398720 15580 399280 0 2
11940 398720 15580 399280 1 2
11960 407120 15560 407680 1 2
11960 407120 15560 407680 2 2
11940 407120 15580 407680 0 2
11940 407120 15580 407680 1 2
11960 410480 15560 411040 1 2
11960 410480 15560 411040 2 2
11940 410480 15580 411040 0 2
11940 410480 15580 411040 1 2
11960 418880 15560 419440 1 2
11960 418880 15560 419440 2 2
11940 418880 15580 419440 0 2
11940 418880 15580 419440 1 2
11960 422240 15560 422800 1 2
11960 422240 15560 422800 2 2
11940 422240 15580 422800 0 2
11940 422240 15580 422800 1 2
11960 430640 15560 431200 1 2
11960 430640 15560 431200 2 2
11940 430640 15580 431200 0 2
11940 430640 15580 431200 1 2
11960 434000 15560 434560 1 2
11960 434000 15560 434560 2 2
11940 434000 15580 434560 0 2
11940 434000 15580 434560 1 2
11960 442400 15560 442960 1 2
11960 442400 15560 442960 2 2
11940 442400 15580 442960 0 2
11940 442400 15580 442960 1 2
11960 445760 15560 446320 1 2
11960 445760 15560 446320 2 2
11940 445760 15580 446320 0 2
11940 445760 15580 446320 1 2
11960 422560 13840 424160 3 2
11960 422560 13840 424160 4 2
11960 422560 13840 424160 2 2
11960 422560 13840 424160 3 2
12620 135950 13180 961090 2 2
12620 135950 13180 961090 3 2
12620 136000 13180 961040 1 2
12620 136000 13180 961040 2 2
12620 422340 13180 424380 2 2
12620 422340 13180 424380 3 2
12620 422390 13180 424330 1 2
12620 422390 13180 424330 2 2
12650 104380 13150 112340 0 2
12650 104380 13150 112340 1 2
12650 127900 13150 135860 0 2
12650 127900 13150 135860 1 2
12650 135460 13150 138380 0 2
12650 135460 13150 138380 1 2
12650 139660 13150 147620 0 2
12650 139660 13150 147620 1 2
12650 147220 13150 150140 0 2
12650 147220 13150 150140 1 2
12650 151420 13150 159380 0 2
12650 151420 13150 159380 1 2
12650 158980 13150 161900 0 2
12650 158980 13150 161900 1 2
12650 163180 13150 171140 0 2
12650 163180 13150 171140 1 2
12650 170740 13150 173660 0 2
12650 170740 13150 173660 1 2
12650 174940 13150 182900 0 2
12650 174940 13150 182900 1 2
12650 182500 13150 185420 0 2
12650 182500 13150 185420 1 2
12650 186700 13150 194660 0 2
12650 186700 13150 194660 1 2
12650 194260 13150 197180 0 2
12650 194260 13150 197180 1 2
12650 198460 13150 206420 0 2
12650 198460 13150 206420 1 2
12650 206020 13150 208940 0 2
12650 206020 13150 208940 1 2
12650 210220 13150 218180 0 2
12650 210220 13150 218180 1 2
12650 217780 13150 220700 0 2
12650 217780 13150 220700 1 2
12650 221980 13150 229940 0 2
12650 221980 13150 229940 1 2
12650 229540 13150 232460 0 2
12650 229540 13150 232460 1 2
12650 233740 13150 241700 0 2
12650 233740 13150 241700 1 2
12650 241300 13150 244220 0 2
12650 241300 13150 244220 1 2
12650 245500 13150 253460 0 2
12650 245500 13150 253460 1 2
12650 253060 13150 255980 0 2
12650 253060 13150 255980 1 2
12650 257260 13150 265220 0 2
12650 257260 13150 265220 1 2
12650 264820 13150 267740 0 2
12650 264820 13150 267740 1 2
12650 269020 13150 276980 0 2
12650 269020 13150 276980 1 2
12650 276580 13150 279500 0 2
12650 276580 13150 279500 1 2
12650 280780 13150 288740 0 2
12650 280780 13150 288740 1 2
12650 288340 13150 291260 0 2
12650 288340 13150 291260 1 2
12650 292540 13150 300500 0 2
12650 292540 13150 300500 1 2
12650 300100 13150 303020 0 2
12650 300100 13150 303020 1 2
12650 304300 13150 312260 0 2
12650 304300 13150 312260 1 2
12650 311860 13150 314780 0 2
12650 311860 13150 314780 1 2
12650 316060 13150 324020 0 2
12650 316060 13150 324020 1 2
12650 323620 13150 326540 0 2
12650 323620 13150 326540 1 2
12650 327820 13150 335780 0 2
12650 327820 13150 335780 1 2
12650 335380 13150 338300 0 2
12650 335380 13150 338300 1 2
12650 339580 13150 347540 0 2
12650 339580 13150 347540 1 2
12650 347140 13150 350060 0 2
12650 347140 13150 350060 1 2
12650 351340 13150 359300 0 2
12650 351340 13150 359300 1 2
12650 358900 13150 361820 0 2
12650 358900 13150 361820 1 2
12650 363100 13150 371060 0 2
12650 363100 13150 371060 1 2
12650 370660 13150 373580 0 2
12650 370660 13150 373580 1 2
12650 374860 13150 382820 0 2
12650 374860 13150 382820 1 2
12650 382420 13150 385340 0 2
12650 382420 13150 385340 1 2
12650 386620 13150 394580 0 2
12650 386620 13150 394580 1 2
12650 394180 13150 397100 0 2
12650 394180 13150 397100 1 2
12650 398380 13150 406340 0 2
12650 398380 13150 406340 1 2
12650 405940 13150 408860 0 2
12650 405940 13150 408860 1 2
12650 410140 13150 418100 0 2
12650 410140 13150 418100 1 2
12650 417700 13150 420620 0 2
12650 417700 13150 420620 1 2
12650 421900 13150 429860 0 2
12650 421900 13150 429860 1 2
12650 429460 13150 432380 0 2
12650 429460 13150 432380 1 2
12650 433660 13150 441620 0 2
12650 433660 13150 441620 1 2
12650 441220 13150 444140 0 2
12650 441220 13150 444140 1 2
12650 445420 13150 453380 0 2
12650 445420 13150 453380 1 2
12820 111440 18140 112000 1 2
12820 111440 18140 112000 2 2
12800 111440 18160 112000 0 2
12800 111440 18160 112000 1 2
12820 113960 19860 114520 1 2
12820 113960 19860 114520 2 2
12800 113960 19880 114520 0 2
12800 113960 19880 114520 1 2
12820 409960 14700 411560 3 2
12820 409960 14700 411560 4 2
12820 409960 14700 411560 2 2
12820 409960 14700 411560 3 2
13480 127550 14040 952690 2 2
13480 127550 14040 952690 3 2
13480 127600 14040 952640 1 2
13480 127600 14040 952640 2 2
13480 409740 14040 411780 2 2
13480 409740 14040 411780 3 2
13480 409790 14040 411730 1 2
13480 409790 14040 411730 2 2
13510 104380 14010 112340 0 2
13510 104380 14010 112340 1 2
13510 112780 14010 120740 0 2
13510 112780 14010 120740 1 2
13510 127900 14010 135860 0 2
13510 127900 14010 135860 1 2
13510 139660 14010 147620 0 2
13510 139660 14010 147620 1 2
13510 151420 14010 159380 0 2
13510 151420 14010 159380 1 2
13510 163180 14010 171140 0 2
13510 163180 14010 171140 1 2
13510 174940 14010 182900 0 2
13510 174940 14010 182900 1 2
13510 186700 14010 194660 0 2
13510 186700 14010 194660 1 2
13510 198460 14010 206420 0 2
13510 198460 14010 206420 1 2
13510 210220 14010 218180 0 2
13510 210220 14010 218180 1 2
13510 221980 14010 229940 0 2
13510 221980 14010 229940 1 2
13510 233740 14010 241700 0 2
13510 233740 14010 241700 1 2
13510 245500 14010 253460 0 2
13510 245500 14010 253460 1 2
13510 257260 14010 265220 0 2
13510 257260 14010 265220 1 2
13510 269020 14010 276980 0 2
13510 269020 14010 276980 1 2
13510 280780 14010 288740 0 2
13510 280780 14010 288740 1 2
13510 292540 14010 300500 0 2
13510 292540 14010 300500 1 2
13510 304300 14010 312260 0 2
13510 304300 14010 312260 1 2
13510 316060 14010 324020 0 2
13510 316060 14010 324020 1 2
13510 327820 14010 335780 0 2
13510 327820 14010 335780 1 2
13510 339580 14010 347540 0 2
13510 339580 14010 347540 1 2
13510 351340 14010 359300 0 2
13510 351340 14010 359300 1 2
13510 363100 14010 371060 0 2
13510 363100 14010 371060 1 2
13510 374860 14010 382820 0 2
13510 374860 14010 382820 1 2
13510 386620 14010 394580 0 2
13510 386620 14010 394580 1 2
13510 398380 14010 406340 0 2
13510 398380 14010 406340 1 2
13510 410140 14010 418100 0 2
13510 410140 14010 418100 1 2
13510 421900 14010 429860 0 2
13510 421900 14010 429860 1 2
13510 433660 14010 441620 0 2
13510 433660 14010 441620 1 2
13510 445420 14010 453380 0 2
13510 445420 14010 453380 1 2
13620 103730 15980 107950 4 2
13620 103730 15980 107950 5 2
13620 104580 15980 107100 3 2
13620 104580 15980 107100 4 2
13620 104060 15980 115180 4 2
13620 104060 15980 115180 5 2
13620 104910 15980 114330 3 2
13620 104910 15980 114330 4 2
13620 111290 15980 115510 4 2
13620 111290 15980 115510 5 2
13620 112140 15980 114660 3 2
13620 112140 15980 114660 4 2
13150 409960 17810 411560 3 2
13150 409960 17810 411560 4 2
13150 409960 17810 411560 2 2
13150 409960 17810 411560 3 2
13390 105040 16210 106640 3 2
13390 105040 16210 106640 4 2
13390 105040 16210 106640 2 2
13390 105040 16210 106640 3 2
13680 113120 19000 113680 1 2
13680 113120 19000 113680 2 2
13660 113120 19020 113680 0 2
13660 113120 19020 113680 1 2
13680 121520 19000 122080 1 2
13680 121520 19000 122080 2 2
13660 121520 19020 122080 0 2
13660 121520 19020 122080 1 2
13680 125720 19000 126280 1 2
13680 125720 19000 126280 2 2
13660 125720 19020 126280 0 2
13660 125720 19020 126280 1 2
13680 112600 15560 114200 3 2
13680 112600 15560 114200 4 2
13680 112600 15560 114200 2 2
13680 112600 15560 114200 3 2
13700 114800 15540 115360 1 2
13700 114800 15540 115360 2 2
13680 114800 15560 115360 0 2
13680 114800 15560 115360 1 2
14340 112380 14900 114420 2 2
14340 112380 14900 114420 3 2
14340 112430 14900 114370 1 2
14340 112430 14900 114370 2 2
14340 112750 14900 115730 2 2
14340 112750 14900 115730 3 2
14340 112800 14900 115680 1 2
14340 112800 14900 115680 2 2
14340 114110 14900 116050 2 2
14340 114110 14900 116050 3 2
14340 114160 14900 116000 1 2
14340 114160 14900 116000 2 2
14370 104380 14870 112340 0 2
14370 104380 14870 112340 1 2
14370 112780 14870 120740 0 2
14370 112780 14870 120740 1 2
14370 120340 14870 123260 0 2
14370 120340 14870 123260 1 2
14370 124540 14870 127460 0 2
14370 124540 14870 127460 1 2
13800 112600 15620 114200 3 2
13800 112600 15620 114200 4 2
13800 112600 15620 114200 2 2
13800 112600 15620 114200 3 2
13860 112600 15740 114200 3 2
13860 112600 15740 114200 4 2
13860 112600 15740 114200 2 2
13860 112600 15740 114200 3 2
14020 114800 16080 115360 1 2
14020 114800 16080 115360 2 2
14000 114800 16100 115360 0 2
14000 114800 16100 115360 1 2
14560 114800 16400 115360 1 2
14560 114800 16400 115360 2 2
14540 114800 16420 115360 0 2
14540 114800 16420 115360 1 2
15200 114110 15760 116050 2 2
15200 114110 15760 116050 3 2
15200 114160 15760 116000 1 2
15200 114160 15760 116000 2 2
15200 114150 15760 116010 2 2
15200 114150 15760 116010 3 2
15200 114200 15760 115960 1 2
15200 114200 15760 115960 2 2
15230 104380 15730 112340 0 2
15230 104380 15730 112340 1 2
15230 112780 15730 120740 0 2
15230 112780 15730 120740 1 2
15400 133280 19000 133840 1 2
15400 133280 19000 133840 2 2
15380 133280 19020 133840 0 2
15380 133280 19020 133840 1 2
15400 141680 19000 142240 1 2
15400 141680 19000 142240 2 2
15380 141680 19020 142240 0 2
15380 141680 19020 142240 1 2
15400 145040 19000 145600 1 2
15400 145040 19000 145600 2 2
15380 145040 19020 145600 0 2
15380 145040 19020 145600 1 2
15400 153440 19000 154000 1 2
15400 153440 19000 154000 2 2
15380 153440 19020 154000 0 2
15380 153440 19020 154000 1 2
15400 156800 19000 157360 1 2
15400 156800 19000 157360 2 2
15380 156800 19020 157360 0 2
15380 156800 19020 157360 1 2
15400 165200 19000 165760 1 2
15400 165200 19000 165760 2 2
15380 165200 19020 165760 0 2
15380 165200 19020 165760 1 2
15400 168560 19000 169120 1 2
15400 168560 19000 169120 2 2
15380 168560 19020 169120 0 2
15380 168560 19020 169120 1 2
15400 176960 19000 177520 1 2
15400 176960 19000 177520 2 2
15380 176960 19020 177520 0 2
15380 176960 19020 177520 1 2
15400 180320 19000 180880 1 2
15400 180320 19000 180880 2 2
15380 180320 19020 180880 0 2
15380 180320 19020 180880 1 2
15400 188720 19000 189280 1 2
15400 188720 19000 189280 2 2
15380 188720 19020 189280 0 2
15380 188720 19020 189280 1 2
15400 192080 19000 192640 1 2
15400 192080 19000 192640 2 2
15380 192080 19020 192640 0 2
15380 192080 19020 192640 1 2
15400 200480 19000 201040 1 2
15400 200480 19000 201040 2 2
15380 200480 19020 201040 0 2
15380 200480 19020 201040 1 2
15400 203840 19000 204400 1 2
15400 203840 19000 204400 2 2
15380 203840 19020 204400 0 2
15380 203840 19020 204400 1 2
15400 212240 19000 212800 1 2
15400 212240 19000 212800 2 2
15380 212240 19020 212800 0 2
15380 212240 19020 212800 1 2
15400 215600 19000 216160 1 2
15400 215600 19000 216160 2 2
15380 215600 19020 216160 0 2
15380 215600 19020 216160 1 2
15400 224000 19000 224560 1 2
15400 224000 19000 224560 2 2
15380 224000 19020 224560 0 2
15380 224000 19020 224560 1 2
15400 227360 19000 227920 1 2
15400 227360 19000 227920 2 2
15380 227360 19020 227920 0 2
15380 227360 19020 227920 1 2
15400 235760 19000 236320 1 2
15400 235760 19000 236320 2 2
15380 235760 19020 236320 0 2
15380 235760 19020 236320 1 2
15400 239120 19000 239680 1 2
15400 239120 19000 239680 2 2
15380 239120 19020 239680 0 2
15380 239120 19020 239680 1 2
15400 247520 19000 248080 1 2
15400 247520 19000 248080 2 2
15380 247520 19020 248080 0 2
15380 247520 19020 248080 1 2
15400 250880 19000 251440 1 2
15400 250880 19000 251440 2 2
15380 250880 19020 251440 0 2
15380 250880 19020 251440 1 2
15400 259280 19000 259840 1 2
15400 259280 19000 259840 2 2
15380 259280 19020 259840 0 2
15380 259280 19020 259840 1 2
15400 262640 19000 263200 1 2
15400 262640 19000 263200 2 2
15380 262640 19020 263200 0 2
15380 262640 19020 263200 1 2
15400 271040 19000 271600 1 2
15400 271040 19000 271600 2 2
15380 271040 19020 271600 0 2
15380 271040 19020 271600 1 2
15400 274400 19000 274960 1 2
15400 274400 19000 274960 2 2
15380 274400 19020 274960 0 2
15380 274400 19020 274960 1 2
15400 282800 19000 283360 1 2
15400 282800 19000 283360 2 2
15380 282800 19020 283360 0 2
15380 282800 19020 283360 1 2
15400 286160 19000 286720 1 2
15400 286160 19000 286720 2 2
15380 286160 19020 286720 0 2
15380 286160 19020 286720 1 2
15400 294560 19000 295120 1 2
15400 294560 19000 295120 2 2
15380 294560 19020 295120 0 2
15380 294560 19020 295120 1 2
15400 297920 19000 298480 1 2
15400 297920 19000 298480 2 2
15380 297920 19020 298480 0 2
15380 297920 19020 298480 1 2
15400 306320 19000 306880 1 2
15400 306320 19000 306880 2 2
15380 306320 19020 306880 0 2
15380 306320 19020 306880 1 2
15400 309680 19000 310240 1 2
15400 309680 19000 310240 2 2
15380 309680 19020 310240 0 2
15380 309680 19020 310240 1 2
15400 318080 19000 318640 1 2
15400 318080 19000 318640 2 2
15380 318080 19020 318640 0 2
15380 318080 19020 318640 1 2
15400 321440 19000 322000 1 2
15400 321440 19000 322000 2 2
15380 321440 19020 322000 0 2
15380 321440 19020 322000 1 2
15400 329840 19000 330400 1 2
15400 329840 19000 330400 2 2
15380 329840 19020 330400 0 2
15380 329840 19020 330400 1 2
15400 333200 19000 333760 1 2
15400 333200 19000 333760 2 2
15380 333200 19020 333760 0 2
15380 333200 19020 333760 1 2
15400 341600 19000 342160 1 2
15400 341600 19000 342160 2 2
15380 341600 19020 342160 0 2
15380 341600 19020 342160 1 2
15400 344960 19000 345520 1 2
15400 344960 19000 345520 2 2
15380 344960 19020 345520 0 2
15380 344960 19020 345520 1 2
15400 353360 19000 353920 1 2
15400 353360 19000 353920 2 2
15380 353360 19020 353920 0 2
15380 353360 19020 353920 1 2
15400 356720 19000 357280 1 2
15400 356720 19000 357280 2 2
15380 356720 19020 357280 0 2
15380 356720 19020 357280 1 2
15400 365120 19000 365680 1 2
15400 365120 19000 365680 2 2
15380 365120 19020 365680 0 2
15380 365120 19020 365680 1 2
15400 368480 19000 369040 1 2
15400 368480 19000 369040 2 2
15380 368480 19020 369040 0 2
15380 368480 19020 369040 1 2
15400 376880 19000 377440 1 2
15400 376880 19000 377440 2 2
15380 376880 19020 377440 0 2
15380 376880 19020 377440 1 2
15400 380240 19000 380800 1 2
15400 380240 19000 380800 2 2
15380 380240 19020 380800 0 2
15380 380240 19020 380800 1 2
15400 388640 19000 389200 1 2
15400 388640 19000 389200 2 2
15380 388640 19020 389200 0 2
15380 388640 19020 389200 1 2
15400 392000 19000 392560 1 2
15400 392000 19000 392560 2 2
15380 392000 19020 392560 0 2
15380 392000 19020 392560 1 2
15400 400400 19000 400960 1 2
15400 400400 19000 400960 2 2
15380 400400 19020 400960 0 2
15380 400400 19020 400960 1 2
15400 403760 19000 404320 1 2
15400 403760 19000 404320 2 2
15380 403760 19020 404320 0 2
15380 403760 19020 404320 1 2
15400 412160 19000 412720 1 2
15400 412160 19000 412720 2 2
15380 412160 19020 412720 0 2
15380 412160 19020 412720 1 2
15400 415520 19000 416080 1 2
15400 415520 19000 416080 2 2
15380 415520 19020 416080 0 2
15380 415520 19020 416080 1 2
15400 423920 19000 424480 1 2
15400 423920 19000 424480 2 2
15380 423920 19020 424480 0 2
15380 423920 19020 424480 1 2
15420 132440 17260 133000 1 2
15420 132440 17260 133000 2 2
15400 132440 17280 133000 0 2
15400 132440 17280 133000 1 2
16060 111070 16620 114050 2 2
16060 111070 16620 114050 3 2
16060 111120 16620 114000 1 2
16060 111120 16620 114000 2 2
16060 112430 16620 122770 2 2
16060 112430 16620 122770 3 2
16060 112480 16620 122720 1 2
16060 112480 16620 122720 2 2
16060 121150 16620 133370 2 2
16060 121150 16620 133370 3 2
16060 121200 16620 133320 1 2
16060 121200 16620 133320 2 2
16060 131750 16620 133690 2 2
16060 131750 16620 133690 3 2
16060 131800 16620 133640 1 2
16060 131800 16620 133640 2 2
16090 104380 16590 112340 0 2
16090 104380 16590 112340 1 2
16090 112780 16590 120740 0 2
16090 112780 16590 120740 1 2
16090 120340 16590 123260 0 2
16090 120340 16590 123260 1 2
16090 124540 16590 127460 0 2
16090 124540 16590 127460 1 2
15740 132440 18660 133000 1 2
15740 132440 18660 133000 2 2
15720 132440 18680 133000 0 2
15720 132440 18680 133000 1 2
16260 129080 19860 129640 1 2
16260 129080 19860 129640 2 2
16240 129080 19880 129640 0 2
16240 129080 19880 129640 1 2
16260 140840 19860 141400 1 2
16260 140840 19860 141400 2 2
16240 140840 19880 141400 0 2
16240 140840 19880 141400 1 2
16260 152600 19860 153160 1 2
16260 152600 19860 153160 2 2
16240 152600 19880 153160 0 2
16240 152600 19880 153160 1 2
16260 164360 19860 164920 1 2
16260 164360 19860 164920 2 2
16240 164360 19880 164920 0 2
16240 164360 19880 164920 1 2
16260 176120 19860 176680 1 2
16260 176120 19860 176680 2 2
16240 176120 19880 176680 0 2
16240 176120 19880 176680 1 2
16260 187880 19860 188440 1 2
16260 187880 19860 188440 2 2
16240 187880 19880 188440 0 2
16240 187880 19880 188440 1 2
16260 199640 19860 200200 1 2
16260 199640 19860 200200 2 2
16240 199640 19880 200200 0 2
16240 199640 19880 200200 1 2
16260 211400 19860 211960 1 2
16260 211400 19860 211960 2 2
16240 211400 19880 211960 0 2
16240 211400 19880 211960 1 2
16260 223160 19860 223720 1 2
16260 223160 19860 223720 2 2
16240 223160 19880 223720 0 2
16240 223160 19880 223720 1 2
16260 234920 19860 235480 1 2
16260 234920 19860 235480 2 2
16240 234920 19880 235480 0 2
16240 234920 19880 235480 1 2
16260 246680 19860 247240 1 2
16260 246680 19860 247240 2 2
16240 246680 19880 247240 0 2
16240 246680 19880 247240 1 2
16260 258440 19860 259000 1 2
16260 258440 19860 259000 2 2
16240 258440 19880 259000 0 2
16240 258440 19880 259000 1 2
16260 270200 19860 270760 1 2
16260 270200 19860 270760 2 2
16240 270200 19880 270760 0 2
16240 270200 19880 270760 1 2
16260 281960 19860 282520 1 2
16260 281960 19860 282520 2 2
16240 281960 19880 282520 0 2
16240 281960 19880 282520 1 2
16260 293720 19860 294280 1 2
16260 293720 19860 294280 2 2
16240 293720 19880 294280 0 2
16240 293720 19880 294280 1 2
16260 305480 19860 306040 1 2
16260 305480 19860 306040 2 2
16240 305480 19880 306040 0 2
16240 305480 19880 306040 1 2
16260 317240 19860 317800 1 2
16260 317240 19860 317800 2 2
16240 317240 19880 317800 0 2
16240 317240 19880 317800 1 2
16260 329000 19860 329560 1 2
16260 329000 19860 329560 2 2
16240 329000 19880 329560 0 2
16240 329000 19880 329560 1 2
16260 340760 19860 341320 1 2
16260 340760 19860 341320 2 2
16240 340760 19880 341320 0 2
16240 340760 19880 341320 1 2
16260 352520 19860 353080 1 2
16260 352520 19860 353080 2 2
16240 352520 19880 353080 0 2
16240 352520 19880 353080 1 2
16260 364280 19860 364840 1 2
16260 364280 19860 364840 2 2
16240 364280 19880 364840 0 2
16240 364280 19880 364840 1 2
16260 376040 19860 376600 1 2
16260 376040 19860 376600 2 2
16240 376040 19880 376600 0 2
16240 376040 19880 376600 1 2
16260 387800 19860 388360 1 2
16260 387800 19860 388360 2 2
16240 387800 19880 388360 0 2
16240 387800 19880 388360 1 2
16260 399560 19860 400120 1 2
16260 399560 19860 400120 2 2
16240 399560 19880 400120 0 2
16240 399560 19880 400120 1 2
16260 411320 19860 411880 1 2
16260 411320 19860 411880 2 2
16240 411320 19880 411880 0 2
16240 411320 19880 411880 1 2
16260 423080 19860 423640 1 2
16260 423080 19860 423640 2 2
16240 423080 19880 423640 0 2
16240 423080 19880 423640 1 2
16260 409960 18140 411560 3 2
16260 409960 18140 411560 4 2
16260 409960 18140 411560 2 2
16260 409960 18140 411560 3 2
16920 140990 17480 425170 2 2
16920 140990 17480 425170 3 2
16920 141040 17480 425120 1 2
16920 141040 17480 425120 2 2
16920 409740 17480 411780 2 2
16920 409740 17480 411780 3 2
16920 409790 17480 411730 1 2
16920 409790 17480 411730 2 2
16950 104380 17450 112340 0 2
16950 104380 17450 112340 1 2
16950 112780 17450 120740 0 2
16950 112780 17450 120740 1 2
16950 134620 17450 142580 0 2
16950 134620 17450 142580 1 2
16950 146380 17450 154340 0 2
16950 146380 17450 154340 1 2
16950 158140 17450 166100 0 2
16950 158140 17450 166100 1 2
16950 169900 17450 177860 0 2
16950 169900 17450 177860 1 2
16950 181660 17450 189620 0 2
16950 181660 17450 189620 1 2
16950 193420 17450 201380 0 2
16950 193420 17450 201380 1 2
16950 205180 17450 213140 0 2
16950 205180 17450 213140 1 2
16950 216940 17450 224900 0 2
16950 216940 17450 224900 1 2
16950 228700 17450 236660 0 2
16950 228700 17450 236660 1 2
16950 240460 17450 248420 0 2
16950 240460 17450 248420 1 2
16950 252220 17450 260180 0 2
16950 252220 17450 260180 1 2
16950 263980 17450 271940 0 2
16950 263980 17450 271940 1 2
16950 275740 17450 283700 0 2
16950 275740 17450 283700 1 2
16950 287500 17450 295460 0 2
16950 287500 17450 295460 1 2
16950 299260 17450 307220 0 2
16950 299260 17450 307220 1 2
16950 311020 17450 318980 0 2
16950 311020 17450 318980 1 2
16950 322780 17450 330740 0 2
16950 322780 17450 330740 1 2
16950 334540 17450 342500 0 2
16950 334540 17450 342500 1 2
16950 346300 17450 354260 0 2
16950 346300 17450 354260 1 2
16950 358060 17450 366020 0 2
16950 358060 17450 366020 1 2
16950 369820 17450 377780 0 2
16950 369820 17450 377780 1 2
16950 381580 17450 389540 0 2
16950 381580 17450 389540 1 2
16950 393340 17450 401300 0 2
16950 393340 17450 401300 1 2
16950 405100 17450 413060 0 2
16950 405100 17450 413060 1 2
16950 416860 17450 424820 0 2
16950 416860 17450 424820 1 2
17140 132440 18980 133000 1 2
17140 132440 18980 133000 2 2
17120 132440 19000 133000 0 2
17120 132440 19000 133000 1 2
17780 131750 18340 133690 2 2
17780 131750 18340 133690 3 2
17780 131800 18340 133640 1 2
17780 131800 18340 133640 2 2
17780 132070 18340 134210 2 2
17780 132070 18340 134210 3 2
17780 132120 18340 134160 1 2
17780 132120 18340 134160 2 2
17780 132590 18340 416770 2 2
17780 132590 18340 416770 3 2
17780 132640 18340 416720 1 2
17780 132640 18340 416720 2 2
17810 104380 18310 112340 0 2
17810 104380 18310 112340 1 2
17810 112780 18310 120740 0 2
17810 112780 18310 120740 1 2
17810 120340 18310 123260 0 2
17810 120340 18310 123260 1 2
17810 124540 18310 127460 0 2
17810 124540 18310 127460 1 2
17810 127900 18310 130820 0 2
17810 127900 18310 130820 1 2
17810 132100 18310 135020 0 2
17810 132100 18310 135020 1 2
17810 134620 18310 142580 0 2
17810 134620 18310 142580 1 2
17810 143860 18310 146780 0 2
17810 143860 18310 146780 1 2
17810 146380 18310 154340 0 2
17810 146380 18310 154340 1 2
17810 155620 18310 158540 0 2
17810 155620 18310 158540 1 2
17810 158140 18310 166100 0 2
17810 158140 18310 166100 1 2
17810 167380 18310 170300 0 2
17810 167380 18310 170300 1 2
17810 169900 18310 177860 0 2
17810 169900 18310 177860 1 2
17810 179140 18310 182060 0 2
17810 179140 18310 182060 1 2
17810 181660 18310 189620 0 2
17810 181660 18310 189620 1 2
17810 190900 18310 193820 0 2
17810 190900 18310 193820 1 2
17810 193420 18310 201380 0 2
17810 193420 18310 201380 1 2
17810 202660 18310 205580 0 2
17810 202660 18310 205580 1 2
17810 205180 18310 213140 0 2
17810 205180 18310 213140 1 2
17810 214420 18310 217340 0 2
17810 214420 18310 217340 1 2
17810 216940 18310 224900 0 2
17810 216940 18310 224900 1 2
17810 226180 18310 229100 0 2
17810 226180 18310 229100 1 2
17810 228700 18310 236660 0 2
17810 228700 18310 236660 1 2
17810 237940 18310 240860 0 2
17810 237940 18310 240860 1 2
17810 240460 18310 248420 0 2
17810 240460 18310 248420 1 2
17810 249700 18310 252620 0 2
17810 249700 18310 252620 1 2
17810 252220 18310 260180 0 2
17810 252220 18310 260180 1 2
17810 261460 18310 264380 0 2
17810 261460 18310 264380 1 2
17810 263980 18310 271940 0 2
17810 263980 18310 271940 1 2
17810 273220 18310 276140 0 2
17810 273220 18310 276140 1 2
17810 275740 18310 283700 0 2
17810 275740 18310 283700 1 2
17810 284980 18310 287900 0 2
17810 284980 18310 287900 1 2
17810 287500 18310 295460 0 2
17810 287500 18310 295460 1 2
17810 296740 18310 299660 0 2
17810 296740 18310 299660 1 2
17810 299260 18310 307220 0 2
17810 299260 18310 307220 1 2
17810 308500 18310 311420 0 2
17810 308500 18310 311420 1 2
17810 311020 18310 318980 0 2
17810 311020 18310 318980 1 2
17810 320260 18310 323180 0 2
17810 320260 18310 323180 1 2
17810 322780 18310 330740 0 2
17810 322780 18310 330740 1 2
17810 332020 18310 334940 0 2
17810 332020 18310 334940 1 2
17810 334540 18310 342500 0 2
17810 334540 18310 342500 1 2
17810 343780 18310 346700 0 2
17810 343780 18310 346700 1 2
17810 346300 18310 354260 0 2
17810 346300 18310 354260 1 2
17810 355540 18310 358460 0 2
17810 355540 18310 358460 1 2
17810 358060 18310 366020 0 2
17810 358060 18310 366020 1 2
17810 367300 18310 370220 0 2
17810 367300 18310 370220 1 2
17810 369820 18310 377780 0 2
17810 369820 18310 377780 1 2
17810 379060 18310 381980 0 2
17810 379060 18310 381980 1 2
17810 381580 18310 389540 0 2
17810 381580 18310 389540 1 2
17810 390820 18310 393740 0 2
17810 390820 18310 393740 1 2
17810 393340 18310 401300 0 2
17810 393340 18310 401300 1 2
17810 402580 18310 405500 0 2
17810 402580 18310 405500 1 2
17810 405100 18310 413060 0 2
17810 405100 18310 413060 1 2
17810 414340 18310 417260 0 2
17810 414340 18310 417260 1 2
17810 416860 18310 424820 0 2
17810 416860 18310 424820 1 2
18670 112780 19170 120740 0 2
18670 112780 19170 120740 1 2
18670 134620 19170 142580 0 2
18670 134620 19170 142580 1 2
18670 146380 19170 154340 0 2
18670 146380 19170 154340 1 2
18670 158140 19170 166100 0 2
18670 158140 19170 166100 1 2
18670 169900 19170 177860 0 2
18670 169900 19170 177860 1 2
18670 181660 19170 189620 0 2
18670 181660 19170 189620 1 2
18670 193420 19170 201380 0 2
18670 193420 19170 201380 1 2
18670 205180 19170 213140 0 2
18670 205180 19170 213140 1 2
18670 216940 19170 224900 0 2
18670 216940 19170 224900 1 2
18670 228700 19170 236660 0 2
18670 228700 19170 236660 1 2
18670 240460 19170 248420 0 2
18670 240460 19170 248420 1 2
18670 252220 19170 260180 0 2
18670 252220 19170 260180 1 2
18670 263980 19170 271940 0 2
18670 263980 19170 271940 1 2
18670 275740 19170 283700 0 2
18670 275740 19170 283700 1 2
18670 287500 19170 295460 0 2
18670 287500 19170 295460 1 2
18670 299260 19170 307220 0 2
18670 299260 19170 307220 1 2
18670 311020 19170 318980 0 2
18670 311020 19170 318980 1 2
18670 322780 19170 330740 0 2
18670 322780 19170 330740 1 2
18670 334540 19170 342500 0 2
18670 334540 19170 342500 1 2
18670 346300 19170 354260 0 2
18670 346300 19170 354260 1 2
18670 358060 19170 366020 0 2
18670 358060 19170 366020 1 2
18670 369820 19170 377780 0 2
18670 369820 19170 377780 1 2
18670 381580 19170 389540 0 2
18670 381580 19170 389540 1 2
18670 393340 19170 401300 0 2
18670 393340 19170 401300 1 2
18670 405100 19170 413060 0 2
18670 405100 19170 413060 1 2
18670 416860 19170 424820 0 2
18670 416860 19170 424820 1 2
