1000 113520 2440 114960 0 2
1000 140400 2440 141840 0 2
1000 152160 2440 153600 0 2
1000 163920 2440 165360 0 2
1000 175680 2440 177120 0 2
1000 187440 2440 188880 0 2
1000 199200 2440 200640 0 2
1000 210960 2440 212400 0 2
1000 222720 2440 224160 0 2
1000 234480 2440 235920 0 2
1000 246240 2440 247680 0 2
1000 258000 2440 259440 0 2
1000 269760 2440 271200 0 2
1000 281520 2440 282960 0 2
1000 293280 2440 294720 0 2
1000 305040 2440 306480 0 2
1000 316800 2440 318240 0 2
1000 328560 2440 330000 0 2
1000 340320 2440 341760 0 2
1000 352080 2440 353520 0 2
1000 363840 2440 365280 0 2
1000 375600 2440 377040 0 2
1000 387360 2440 388800 0 2
1000 399120 2440 400560 0 2
1000 410880 2440 412320 0 2
1000 422640 2440 424080 0 2
1860 86640 3300 88080 0 2
1860 98400 3300 99840 0 2
1860 110160 3300 111600 0 2
1860 112680 3300 114120 0 2
1860 121080 3300 122520 0 2
1860 125280 3300 126720 0 2
1860 128640 3300 130080 0 2
1860 132840 3300 134280 0 2
1860 141240 3300 142680 0 2
1860 144600 3300 146040 0 2
1860 153000 3300 154440 0 2
1860 156360 3300 157800 0 2
1860 164760 3300 166200 0 2
1860 168120 3300 169560 0 2
1860 176520 3300 177960 0 2
1860 179880 3300 181320 0 2
1860 188280 3300 189720 0 2
1860 191640 3300 193080 0 2
1860 200040 3300 201480 0 2
1860 203400 3300 204840 0 2
1860 211800 3300 213240 0 2
1860 215160 3300 216600 0 2
1860 223560 3300 225000 0 2
1860 226920 3300 228360 0 2
1860 235320 3300 236760 0 2
1860 238680 3300 240120 0 2
1860 247080 3300 248520 0 2
1860 250440 3300 251880 0 2
1860 258840 3300 260280 0 2
1860 262200 3300 263640 0 2
1860 270600 3300 272040 0 2
1860 273960 3300 275400 0 2
1860 282360 3300 283800 0 2
1860 285720 3300 287160 0 2
1860 294120 3300 295560 0 2
1860 297480 3300 298920 0 2
1860 305880 3300 307320 0 2
1860 309240 3300 310680 0 2
1860 317640 3300 319080 0 2
1860 321000 3300 322440 0 2
1860 329400 3300 330840 0 2
1860 332760 3300 334200 0 2
1860 341160 3300 342600 0 2
1860 344520 3300 345960 0 2
1860 352920 3300 354360 0 2
1860 356280 3300 357720 0 2
1860 364680 3300 366120 0 2
1860 368040 3300 369480 0 2
1860 376440 3300 377880 0 2
1860 379800 3300 381240 0 2
1860 388200 3300 389640 0 2
1860 391560 3300 393000 0 2
1860 399960 3300 401400 0 2
1860 403320 3300 404760 0 2
1860 411720 3300 413160 0 2
1860 415080 3300 416520 0 2
1860 423480 3300 424920 0 2
2720 12720 4160 14160 0 2
2720 24480 4160 25920 0 2
2720 36240 4160 37680 0 2
2720 48000 4160 49440 0 2
2720 59760 4160 61200 0 2
2720 71520 4160 72960 0 2
2720 74880 4160 76320 0 2
2720 79080 4160 80520 0 2
2720 87480 4160 88920 0 2
2720 90840 4160 92280 0 2
2720 99240 4160 100680 0 2
2720 102600 4160 104040 0 2
2720 111000 4160 112440 0 2
2720 113520 4160 114960 0 2
2720 140400 4160 141840 0 2
2720 152160 4160 153600 0 2
2720 163920 4160 165360 0 2
2720 175680 4160 177120 0 2
2720 187440 4160 188880 0 2
2720 199200 4160 200640 0 2
2720 210960 4160 212400 0 2
2720 222720 4160 224160 0 2
2720 234480 4160 235920 0 2
2720 246240 4160 247680 0 2
2720 258000 4160 259440 0 2
2720 269760 4160 271200 0 2
2720 281520 4160 282960 0 2
2720 293280 4160 294720 0 2
2720 305040 4160 306480 0 2
2720 316800 4160 318240 0 2
2720 328560 4160 330000 0 2
2720 340320 4160 341760 0 2
2720 352080 4160 353520 0 2
2720 363840 4160 365280 0 2
2720 375600 4160 377040 0 2
2720 387360 4160 388800 0 2
2720 399120 4160 400560 0 2
2720 410880 4160 412320 0 2
2720 422640 4160 424080 0 2
3580 960 5020 2400 0 2
3580 5160 5020 6600 0 2
3580 13560 5020 15000 0 2
3580 16920 5020 18360 0 2
3580 25320 5020 26760 0 2
3580 28680 5020 30120 0 2
3580 37080 5020 38520 0 2
3580 40440 5020 41880 0 2
3580 48840 5020 50280 0 2
3580 52200 5020 53640 0 2
3580 60600 5020 62040 0 2
3580 63960 5020 65400 0 2
3580 72360 5020 73800 0 2
3580 86640 5020 88080 0 2
3580 98400 5020 99840 0 2
3580 110160 5020 111600 0 2
3580 112680 5020 114120 0 2
3580 121080 5020 122520 0 2
3580 125280 5020 126720 0 2
4440 12720 5880 14160 0 2
4440 24480 5880 25920 0 2
4440 36240 5880 37680 0 2
4440 48000 5880 49440 0 2
4440 59760 5880 61200 0 2
4440 71520 5880 72960 0 2
4440 74880 5880 76320 0 2
4440 79080 5880 80520 0 2
4440 87480 5880 88920 0 2
4440 90840 5880 92280 0 2
4440 99240 5880 100680 0 2
4440 102600 5880 104040 0 2
4440 111000 5880 112440 0 2
4440 113520 5880 114960 0 2
5300 960 6740 2400 0 2
5300 5160 6740 6600 0 2
5300 13560 6740 15000 0 2
5300 16920 6740 18360 0 2
5300 25320 6740 26760 0 2
5300 28680 6740 30120 0 2
5300 37080 6740 38520 0 2
5300 40440 6740 41880 0 2
5300 48840 6740 50280 0 2
5300 52200 6740 53640 0 2
5300 60600 6740 62040 0 2
5300 63960 6740 65400 0 2
5300 72360 6740 73800 0 2
5300 86640 6740 88080 0 2
5300 98400 6740 99840 0 2
5300 110160 6740 111600 0 2
5300 112680 6740 114120 0 2
5300 121080 6740 122520 0 2
5300 125280 6740 126720 0 2
6160 12720 7600 14160 0 2
6160 24480 7600 25920 0 2
6160 36240 7600 37680 0 2
6160 48000 7600 49440 0 2
6160 59760 7600 61200 0 2
6160 71520 7600 72960 0 2
6160 74880 7600 76320 0 2
6160 79080 7600 80520 0 2
6160 87480 7600 88920 0 2
6160 90840 7600 92280 0 2
6160 99240 7600 100680 0 2
6160 102600 7600 104040 0 2
6160 111000 7600 112440 0 2
6160 113520 7600 114960 0 2
6160 128640 7600 130080 0 2
6160 140400 7600 141840 0 2
6160 152160 7600 153600 0 2
6160 163920 7600 165360 0 2
6160 175680 7600 177120 0 2
6160 187440 7600 188880 0 2
6160 199200 7600 200640 0 2
6160 210960 7600 212400 0 2
6160 222720 7600 224160 0 2
6160 234480 7600 235920 0 2
6160 246240 7600 247680 0 2
6160 258000 7600 259440 0 2
6160 269760 7600 271200 0 2
6160 281520 7600 282960 0 2
6160 293280 7600 294720 0 2
6160 305040 7600 306480 0 2
6160 316800 7600 318240 0 2
6160 328560 7600 330000 0 2
6160 340320 7600 341760 0 2
6160 352080 7600 353520 0 2
6160 363840 7600 365280 0 2
6160 375600 7600 377040 0 2
6160 387360 7600 388800 0 2
6160 399120 7600 400560 0 2
6160 410880 7600 412320 0 2
6160 422640 7600 424080 0 2
6160 434400 7600 435840 0 2
6160 446160 7600 447600 0 2
6160 457920 7600 459360 0 2
6160 469680 7600 471120 0 2
6160 481440 7600 482880 0 2
6160 493200 7600 494640 0 2
6160 504960 7600 506400 0 2
6160 516720 7600 518160 0 2
6160 528480 7600 529920 0 2
6160 540240 7600 541680 0 2
6160 552000 7600 553440 0 2
6160 563760 7600 565200 0 2
6160 575520 7600 576960 0 2
6160 587280 7600 588720 0 2
6160 599040 7600 600480 0 2
6160 610800 7600 612240 0 2
6160 622560 7600 624000 0 2
6160 634320 7600 635760 0 2
6160 646080 7600 647520 0 2
6160 657840 7600 659280 0 2
6160 669600 7600 671040 0 2
6160 681360 7600 682800 0 2
6160 693120 7600 694560 0 2
6160 704880 7600 706320 0 2
6160 716640 7600 718080 0 2
6160 728400 7600 729840 0 2
6160 740160 7600 741600 0 2
6160 751920 7600 753360 0 2
6160 763680 7600 765120 0 2
6160 775440 7600 776880 0 2
6160 787200 7600 788640 0 2
6160 798960 7600 800400 0 2
6160 810720 7600 812160 0 2
6160 822480 7600 823920 0 2
6160 834240 7600 835680 0 2
6160 846000 7600 847440 0 2
6160 857760 7600 859200 0 2
6160 869520 7600 870960 0 2
6160 881280 7600 882720 0 2
6160 893040 7600 894480 0 2
6160 904800 7600 906240 0 2
6160 916560 7600 918000 0 2
6160 928320 7600 929760 0 2
6160 940080 7600 941520 0 2
6160 951840 7600 953280 0 2
7020 960 8460 2400 0 2
7020 5160 8460 6600 0 2
7020 13560 8460 15000 0 2
7020 16920 8460 18360 0 2
7020 25320 8460 26760 0 2
7020 28680 8460 30120 0 2
7020 37080 8460 38520 0 2
7020 40440 8460 41880 0 2
7020 48840 8460 50280 0 2
7020 52200 8460 53640 0 2
7020 60600 8460 62040 0 2
7020 63960 8460 65400 0 2
7020 72360 8460 73800 0 2
7020 86640 8460 88080 0 2
7020 98400 8460 99840 0 2
7020 110160 8460 111600 0 2
7020 127800 8460 129240 0 2
7020 136200 8460 137640 0 2
7020 139560 8460 141000 0 2
7020 147960 8460 149400 0 2
7020 151320 8460 152760 0 2
7020 159720 8460 161160 0 2
7020 163080 8460 164520 0 2
7020 171480 8460 172920 0 2
7020 174840 8460 176280 0 2
7020 183240 8460 184680 0 2
7020 186600 8460 188040 0 2
7020 195000 8460 196440 0 2
7020 198360 8460 199800 0 2
7020 206760 8460 208200 0 2
7020 210120 8460 211560 0 2
7020 218520 8460 219960 0 2
7020 221880 8460 223320 0 2
7020 230280 8460 231720 0 2
7020 233640 8460 235080 0 2
7020 242040 8460 243480 0 2
7020 245400 8460 246840 0 2
7020 253800 8460 255240 0 2
7020 257160 8460 258600 0 2
7020 265560 8460 267000 0 2
7020 268920 8460 270360 0 2
7020 277320 8460 278760 0 2
7020 280680 8460 282120 0 2
7020 289080 8460 290520 0 2
7020 292440 8460 293880 0 2
7020 300840 8460 302280 0 2
7020 304200 8460 305640 0 2
7020 312600 8460 314040 0 2
7020 315960 8460 317400 0 2
7020 324360 8460 325800 0 2
7020 327720 8460 329160 0 2
7020 336120 8460 337560 0 2
7020 339480 8460 340920 0 2
7020 347880 8460 349320 0 2
7020 351240 8460 352680 0 2
7020 359640 8460 361080 0 2
7020 363000 8460 364440 0 2
7020 371400 8460 372840 0 2
7020 374760 8460 376200 0 2
7020 383160 8460 384600 0 2
7020 386520 8460 387960 0 2
7020 394920 8460 396360 0 2
7020 398280 8460 399720 0 2
7020 406680 8460 408120 0 2
7020 410040 8460 411480 0 2
7020 418440 8460 419880 0 2
7020 421800 8460 423240 0 2
7020 430200 8460 431640 0 2
7020 433560 8460 435000 0 2
7020 441960 8460 443400 0 2
7020 445320 8460 446760 0 2
7020 453720 8460 455160 0 2
7020 457080 8460 458520 0 2
7020 465480 8460 466920 0 2
7020 468840 8460 470280 0 2
7020 477240 8460 478680 0 2
7020 480600 8460 482040 0 2
7020 489000 8460 490440 0 2
7020 492360 8460 493800 0 2
7020 500760 8460 502200 0 2
7020 504120 8460 505560 0 2
7020 512520 8460 513960 0 2
7020 515880 8460 517320 0 2
7020 524280 8460 525720 0 2
7020 527640 8460 529080 0 2
7020 536040 8460 537480 0 2
7020 539400 8460 540840 0 2
7020 547800 8460 549240 0 2
7020 551160 8460 552600 0 2
7020 559560 8460 561000 0 2
7020 562920 8460 564360 0 2
7020 571320 8460 572760 0 2
7020 574680 8460 576120 0 2
7020 583080 8460 584520 0 2
7020 586440 8460 587880 0 2
7020 594840 8460 596280 0 2
7020 598200 8460 599640 0 2
7020 606600 8460 608040 0 2
7020 609960 8460 611400 0 2
7020 618360 8460 619800 0 2
7020 621720 8460 623160 0 2
7020 630120 8460 631560 0 2
7020 633480 8460 634920 0 2
7020 641880 8460 643320 0 2
7020 645240 8460 646680 0 2
7020 653640 8460 655080 0 2
7020 657000 8460 658440 0 2
7020 665400 8460 666840 0 2
7020 668760 8460 670200 0 2
7020 677160 8460 678600 0 2
7020 680520 8460 681960 0 2
7020 688920 8460 690360 0 2
7020 692280 8460 693720 0 2
7020 700680 8460 702120 0 2
7020 704040 8460 705480 0 2
7020 712440 8460 713880 0 2
7020 715800 8460 717240 0 2
7020 724200 8460 725640 0 2
7020 727560 8460 729000 0 2
7020 735960 8460 737400 0 2
7020 739320 8460 740760 0 2
7020 747720 8460 749160 0 2
7020 751080 8460 752520 0 2
7020 759480 8460 760920 0 2
7020 762840 8460 764280 0 2
7020 771240 8460 772680 0 2
7020 774600 8460 776040 0 2
7020 783000 8460 784440 0 2
7020 786360 8460 787800 0 2
7020 794760 8460 796200 0 2
7020 798120 8460 799560 0 2
7020 806520 8460 807960 0 2
7020 809880 8460 811320 0 2
7020 818280 8460 819720 0 2
7020 821640 8460 823080 0 2
7020 830040 8460 831480 0 2
7020 833400 8460 834840 0 2
7020 841800 8460 843240 0 2
7020 845160 8460 846600 0 2
7020 853560 8460 855000 0 2
7020 856920 8460 858360 0 2
7020 865320 8460 866760 0 2
7020 868680 8460 870120 0 2
7020 877080 8460 878520 0 2
7020 880440 8460 881880 0 2
7020 888840 8460 890280 0 2
7020 892200 8460 893640 0 2
7020 900600 8460 902040 0 2
7020 903960 8460 905400 0 2
7020 912360 8460 913800 0 2
7020 915720 8460 917160 0 2
7020 924120 8460 925560 0 2
7020 927480 8460 928920 0 2
7020 935880 8460 937320 0 2
7020 939240 8460 940680 0 2
7020 947640 8460 949080 0 2
7020 951000 8460 952440 0 2
7020 959400 8460 960840 0 2
7020 963600 8460 965040 0 2
7880 12720 9320 14160 0 2
7880 24480 9320 25920 0 2
7880 36240 9320 37680 0 2
7880 48000 9320 49440 0 2
7880 59760 9320 61200 0 2
7880 71520 9320 72960 0 2
7880 128640 9320 130080 0 2
7880 140400 9320 141840 0 2
7880 152160 9320 153600 0 2
7880 163920 9320 165360 0 2
7880 175680 9320 177120 0 2
7880 187440 9320 188880 0 2
7880 199200 9320 200640 0 2
7880 210960 9320 212400 0 2
7880 222720 9320 224160 0 2
7880 234480 9320 235920 0 2
7880 246240 9320 247680 0 2
7880 258000 9320 259440 0 2
7880 269760 9320 271200 0 2
7880 281520 9320 282960 0 2
7880 293280 9320 294720 0 2
7880 305040 9320 306480 0 2
7880 316800 9320 318240 0 2
7880 328560 9320 330000 0 2
7880 340320 9320 341760 0 2
7880 352080 9320 353520 0 2
7880 363840 9320 365280 0 2
7880 375600 9320 377040 0 2
7880 387360 9320 388800 0 2
7880 399120 9320 400560 0 2
7880 410880 9320 412320 0 2
7880 422640 9320 424080 0 2
7880 434400 9320 435840 0 2
7880 446160 9320 447600 0 2
7880 457920 9320 459360 0 2
7880 469680 9320 471120 0 2
7880 481440 9320 482880 0 2
7880 493200 9320 494640 0 2
7880 504960 9320 506400 0 2
7880 516720 9320 518160 0 2
7880 528480 9320 529920 0 2
7880 540240 9320 541680 0 2
7880 552000 9320 553440 0 2
7880 563760 9320 565200 0 2
7880 575520 9320 576960 0 2
7880 587280 9320 588720 0 2
7880 599040 9320 600480 0 2
7880 610800 9320 612240 0 2
7880 622560 9320 624000 0 2
7880 634320 9320 635760 0 2
7880 646080 9320 647520 0 2
7880 657840 9320 659280 0 2
7880 669600 9320 671040 0 2
7880 681360 9320 682800 0 2
7880 693120 9320 694560 0 2
7880 704880 9320 706320 0 2
7880 716640 9320 718080 0 2
7880 728400 9320 729840 0 2
7880 740160 9320 741600 0 2
7880 751920 9320 753360 0 2
7880 763680 9320 765120 0 2
7880 775440 9320 776880 0 2
7880 787200 9320 788640 0 2
7880 798960 9320 800400 0 2
7880 810720 9320 812160 0 2
7880 822480 9320 823920 0 2
7880 834240 9320 835680 0 2
7880 846000 9320 847440 0 2
7880 857760 9320 859200 0 2
7880 869520 9320 870960 0 2
7880 881280 9320 882720 0 2
7880 893040 9320 894480 0 2
7880 904800 9320 906240 0 2
7880 916560 9320 918000 0 2
7880 928320 9320 929760 0 2
7880 940080 9320 941520 0 2
7880 951840 9320 953280 0 2
11320 12720 12760 14160 0 2
11320 24480 12760 25920 0 2
11320 36240 12760 37680 0 2
11320 48000 12760 49440 0 2
11320 59760 12760 61200 0 2
11320 71520 12760 72960 0 2
11320 128640 12760 130080 0 2
11320 140400 12760 141840 0 2
11320 152160 12760 153600 0 2
11320 163920 12760 165360 0 2
11320 175680 12760 177120 0 2
11320 187440 12760 188880 0 2
11320 199200 12760 200640 0 2
11320 210960 12760 212400 0 2
11320 222720 12760 224160 0 2
11320 234480 12760 235920 0 2
11320 246240 12760 247680 0 2
11320 258000 12760 259440 0 2
11320 269760 12760 271200 0 2
11320 281520 12760 282960 0 2
11320 293280 12760 294720 0 2
11320 305040 12760 306480 0 2
11320 316800 12760 318240 0 2
11320 328560 12760 330000 0 2
11320 340320 12760 341760 0 2
11320 352080 12760 353520 0 2
11320 363840 12760 365280 0 2
11320 375600 12760 377040 0 2
11320 387360 12760 388800 0 2
11320 399120 12760 400560 0 2
11320 410880 12760 412320 0 2
11320 422640 12760 424080 0 2
11320 434400 12760 435840 0 2
11320 446160 12760 447600 0 2
11320 457920 12760 459360 0 2
11320 469680 12760 471120 0 2
11320 481440 12760 482880 0 2
11320 493200 12760 494640 0 2
11320 504960 12760 506400 0 2
11320 516720 12760 518160 0 2
11320 528480 12760 529920 0 2
11320 540240 12760 541680 0 2
11320 552000 12760 553440 0 2
11320 563760 12760 565200 0 2
11320 575520 12760 576960 0 2
11320 587280 12760 588720 0 2
11320 599040 12760 600480 0 2
11320 610800 12760 612240 0 2
11320 622560 12760 624000 0 2
11320 634320 12760 635760 0 2
11320 646080 12760 647520 0 2
11320 657840 12760 659280 0 2
11320 669600 12760 671040 0 2
11320 681360 12760 682800 0 2
11320 693120 12760 694560 0 2
11320 704880 12760 706320 0 2
11320 716640 12760 718080 0 2
11320 728400 12760 729840 0 2
11320 740160 12760 741600 0 2
11320 751920 12760 753360 0 2
11320 763680 12760 765120 0 2
11320 775440 12760 776880 0 2
11320 787200 12760 788640 0 2
11320 798960 12760 800400 0 2
11320 810720 12760 812160 0 2
11320 822480 12760 823920 0 2
11320 834240 12760 835680 0 2
11320 846000 12760 847440 0 2
11320 857760 12760 859200 0 2
11320 869520 12760 870960 0 2
11320 881280 12760 882720 0 2
11320 893040 12760 894480 0 2
11320 904800 12760 906240 0 2
11320 916560 12760 918000 0 2
11320 928320 12760 929760 0 2
11320 940080 12760 941520 0 2
11320 951840 12760 953280 0 2
12180 960 13620 2400 0 2
12180 5160 13620 6600 0 2
12180 13560 13620 15000 0 2
12180 16920 13620 18360 0 2
12180 25320 13620 26760 0 2
12180 28680 13620 30120 0 2
12180 37080 13620 38520 0 2
12180 40440 13620 41880 0 2
12180 48840 13620 50280 0 2
12180 52200 13620 53640 0 2
12180 60600 13620 62040 0 2
12180 63960 13620 65400 0 2
12180 72360 13620 73800 0 2
12180 86640 13620 88080 0 2
12180 98400 13620 99840 0 2
12180 110160 13620 111600 0 2
12180 127800 13620 129240 0 2
12180 136200 13620 137640 0 2
12180 139560 13620 141000 0 2
12180 147960 13620 149400 0 2
12180 151320 13620 152760 0 2
12180 159720 13620 161160 0 2
12180 163080 13620 164520 0 2
12180 171480 13620 172920 0 2
12180 174840 13620 176280 0 2
12180 183240 13620 184680 0 2
12180 186600 13620 188040 0 2
12180 195000 13620 196440 0 2
12180 198360 13620 199800 0 2
12180 206760 13620 208200 0 2
12180 210120 13620 211560 0 2
12180 218520 13620 219960 0 2
12180 221880 13620 223320 0 2
12180 230280 13620 231720 0 2
12180 233640 13620 235080 0 2
12180 242040 13620 243480 0 2
12180 245400 13620 246840 0 2
12180 253800 13620 255240 0 2
12180 257160 13620 258600 0 2
12180 265560 13620 267000 0 2
12180 268920 13620 270360 0 2
12180 277320 13620 278760 0 2
12180 280680 13620 282120 0 2
12180 289080 13620 290520 0 2
12180 292440 13620 293880 0 2
12180 300840 13620 302280 0 2
12180 304200 13620 305640 0 2
12180 312600 13620 314040 0 2
12180 315960 13620 317400 0 2
12180 324360 13620 325800 0 2
12180 327720 13620 329160 0 2
12180 336120 13620 337560 0 2
12180 339480 13620 340920 0 2
12180 347880 13620 349320 0 2
12180 351240 13620 352680 0 2
12180 359640 13620 361080 0 2
12180 363000 13620 364440 0 2
12180 371400 13620 372840 0 2
12180 374760 13620 376200 0 2
12180 383160 13620 384600 0 2
12180 386520 13620 387960 0 2
12180 394920 13620 396360 0 2
12180 398280 13620 399720 0 2
12180 406680 13620 408120 0 2
12180 410040 13620 411480 0 2
12180 418440 13620 419880 0 2
12180 421800 13620 423240 0 2
12180 430200 13620 431640 0 2
12180 433560 13620 435000 0 2
12180 441960 13620 443400 0 2
12180 445320 13620 446760 0 2
12180 453720 13620 455160 0 2
12180 457080 13620 458520 0 2
12180 465480 13620 466920 0 2
12180 468840 13620 470280 0 2
12180 477240 13620 478680 0 2
12180 480600 13620 482040 0 2
12180 489000 13620 490440 0 2
12180 492360 13620 493800 0 2
12180 500760 13620 502200 0 2
12180 504120 13620 505560 0 2
12180 512520 13620 513960 0 2
12180 515880 13620 517320 0 2
12180 524280 13620 525720 0 2
12180 527640 13620 529080 0 2
12180 536040 13620 537480 0 2
12180 539400 13620 540840 0 2
12180 547800 13620 549240 0 2
12180 551160 13620 552600 0 2
12180 559560 13620 561000 0 2
12180 562920 13620 564360 0 2
12180 571320 13620 572760 0 2
12180 574680 13620 576120 0 2
12180 583080 13620 584520 0 2
12180 586440 13620 587880 0 2
12180 594840 13620 596280 0 2
12180 598200 13620 599640 0 2
12180 606600 13620 608040 0 2
12180 609960 13620 611400 0 2
12180 618360 13620 619800 0 2
12180 621720 13620 623160 0 2
12180 630120 13620 631560 0 2
12180 633480 13620 634920 0 2
12180 641880 13620 643320 0 2
12180 645240 13620 646680 0 2
12180 653640 13620 655080 0 2
12180 657000 13620 658440 0 2
12180 665400 13620 666840 0 2
12180 668760 13620 670200 0 2
12180 677160 13620 678600 0 2
12180 680520 13620 681960 0 2
12180 688920 13620 690360 0 2
12180 692280 13620 693720 0 2
12180 700680 13620 702120 0 2
12180 704040 13620 705480 0 2
12180 712440 13620 713880 0 2
12180 715800 13620 717240 0 2
12180 724200 13620 725640 0 2
12180 727560 13620 729000 0 2
12180 735960 13620 737400 0 2
12180 739320 13620 740760 0 2
12180 747720 13620 749160 0 2
12180 751080 13620 752520 0 2
12180 759480 13620 760920 0 2
12180 762840 13620 764280 0 2
12180 771240 13620 772680 0 2
12180 774600 13620 776040 0 2
12180 783000 13620 784440 0 2
12180 786360 13620 787800 0 2
12180 794760 13620 796200 0 2
12180 798120 13620 799560 0 2
12180 806520 13620 807960 0 2
12180 809880 13620 811320 0 2
12180 818280 13620 819720 0 2
12180 821640 13620 823080 0 2
12180 830040 13620 831480 0 2
12180 833400 13620 834840 0 2
12180 841800 13620 843240 0 2
12180 845160 13620 846600 0 2
12180 853560 13620 855000 0 2
12180 856920 13620 858360 0 2
12180 865320 13620 866760 0 2
12180 868680 13620 870120 0 2
12180 877080 13620 878520 0 2
12180 880440 13620 881880 0 2
12180 888840 13620 890280 0 2
12180 892200 13620 893640 0 2
12180 900600 13620 902040 0 2
12180 903960 13620 905400 0 2
12180 912360 13620 913800 0 2
12180 915720 13620 917160 0 2
12180 924120 13620 925560 0 2
12180 927480 13620 928920 0 2
12180 935880 13620 937320 0 2
12180 939240 13620 940680 0 2
12180 947640 13620 949080 0 2
12180 951000 13620 952440 0 2
12180 959400 13620 960840 0 2
12180 963600 13620 965040 0 2
13040 12720 14480 14160 0 2
13040 24480 14480 25920 0 2
13040 36240 14480 37680 0 2
13040 48000 14480 49440 0 2
13040 59760 14480 61200 0 2
13040 71520 14480 72960 0 2
13040 74880 14480 76320 0 2
13040 79080 14480 80520 0 2
13040 87480 14480 88920 0 2
13040 90840 14480 92280 0 2
13040 99240 14480 100680 0 2
13040 102600 14480 104040 0 2
13040 111000 14480 112440 0 2
13040 113520 14480 114960 0 2
13040 128640 14480 130080 0 2
13040 140400 14480 141840 0 2
13040 152160 14480 153600 0 2
13040 163920 14480 165360 0 2
13040 175680 14480 177120 0 2
13040 187440 14480 188880 0 2
13040 199200 14480 200640 0 2
13040 210960 14480 212400 0 2
13040 222720 14480 224160 0 2
13040 234480 14480 235920 0 2
13040 246240 14480 247680 0 2
13040 258000 14480 259440 0 2
13040 269760 14480 271200 0 2
13040 281520 14480 282960 0 2
13040 293280 14480 294720 0 2
13040 305040 14480 306480 0 2
13040 316800 14480 318240 0 2
13040 328560 14480 330000 0 2
13040 340320 14480 341760 0 2
13040 352080 14480 353520 0 2
13040 363840 14480 365280 0 2
13040 375600 14480 377040 0 2
13040 387360 14480 388800 0 2
13040 399120 14480 400560 0 2
13040 410880 14480 412320 0 2
13040 422640 14480 424080 0 2
13040 434400 14480 435840 0 2
13040 446160 14480 447600 0 2
13040 457920 14480 459360 0 2
13040 469680 14480 471120 0 2
13040 481440 14480 482880 0 2
13040 493200 14480 494640 0 2
13040 504960 14480 506400 0 2
13040 516720 14480 518160 0 2
13040 528480 14480 529920 0 2
13040 540240 14480 541680 0 2
13040 552000 14480 553440 0 2
13040 563760 14480 565200 0 2
13040 575520 14480 576960 0 2
13040 587280 14480 588720 0 2
13040 599040 14480 600480 0 2
13040 610800 14480 612240 0 2
13040 622560 14480 624000 0 2
13040 634320 14480 635760 0 2
13040 646080 14480 647520 0 2
13040 657840 14480 659280 0 2
13040 669600 14480 671040 0 2
13040 681360 14480 682800 0 2
13040 693120 14480 694560 0 2
13040 704880 14480 706320 0 2
13040 716640 14480 718080 0 2
13040 728400 14480 729840 0 2
13040 740160 14480 741600 0 2
13040 751920 14480 753360 0 2
13040 763680 14480 765120 0 2
13040 775440 14480 776880 0 2
13040 787200 14480 788640 0 2
13040 798960 14480 800400 0 2
13040 810720 14480 812160 0 2
13040 822480 14480 823920 0 2
13040 834240 14480 835680 0 2
13040 846000 14480 847440 0 2
13040 857760 14480 859200 0 2
13040 869520 14480 870960 0 2
13040 881280 14480 882720 0 2
13040 893040 14480 894480 0 2
13040 904800 14480 906240 0 2
13040 916560 14480 918000 0 2
13040 928320 14480 929760 0 2
13040 940080 14480 941520 0 2
13040 951840 14480 953280 0 2
13900 960 15340 2400 0 2
13900 5160 15340 6600 0 2
13900 13560 15340 15000 0 2
13900 16920 15340 18360 0 2
13900 25320 15340 26760 0 2
13900 28680 15340 30120 0 2
13900 37080 15340 38520 0 2
13900 40440 15340 41880 0 2
13900 48840 15340 50280 0 2
13900 52200 15340 53640 0 2
13900 60600 15340 62040 0 2
13900 63960 15340 65400 0 2
13900 72360 15340 73800 0 2
13900 86640 15340 88080 0 2
13900 98400 15340 99840 0 2
13900 110160 15340 111600 0 2
13900 112680 15340 114120 0 2
13900 121080 15340 122520 0 2
13900 125280 15340 126720 0 2
14760 12720 16200 14160 0 2
14760 24480 16200 25920 0 2
14760 36240 16200 37680 0 2
14760 48000 16200 49440 0 2
14760 59760 16200 61200 0 2
14760 71520 16200 72960 0 2
14760 74880 16200 76320 0 2
14760 79080 16200 80520 0 2
14760 87480 16200 88920 0 2
14760 90840 16200 92280 0 2
14760 99240 16200 100680 0 2
14760 102600 16200 104040 0 2
14760 111000 16200 112440 0 2
14760 113520 16200 114960 0 2
15620 960 17060 2400 0 2
15620 5160 17060 6600 0 2
15620 13560 17060 15000 0 2
15620 16920 17060 18360 0 2
15620 25320 17060 26760 0 2
15620 28680 17060 30120 0 2
15620 37080 17060 38520 0 2
15620 40440 17060 41880 0 2
15620 48840 17060 50280 0 2
15620 52200 17060 53640 0 2
15620 60600 17060 62040 0 2
15620 63960 17060 65400 0 2
15620 72360 17060 73800 0 2
15620 86640 17060 88080 0 2
15620 98400 17060 99840 0 2
15620 110160 17060 111600 0 2
15620 112680 17060 114120 0 2
15620 121080 17060 122520 0 2
15620 125280 17060 126720 0 2
16480 12720 17920 14160 0 2
16480 24480 17920 25920 0 2
16480 36240 17920 37680 0 2
16480 48000 17920 49440 0 2
16480 59760 17920 61200 0 2
16480 71520 17920 72960 0 2
16480 74880 17920 76320 0 2
16480 79080 17920 80520 0 2
16480 87480 17920 88920 0 2
16480 90840 17920 92280 0 2
16480 99240 17920 100680 0 2
16480 102600 17920 104040 0 2
16480 111000 17920 112440 0 2
16480 113520 17920 114960 0 2
16480 140400 17920 141840 0 2
16480 152160 17920 153600 0 2
16480 163920 17920 165360 0 2
16480 175680 17920 177120 0 2
16480 187440 17920 188880 0 2
16480 199200 17920 200640 0 2
16480 210960 17920 212400 0 2
16480 222720 17920 224160 0 2
16480 234480 17920 235920 0 2
16480 246240 17920 247680 0 2
16480 258000 17920 259440 0 2
16480 269760 17920 271200 0 2
16480 281520 17920 282960 0 2
16480 293280 17920 294720 0 2
16480 305040 17920 306480 0 2
16480 316800 17920 318240 0 2
16480 328560 17920 330000 0 2
16480 340320 17920 341760 0 2
16480 352080 17920 353520 0 2
16480 363840 17920 365280 0 2
16480 375600 17920 377040 0 2
16480 387360 17920 388800 0 2
16480 399120 17920 400560 0 2
16480 410880 17920 412320 0 2
16480 422640 17920 424080 0 2
17340 86640 18780 88080 0 2
17340 98400 18780 99840 0 2
17340 110160 18780 111600 0 2
17340 112680 18780 114120 0 2
17340 121080 18780 122520 0 2
17340 125280 18780 126720 0 2
17340 128640 18780 130080 0 2
17340 132840 18780 134280 0 2
17340 141240 18780 142680 0 2
17340 144600 18780 146040 0 2
17340 153000 18780 154440 0 2
17340 156360 18780 157800 0 2
17340 164760 18780 166200 0 2
17340 168120 18780 169560 0 2
17340 176520 18780 177960 0 2
17340 179880 18780 181320 0 2
17340 188280 18780 189720 0 2
17340 191640 18780 193080 0 2
17340 200040 18780 201480 0 2
17340 203400 18780 204840 0 2
17340 211800 18780 213240 0 2
17340 215160 18780 216600 0 2
17340 223560 18780 225000 0 2
17340 226920 18780 228360 0 2
17340 235320 18780 236760 0 2
17340 238680 18780 240120 0 2
17340 247080 18780 248520 0 2
17340 250440 18780 251880 0 2
17340 258840 18780 260280 0 2
17340 262200 18780 263640 0 2
17340 270600 18780 272040 0 2
17340 273960 18780 275400 0 2
17340 282360 18780 283800 0 2
17340 285720 18780 287160 0 2
17340 294120 18780 295560 0 2
17340 297480 18780 298920 0 2
17340 305880 18780 307320 0 2
17340 309240 18780 310680 0 2
17340 317640 18780 319080 0 2
17340 321000 18780 322440 0 2
17340 329400 18780 330840 0 2
17340 332760 18780 334200 0 2
17340 341160 18780 342600 0 2
17340 344520 18780 345960 0 2
17340 352920 18780 354360 0 2
17340 356280 18780 357720 0 2
17340 364680 18780 366120 0 2
17340 368040 18780 369480 0 2
17340 376440 18780 377880 0 2
17340 379800 18780 381240 0 2
17340 388200 18780 389640 0 2
17340 391560 18780 393000 0 2
17340 399960 18780 401400 0 2
17340 403320 18780 404760 0 2
17340 411720 18780 413160 0 2
17340 415080 18780 416520 0 2
17340 423480 18780 424920 0 2
18200 113520 19640 114960 0 2
18200 140400 19640 141840 0 2
18200 152160 19640 153600 0 2
18200 163920 19640 165360 0 2
18200 175680 19640 177120 0 2
18200 187440 19640 188880 0 2
18200 199200 19640 200640 0 2
18200 210960 19640 212400 0 2
18200 222720 19640 224160 0 2
18200 234480 19640 235920 0 2
18200 246240 19640 247680 0 2
18200 258000 19640 259440 0 2
18200 269760 19640 271200 0 2
18200 281520 19640 282960 0 2
18200 293280 19640 294720 0 2
18200 305040 19640 306480 0 2
18200 316800 19640 318240 0 2
18200 328560 19640 330000 0 2
18200 340320 19640 341760 0 2
18200 352080 19640 353520 0 2
18200 363840 19640 365280 0 2
18200 375600 19640 377040 0 2
18200 387360 19640 388800 0 2
18200 399120 19640 400560 0 2
18200 410880 19640 412320 0 2
18200 422640 19640 424080 0 2
1080 128720 2360 130000 1 2
1080 140480 2360 141760 1 2
1080 152240 2360 153520 1 2
1080 164000 2360 165280 1 2
1080 175760 2360 177040 1 2
1080 187520 2360 188800 1 2
1080 199280 2360 200560 1 2
1080 211040 2360 212320 1 2
1080 222800 2360 224080 1 2
1080 234560 2360 235840 1 2
1080 246320 2360 247600 1 2
1080 258080 2360 259360 1 2
1080 269840 2360 271120 1 2
1080 281600 2360 282880 1 2
1080 293360 2360 294640 1 2
1080 305120 2360 306400 1 2
1080 316880 2360 318160 1 2
1080 328640 2360 329920 1 2
1080 340400 2360 341680 1 2
1080 352160 2360 353440 1 2
1080 363920 2360 365200 1 2
1080 375680 2360 376960 1 2
1080 387440 2360 388720 1 2
1080 399200 2360 400480 1 2
1080 410960 2360 412240 1 2
1080 422720 2360 424000 1 2
1940 132920 3220 134200 1 2
1940 144680 3220 145960 1 2
1940 156440 3220 157720 1 2
1940 168200 3220 169480 1 2
1940 179960 3220 181240 1 2
1940 191720 3220 193000 1 2
1940 203480 3220 204760 1 2
1940 215240 3220 216520 1 2
1940 227000 3220 228280 1 2
1940 238760 3220 240040 1 2
1940 250520 3220 251800 1 2
1940 262280 3220 263560 1 2
1940 274040 3220 275320 1 2
1940 285800 3220 287080 1 2
1940 297560 3220 298840 1 2
1940 309320 3220 310600 1 2
1940 321080 3220 322360 1 2
1940 332840 3220 334120 1 2
1940 344600 3220 345880 1 2
1940 356360 3220 357640 1 2
1940 368120 3220 369400 1 2
1940 379880 3220 381160 1 2
1940 391640 3220 392920 1 2
1940 403400 3220 404680 1 2
1940 415160 3220 416440 1 2
2800 74960 4080 76240 1 2
2800 141320 4080 142600 1 2
2800 153080 4080 154360 1 2
2800 164840 4080 166120 1 2
2800 176600 4080 177880 1 2
2800 188360 4080 189640 1 2
2800 200120 4080 201400 1 2
2800 211880 4080 213160 1 2
2800 223640 4080 224920 1 2
2800 235400 4080 236680 1 2
2800 247160 4080 248440 1 2
2800 258920 4080 260200 1 2
2800 270680 4080 271960 1 2
2800 282440 4080 283720 1 2
2800 294200 4080 295480 1 2
2800 305960 4080 307240 1 2
2800 317720 4080 319000 1 2
2800 329480 4080 330760 1 2
2800 341240 4080 342520 1 2
2800 353000 4080 354280 1 2
2800 364760 4080 366040 1 2
2800 376520 4080 377800 1 2
2800 388280 4080 389560 1 2
2800 400040 4080 401320 1 2
2800 411800 4080 413080 1 2
2800 423560 4080 424840 1 2
3660 87560 4940 88840 1 2
3660 99320 4940 100600 1 2
3660 111080 4940 112360 1 2
3660 112760 4940 114040 1 2
3660 121160 4940 122440 1 2
4520 1040 5800 2320 1 2
4520 12800 5800 14080 1 2
4520 24560 5800 25840 1 2
4520 36320 5800 37600 1 2
4520 48080 5800 49360 1 2
4520 59840 5800 61120 1 2
4520 71600 5800 72880 1 2
4520 79160 5800 80440 1 2
4520 90920 5800 92200 1 2
4520 102680 5800 103960 1 2
4520 113600 5800 114880 1 2
4520 114440 5800 115720 1 2
4520 125360 5800 126640 1 2
5380 5240 6660 6520 1 2
5380 17000 6660 18280 1 2
5380 28760 6660 30040 1 2
5380 40520 6660 41800 1 2
5380 52280 6660 53560 1 2
5380 64040 6660 65320 1 2
5380 80000 6660 81280 1 2
5380 86720 6660 88000 1 2
5380 98480 6660 99760 1 2
5380 110240 6660 111520 1 2
5380 114440 6660 115720 1 2
6240 13640 7520 14920 1 2
6240 25400 7520 26680 1 2
6240 37160 7520 38440 1 2
6240 48920 7520 50200 1 2
6240 60680 7520 61960 1 2
6240 72440 7520 73720 1 2
6240 80000 7520 81280 1 2
7100 127880 8380 129160 1 2
7100 136280 8380 137560 1 2
7100 139640 8380 140920 1 2
7100 148040 8380 149320 1 2
7100 151400 8380 152680 1 2
7100 159800 8380 161080 1 2
7100 163160 8380 164440 1 2
7100 171560 8380 172840 1 2
7100 174920 8380 176200 1 2
7100 183320 8380 184600 1 2
7100 186680 8380 187960 1 2
7100 195080 8380 196360 1 2
7100 198440 8380 199720 1 2
7100 206840 8380 208120 1 2
7100 210200 8380 211480 1 2
7100 218600 8380 219880 1 2
7100 221960 8380 223240 1 2
7100 230360 8380 231640 1 2
7100 233720 8380 235000 1 2
7100 242120 8380 243400 1 2
7100 245480 8380 246760 1 2
7100 253880 8380 255160 1 2
7100 257240 8380 258520 1 2
7100 265640 8380 266920 1 2
7100 269000 8380 270280 1 2
7100 277400 8380 278680 1 2
7100 280760 8380 282040 1 2
7100 289160 8380 290440 1 2
7100 292520 8380 293800 1 2
7100 300920 8380 302200 1 2
7100 304280 8380 305560 1 2
7100 312680 8380 313960 1 2
7100 316040 8380 317320 1 2
7100 324440 8380 325720 1 2
7100 327800 8380 329080 1 2
7100 336200 8380 337480 1 2
7100 339560 8380 340840 1 2
7100 347960 8380 349240 1 2
7100 351320 8380 352600 1 2
7100 359720 8380 361000 1 2
7100 363080 8380 364360 1 2
7100 371480 8380 372760 1 2
7100 374840 8380 376120 1 2
7100 383240 8380 384520 1 2
7100 386600 8380 387880 1 2
7100 395000 8380 396280 1 2
7100 398360 8380 399640 1 2
7100 406760 8380 408040 1 2
7100 410120 8380 411400 1 2
7100 418520 8380 419800 1 2
7100 421880 8380 423160 1 2
7100 430280 8380 431560 1 2
7100 433640 8380 434920 1 2
7100 442040 8380 443320 1 2
7100 445400 8380 446680 1 2
7100 453800 8380 455080 1 2
7100 457160 8380 458440 1 2
7100 465560 8380 466840 1 2
7100 468920 8380 470200 1 2
7100 477320 8380 478600 1 2
7100 480680 8380 481960 1 2
7100 489080 8380 490360 1 2
7100 492440 8380 493720 1 2
7100 500840 8380 502120 1 2
7100 504200 8380 505480 1 2
7100 512600 8380 513880 1 2
7100 515960 8380 517240 1 2
7100 524360 8380 525640 1 2
7100 527720 8380 529000 1 2
7100 536120 8380 537400 1 2
7100 539480 8380 540760 1 2
7100 547880 8380 549160 1 2
7100 551240 8380 552520 1 2
7100 559640 8380 560920 1 2
7100 563000 8380 564280 1 2
7100 571400 8380 572680 1 2
7100 574760 8380 576040 1 2
7100 583160 8380 584440 1 2
7100 586520 8380 587800 1 2
7100 594920 8380 596200 1 2
7100 598280 8380 599560 1 2
7100 606680 8380 607960 1 2
7100 610040 8380 611320 1 2
7100 618440 8380 619720 1 2
7100 621800 8380 623080 1 2
7100 630200 8380 631480 1 2
7100 633560 8380 634840 1 2
7100 641960 8380 643240 1 2
7100 645320 8380 646600 1 2
7100 653720 8380 655000 1 2
7100 657080 8380 658360 1 2
7100 665480 8380 666760 1 2
7100 668840 8380 670120 1 2
7100 677240 8380 678520 1 2
7100 680600 8380 681880 1 2
7100 689000 8380 690280 1 2
7100 692360 8380 693640 1 2
7100 700760 8380 702040 1 2
7100 704120 8380 705400 1 2
7100 712520 8380 713800 1 2
7100 715880 8380 717160 1 2
7100 724280 8380 725560 1 2
7100 727640 8380 728920 1 2
7100 736040 8380 737320 1 2
7100 739400 8380 740680 1 2
7100 747800 8380 749080 1 2
7100 751160 8380 752440 1 2
7100 759560 8380 760840 1 2
7100 762920 8380 764200 1 2
7100 771320 8380 772600 1 2
7100 774680 8380 775960 1 2
7100 783080 8380 784360 1 2
7100 786440 8380 787720 1 2
7100 794840 8380 796120 1 2
7100 798200 8380 799480 1 2
7100 806600 8380 807880 1 2
7100 809960 8380 811240 1 2
7100 818360 8380 819640 1 2
7100 821720 8380 823000 1 2
7100 830120 8380 831400 1 2
7100 833480 8380 834760 1 2
7100 841880 8380 843160 1 2
7100 845240 8380 846520 1 2
7100 853640 8380 854920 1 2
7100 857000 8380 858280 1 2
7100 865400 8380 866680 1 2
7100 868760 8380 870040 1 2
7100 877160 8380 878440 1 2
7100 880520 8380 881800 1 2
7100 888920 8380 890200 1 2
7100 892280 8380 893560 1 2
7100 900680 8380 901960 1 2
7100 904040 8380 905320 1 2
7100 912440 8380 913720 1 2
7100 915800 8380 917080 1 2
7100 924200 8380 925480 1 2
7100 927560 8380 928840 1 2
7100 935960 8380 937240 1 2
7100 939320 8380 940600 1 2
7100 947720 8380 949000 1 2
7100 951080 8380 952360 1 2
7100 959480 8380 960760 1 2
7960 128720 9240 130000 1 2
7960 140480 9240 141760 1 2
7960 152240 9240 153520 1 2
7960 164000 9240 165280 1 2
7960 175760 9240 177040 1 2
7960 187520 9240 188800 1 2
7960 199280 9240 200560 1 2
7960 211040 9240 212320 1 2
7960 222800 9240 224080 1 2
7960 234560 9240 235840 1 2
7960 246320 9240 247600 1 2
7960 258080 9240 259360 1 2
7960 269840 9240 271120 1 2
7960 281600 9240 282880 1 2
7960 293360 9240 294640 1 2
7960 305120 9240 306400 1 2
7960 316880 9240 318160 1 2
7960 328640 9240 329920 1 2
7960 340400 9240 341680 1 2
7960 352160 9240 353440 1 2
7960 363920 9240 365200 1 2
7960 375680 9240 376960 1 2
7960 387440 9240 388720 1 2
7960 399200 9240 400480 1 2
7960 410960 9240 412240 1 2
7960 422720 9240 424000 1 2
7960 434480 9240 435760 1 2
7960 446240 9240 447520 1 2
7960 458000 9240 459280 1 2
7960 469760 9240 471040 1 2
7960 481520 9240 482800 1 2
7960 493280 9240 494560 1 2
7960 505040 9240 506320 1 2
7960 516800 9240 518080 1 2
7960 528560 9240 529840 1 2
7960 540320 9240 541600 1 2
7960 552080 9240 553360 1 2
7960 563840 9240 565120 1 2
7960 575600 9240 576880 1 2
7960 587360 9240 588640 1 2
7960 599120 9240 600400 1 2
7960 610880 9240 612160 1 2
7960 622640 9240 623920 1 2
7960 634400 9240 635680 1 2
7960 646160 9240 647440 1 2
7960 657920 9240 659200 1 2
7960 669680 9240 670960 1 2
7960 681440 9240 682720 1 2
7960 693200 9240 694480 1 2
7960 704960 9240 706240 1 2
7960 716720 9240 718000 1 2
7960 728480 9240 729760 1 2
7960 740240 9240 741520 1 2
7960 752000 9240 753280 1 2
7960 763760 9240 765040 1 2
7960 775520 9240 776800 1 2
7960 787280 9240 788560 1 2
7960 799040 9240 800320 1 2
7960 810800 9240 812080 1 2
7960 822560 9240 823840 1 2
7960 834320 9240 835600 1 2
7960 846080 9240 847360 1 2
7960 857840 9240 859120 1 2
7960 869600 9240 870880 1 2
7960 881360 9240 882640 1 2
7960 893120 9240 894400 1 2
7960 904880 9240 906160 1 2
7960 916640 9240 917920 1 2
7960 928400 9240 929680 1 2
7960 940160 9240 941440 1 2
7960 951920 9240 953200 1 2
7960 963680 9240 964960 1 2
11400 128720 12680 130000 1 2
11400 140480 12680 141760 1 2
11400 152240 12680 153520 1 2
11400 164000 12680 165280 1 2
11400 175760 12680 177040 1 2
11400 187520 12680 188800 1 2
11400 199280 12680 200560 1 2
11400 211040 12680 212320 1 2
11400 222800 12680 224080 1 2
11400 234560 12680 235840 1 2
11400 246320 12680 247600 1 2
11400 258080 12680 259360 1 2
11400 269840 12680 271120 1 2
11400 281600 12680 282880 1 2
11400 293360 12680 294640 1 2
11400 305120 12680 306400 1 2
11400 316880 12680 318160 1 2
11400 328640 12680 329920 1 2
11400 340400 12680 341680 1 2
11400 352160 12680 353440 1 2
11400 363920 12680 365200 1 2
11400 375680 12680 376960 1 2
11400 387440 12680 388720 1 2
11400 399200 12680 400480 1 2
11400 410960 12680 412240 1 2
11400 422720 12680 424000 1 2
11400 434480 12680 435760 1 2
11400 446240 12680 447520 1 2
11400 458000 12680 459280 1 2
11400 469760 12680 471040 1 2
11400 481520 12680 482800 1 2
11400 493280 12680 494560 1 2
11400 505040 12680 506320 1 2
11400 516800 12680 518080 1 2
11400 528560 12680 529840 1 2
11400 540320 12680 541600 1 2
11400 552080 12680 553360 1 2
11400 563840 12680 565120 1 2
11400 575600 12680 576880 1 2
11400 587360 12680 588640 1 2
11400 599120 12680 600400 1 2
11400 610880 12680 612160 1 2
11400 622640 12680 623920 1 2
11400 634400 12680 635680 1 2
11400 646160 12680 647440 1 2
11400 657920 12680 659200 1 2
11400 669680 12680 670960 1 2
11400 681440 12680 682720 1 2
11400 693200 12680 694480 1 2
11400 704960 12680 706240 1 2
11400 716720 12680 718000 1 2
11400 728480 12680 729760 1 2
11400 740240 12680 741520 1 2
11400 752000 12680 753280 1 2
11400 763760 12680 765040 1 2
11400 775520 12680 776800 1 2
11400 787280 12680 788560 1 2
11400 799040 12680 800320 1 2
11400 810800 12680 812080 1 2
11400 822560 12680 823840 1 2
11400 834320 12680 835600 1 2
11400 846080 12680 847360 1 2
11400 857840 12680 859120 1 2
11400 869600 12680 870880 1 2
11400 881360 12680 882640 1 2
11400 893120 12680 894400 1 2
11400 904880 12680 906160 1 2
11400 916640 12680 917920 1 2
11400 928400 12680 929680 1 2
11400 940160 12680 941440 1 2
11400 951920 12680 953200 1 2
11400 963680 12680 964960 1 2
12260 136280 13540 137560 1 2
12260 148040 13540 149320 1 2
12260 159800 13540 161080 1 2
12260 171560 13540 172840 1 2
12260 183320 13540 184600 1 2
12260 195080 13540 196360 1 2
12260 206840 13540 208120 1 2
12260 218600 13540 219880 1 2
12260 230360 13540 231640 1 2
12260 242120 13540 243400 1 2
12260 253880 13540 255160 1 2
12260 265640 13540 266920 1 2
12260 277400 13540 278680 1 2
12260 289160 13540 290440 1 2
12260 300920 13540 302200 1 2
12260 312680 13540 313960 1 2
12260 324440 13540 325720 1 2
12260 336200 13540 337480 1 2
12260 347960 13540 349240 1 2
12260 359720 13540 361000 1 2
12260 371480 13540 372760 1 2
12260 383240 13540 384520 1 2
12260 395000 13540 396280 1 2
12260 406760 13540 408040 1 2
12260 418520 13540 419800 1 2
12260 430280 13540 431560 1 2
12260 442040 13540 443320 1 2
12260 453800 13540 455080 1 2
12260 465560 13540 466840 1 2
12260 477320 13540 478600 1 2
12260 489080 13540 490360 1 2
12260 500840 13540 502120 1 2
12260 512600 13540 513880 1 2
12260 524360 13540 525640 1 2
12260 536120 13540 537400 1 2
12260 547880 13540 549160 1 2
12260 559640 13540 560920 1 2
12260 571400 13540 572680 1 2
12260 583160 13540 584440 1 2
12260 594920 13540 596200 1 2
12260 606680 13540 607960 1 2
12260 618440 13540 619720 1 2
12260 630200 13540 631480 1 2
12260 641960 13540 643240 1 2
12260 653720 13540 655000 1 2
12260 665480 13540 666760 1 2
12260 677240 13540 678520 1 2
12260 689000 13540 690280 1 2
12260 700760 13540 702040 1 2
12260 712520 13540 713800 1 2
12260 724280 13540 725560 1 2
12260 736040 13540 737320 1 2
12260 747800 13540 749080 1 2
12260 759560 13540 760840 1 2
12260 771320 13540 772600 1 2
12260 783080 13540 784360 1 2
12260 794840 13540 796120 1 2
12260 806600 13540 807880 1 2
12260 818360 13540 819640 1 2
12260 830120 13540 831400 1 2
12260 841880 13540 843160 1 2
12260 853640 13540 854920 1 2
12260 865400 13540 866680 1 2
12260 877160 13540 878440 1 2
12260 888920 13540 890200 1 2
12260 900680 13540 901960 1 2
12260 912440 13540 913720 1 2
12260 924200 13540 925480 1 2
12260 935960 13540 937240 1 2
12260 947720 13540 949000 1 2
12260 959480 13540 960760 1 2
13120 74960 14400 76240 1 2
13120 127880 14400 129160 1 2
13120 139640 14400 140920 1 2
13120 151400 14400 152680 1 2
13120 163160 14400 164440 1 2
13120 174920 14400 176200 1 2
13120 186680 14400 187960 1 2
13120 198440 14400 199720 1 2
13120 210200 14400 211480 1 2
13120 221960 14400 223240 1 2
13120 233720 14400 235000 1 2
13120 245480 14400 246760 1 2
13120 257240 14400 258520 1 2
13120 269000 14400 270280 1 2
13120 280760 14400 282040 1 2
13120 292520 14400 293800 1 2
13120 304280 14400 305560 1 2
13120 316040 14400 317320 1 2
13120 327800 14400 329080 1 2
13120 339560 14400 340840 1 2
13120 351320 14400 352600 1 2
13120 363080 14400 364360 1 2
13120 374840 14400 376120 1 2
13120 386600 14400 387880 1 2
13120 398360 14400 399640 1 2
13120 410120 14400 411400 1 2
13120 421880 14400 423160 1 2
13120 433640 14400 434920 1 2
13120 445400 14400 446680 1 2
13120 457160 14400 458440 1 2
13120 468920 14400 470200 1 2
13120 480680 14400 481960 1 2
13120 492440 14400 493720 1 2
13120 504200 14400 505480 1 2
13120 515960 14400 517240 1 2
13120 527720 14400 529000 1 2
13120 539480 14400 540760 1 2
13120 551240 14400 552520 1 2
13120 563000 14400 564280 1 2
13120 574760 14400 576040 1 2
13120 586520 14400 587800 1 2
13120 598280 14400 599560 1 2
13120 610040 14400 611320 1 2
13120 621800 14400 623080 1 2
13120 633560 14400 634840 1 2
13120 645320 14400 646600 1 2
13120 657080 14400 658360 1 2
13120 668840 14400 670120 1 2
13120 680600 14400 681880 1 2
13120 692360 14400 693640 1 2
13120 704120 14400 705400 1 2
13120 715880 14400 717160 1 2
13120 727640 14400 728920 1 2
13120 739400 14400 740680 1 2
13120 751160 14400 752440 1 2
13120 762920 14400 764200 1 2
13120 774680 14400 775960 1 2
13120 786440 14400 787720 1 2
13120 798200 14400 799480 1 2
13120 809960 14400 811240 1 2
13120 821720 14400 823000 1 2
13120 833480 14400 834760 1 2
13120 845240 14400 846520 1 2
13120 857000 14400 858280 1 2
13120 868760 14400 870040 1 2
13120 880520 14400 881800 1 2
13120 892280 14400 893560 1 2
13120 904040 14400 905320 1 2
13120 915800 14400 917080 1 2
13120 927560 14400 928840 1 2
13120 939320 14400 940600 1 2
13120 951080 14400 952360 1 2
13980 5240 15260 6520 1 2
13980 13640 15260 14920 1 2
13980 17000 15260 18280 1 2
13980 25400 15260 26680 1 2
13980 28760 15260 30040 1 2
13980 37160 15260 38440 1 2
13980 40520 15260 41800 1 2
13980 48920 15260 50200 1 2
13980 52280 15260 53560 1 2
13980 60680 15260 61960 1 2
13980 64040 15260 65320 1 2
13980 72440 15260 73720 1 2
13980 86720 15260 88000 1 2
13980 98480 15260 99760 1 2
13980 110240 15260 111520 1 2
13980 114440 15260 115720 1 2
14840 1040 16120 2320 1 2
14840 12800 16120 14080 1 2
14840 24560 16120 25840 1 2
14840 36320 16120 37600 1 2
14840 48080 16120 49360 1 2
14840 59840 16120 61120 1 2
14840 71600 16120 72880 1 2
14840 79160 16120 80440 1 2
14840 90920 16120 92200 1 2
14840 102680 16120 103960 1 2
14840 113600 16120 114880 1 2
14840 114440 16120 115720 1 2
14840 125360 16120 126640 1 2
15700 87560 16980 88840 1 2
15700 99320 16980 100600 1 2
15700 111080 16980 112360 1 2
15700 112760 16980 114040 1 2
15700 121160 16980 122440 1 2
15700 132080 16980 133360 1 2
16560 141320 17840 142600 1 2
16560 153080 17840 154360 1 2
16560 164840 17840 166120 1 2
16560 176600 17840 177880 1 2
16560 188360 17840 189640 1 2
16560 200120 17840 201400 1 2
16560 211880 17840 213160 1 2
16560 223640 17840 224920 1 2
16560 235400 17840 236680 1 2
16560 247160 17840 248440 1 2
16560 258920 17840 260200 1 2
16560 270680 17840 271960 1 2
16560 282440 17840 283720 1 2
16560 294200 17840 295480 1 2
16560 305960 17840 307240 1 2
16560 317720 17840 319000 1 2
16560 329480 17840 330760 1 2
16560 341240 17840 342520 1 2
16560 353000 17840 354280 1 2
16560 364760 17840 366040 1 2
16560 376520 17840 377800 1 2
16560 388280 17840 389560 1 2
16560 400040 17840 401320 1 2
16560 411800 17840 413080 1 2
16560 423560 17840 424840 1 2
17420 132080 18700 133360 1 2
17420 132920 18700 134200 1 2
17420 144680 18700 145960 1 2
17420 156440 18700 157720 1 2
17420 168200 18700 169480 1 2
17420 179960 18700 181240 1 2
17420 191720 18700 193000 1 2
17420 203480 18700 204760 1 2
17420 215240 18700 216520 1 2
17420 227000 18700 228280 1 2
17420 238760 18700 240040 1 2
17420 250520 18700 251800 1 2
17420 262280 18700 263560 1 2
17420 274040 18700 275320 1 2
17420 285800 18700 287080 1 2
17420 297560 18700 298840 1 2
17420 309320 18700 310600 1 2
17420 321080 18700 322360 1 2
17420 332840 18700 334120 1 2
17420 344600 18700 345880 1 2
17420 356360 18700 357640 1 2
17420 368120 18700 369400 1 2
17420 379880 18700 381160 1 2
17420 391640 18700 392920 1 2
17420 403400 18700 404680 1 2
17420 415160 18700 416440 1 2
18280 128720 19560 130000 1 2
18280 140480 19560 141760 1 2
18280 152240 19560 153520 1 2
18280 164000 19560 165280 1 2
18280 175760 19560 177040 1 2
18280 187520 19560 188800 1 2
18280 199280 19560 200560 1 2
18280 211040 19560 212320 1 2
18280 222800 19560 224080 1 2
18280 234560 19560 235840 1 2
18280 246320 19560 247600 1 2
18280 258080 19560 259360 1 2
18280 269840 19560 271120 1 2
18280 281600 19560 282880 1 2
18280 293360 19560 294640 1 2
18280 305120 19560 306400 1 2
18280 316880 19560 318160 1 2
18280 328640 19560 329920 1 2
18280 340400 19560 341680 1 2
18280 352160 19560 353440 1 2
18280 363920 19560 365200 1 2
18280 375680 19560 376960 1 2
18280 387440 19560 388720 1 2
18280 399200 19560 400480 1 2
18280 410960 19560 412240 1 2
18280 422720 19560 424000 1 2
920 246160 2520 247760 2 2
1780 132760 3380 134360 2 2
2640 52120 4240 53720 2 2
2640 422560 4240 424160 2 2
3500 132760 5100 134360 2 2
4360 16840 5960 18440 2 2
5220 37000 6820 38600 2 2
5220 87400 6820 89000 2 2
5220 112600 6820 114200 2 2
6940 422560 8540 424160 2 2
7800 510760 9400 512360 2 2
11240 510760 12840 512360 2 2
12100 422560 13700 424160 2 2
12960 52120 14560 53720 2 2
12960 409960 14560 411560 2 2
13820 37000 15420 38600 2 2
13820 87400 15420 89000 2 2
13820 112600 15420 114200 2 2
14680 16840 16280 18440 2 2
16400 409960 18000 411560 2 2
-800 16840 800 18440 3 2
-800 52120 800 53720 3 2
-800 122680 800 124280 3 2
-800 157960 800 159560 3 2
-800 193240 800 194840 3 2
-800 228520 800 230120 3 2
-800 263800 800 265400 3 2
-800 299080 800 300680 3 2
-800 334360 800 335960 3 2
-800 369640 800 371240 3 2
-800 404920 800 406520 3 2
-800 440200 800 441800 3 2
-800 475480 800 477080 3 2
-800 510760 800 512360 3 2
-800 546040 800 547640 3 2
-800 581320 800 582920 3 2
-800 616600 800 618200 3 2
-800 651880 800 653480 3 2
-800 687160 800 688760 3 2
-800 722440 800 724040 3 2
-800 757720 800 759320 3 2
-800 793000 800 794600 3 2
-800 828280 800 829880 3 2
-800 863560 800 865160 3 2
-800 898840 800 900440 3 2
-800 934120 800 935720 3 2
5120 105040 6720 106640 3 2
5120 112600 6720 114200 3 2
14000 105040 15600 106640 3 2
14000 112600 15600 114200 3 2
22880 -800 24480 800 3 2
22880 34480 24480 36080 3 2
22880 69760 24480 71360 3 2
22880 105040 24480 106640 3 2
22880 140320 24480 141920 3 2
22880 175600 24480 177200 3 2
22880 210880 24480 212480 3 2
22880 246160 24480 247760 3 2
22880 281440 24480 283040 3 2
22880 316720 24480 318320 3 2
22880 352000 24480 353600 3 2
22880 387280 24480 388880 3 2
22880 457840 24480 459440 3 2
22880 493120 24480 494720 3 2
22880 528400 24480 530000 3 2
22880 563680 24480 565280 3 2
22880 598960 24480 600560 3 2
22880 634240 24480 635840 3 2
22880 669520 24480 671120 3 2
22880 704800 24480 706400 3 2
22880 740080 24480 741680 3 2
22880 775360 24480 776960 3 2
22880 810640 24480 812240 3 2
22880 845920 24480 847520 3 2
22880 881200 24480 882800 3 2
22880 916480 24480 918080 3 2
22880 951760 24480 953360 3 2
