780 113960 7820 114520 1 2
780 113960 7820 114520 2 2
760 113960 7840 114520 0 2
760 113960 7840 114520 1 2
1470 112780 1970 120740 0 2
1470 112780 1970 120740 1 2
1640 87080 8680 87640 1 2
1640 87080 8680 87640 2 2
1620 87080 8700 87640 0 2
1620 87080 8700 87640 1 2
1640 98840 8680 99400 1 2
1640 98840 8680 99400 2 2
1620 98840 8700 99400 0 2
1620 98840 8700 99400 1 2
1640 110600 8680 111160 1 2
1640 110600 8680 111160 2 2
1620 110600 8700 111160 0 2
1620 110600 8700 111160 1 2
1640 113120 6960 113680 1 2
1640 113120 6960 113680 2 2
1620 113120 6980 113680 0 2
1620 113120 6980 113680 1 2
2330 80860 2830 88820 0 2
2330 80860 2830 88820 1 2
2330 92620 2830 100580 0 2
2330 92620 2830 100580 1 2
2330 104380 2830 112340 0 2
2330 104380 2830 112340 1 2
2330 112780 2830 120740 0 2
2330 112780 2830 120740 1 2
2500 13160 9540 13720 1 2
2500 13160 9540 13720 2 2
2480 13160 9560 13720 0 2
2480 13160 9560 13720 1 2
2500 24920 9540 25480 1 2
2500 24920 9540 25480 2 2
2480 24920 9560 25480 0 2
2480 24920 9560 25480 1 2
2500 36680 9540 37240 1 2
2500 36680 9540 37240 2 2
2480 36680 9560 37240 0 2
2480 36680 9560 37240 1 2
2500 48440 9540 49000 1 2
2500 48440 9540 49000 2 2
2480 48440 9560 49000 0 2
2480 48440 9560 49000 1 2
2500 60200 9540 60760 1 2
2500 60200 9540 60760 2 2
2480 60200 9560 60760 0 2
2480 60200 9560 60760 1 2
2500 71960 9540 72520 1 2
2500 71960 9540 72520 2 2
2480 71960 9560 72520 0 2
2480 71960 9560 72520 1 2
2500 75320 7820 75880 1 2
2500 75320 7820 75880 2 2
2480 75320 7840 75880 0 2
2480 75320 7840 75880 1 2
2500 79520 7820 80080 1 2
2500 79520 7820 80080 2 2
2480 79520 7840 80080 0 2
2480 79520 7840 80080 1 2
2500 87920 7820 88480 1 2
2500 87920 7820 88480 2 2
2480 87920 7840 88480 0 2
2480 87920 7840 88480 1 2
2500 91280 7820 91840 1 2
2500 91280 7820 91840 2 2
2480 91280 7840 91840 0 2
2480 91280 7840 91840 1 2
2500 99680 7820 100240 1 2
2500 99680 7820 100240 2 2
2480 99680 7840 100240 0 2
2480 99680 7840 100240 1 2
2500 103040 7820 103600 1 2
2500 103040 7820 103600 2 2
2480 103040 7840 103600 0 2
2480 103040 7840 103600 1 2
2500 111440 7820 112000 1 2
2500 111440 7820 112000 2 2
2480 111440 7840 112000 0 2
2480 111440 7840 112000 1 2
3190 6940 3690 14900 0 2
3190 6940 3690 14900 1 2
3190 18700 3690 26660 0 2
3190 18700 3690 26660 1 2
3190 30460 3690 38420 0 2
3190 30460 3690 38420 1 2
3190 42220 3690 50180 0 2
3190 42220 3690 50180 1 2
3190 53980 3690 61940 0 2
3190 53980 3690 61940 1 2
3190 65740 3690 73700 0 2
3190 65740 3690 73700 1 2
3190 74140 3690 77060 0 2
3190 74140 3690 77060 1 2
3190 78340 3690 81260 0 2
3190 78340 3690 81260 1 2
3190 80860 3690 88820 0 2
3190 80860 3690 88820 1 2
3190 90100 3690 93020 0 2
3190 90100 3690 93020 1 2
3190 92620 3690 100580 0 2
3190 92620 3690 100580 1 2
3190 101860 3690 104780 0 2
3190 101860 3690 104780 1 2
3190 104380 3690 112340 0 2
3190 104380 3690 112340 1 2
3190 112780 3690 120740 0 2
3190 112780 3690 120740 1 2
3360 1400 8680 1960 1 2
3360 1400 8680 1960 2 2
3340 1400 8700 1960 0 2
3340 1400 8700 1960 1 2
3360 5600 8680 6160 1 2
3360 5600 8680 6160 2 2
3340 5600 8700 6160 0 2
3340 5600 8700 6160 1 2
3360 14000 8680 14560 1 2
3360 14000 8680 14560 2 2
3340 14000 8700 14560 0 2
3340 14000 8700 14560 1 2
3360 17360 8680 17920 1 2
3360 17360 8680 17920 2 2
3340 17360 8700 17920 0 2
3340 17360 8700 17920 1 2
3360 25760 8680 26320 1 2
3360 25760 8680 26320 2 2
3340 25760 8700 26320 0 2
3340 25760 8700 26320 1 2
3360 29120 8680 29680 1 2
3360 29120 8680 29680 2 2
3340 29120 8700 29680 0 2
3340 29120 8700 29680 1 2
3360 37520 8680 38080 1 2
3360 37520 8680 38080 2 2
3340 37520 8700 38080 0 2
3340 37520 8700 38080 1 2
3360 40880 8680 41440 1 2
3360 40880 8680 41440 2 2
3340 40880 8700 41440 0 2
3340 40880 8700 41440 1 2
3360 49280 8680 49840 1 2
3360 49280 8680 49840 2 2
3340 49280 8700 49840 0 2
3340 49280 8700 49840 1 2
3360 52640 8680 53200 1 2
3360 52640 8680 53200 2 2
3340 52640 8700 53200 0 2
3340 52640 8700 53200 1 2
3360 61040 8680 61600 1 2
3360 61040 8680 61600 2 2
3340 61040 8700 61600 0 2
3340 61040 8700 61600 1 2
3360 64400 8680 64960 1 2
3360 64400 8680 64960 2 2
3340 64400 8700 64960 0 2
3340 64400 8700 64960 1 2
3360 72800 8680 73360 1 2
3360 72800 8680 73360 2 2
3340 72800 8700 73360 0 2
3340 72800 8700 73360 1 2
4020 87230 4580 112690 2 2
4020 87230 4580 112690 3 2
4020 87280 4580 112640 1 2
4020 87280 4580 112640 2 2
4020 111070 4580 114050 2 2
4020 111070 4580 114050 3 2
4020 111120 4580 114000 1 2
4020 111120 4580 114000 2 2
4020 112430 4580 122770 2 2
4020 112430 4580 122770 3 2
4020 112480 4580 122720 1 2
4020 112480 4580 122720 2 2
4050 220 4550 3140 0 2
4050 220 4550 3140 1 2
4050 4420 4550 7340 0 2
4050 4420 4550 7340 1 2
4050 6940 4550 14900 0 2
4050 6940 4550 14900 1 2
4050 16180 4550 19100 0 2
4050 16180 4550 19100 1 2
4050 18700 4550 26660 0 2
4050 18700 4550 26660 1 2
4050 27940 4550 30860 0 2
4050 27940 4550 30860 1 2
4050 30460 4550 38420 0 2
4050 30460 4550 38420 1 2
4050 39700 4550 42620 0 2
4050 39700 4550 42620 1 2
4050 42220 4550 50180 0 2
4050 42220 4550 50180 1 2
4050 51460 4550 54380 0 2
4050 51460 4550 54380 1 2
4050 53980 4550 61940 0 2
4050 53980 4550 61940 1 2
4050 63220 4550 66140 0 2
4050 63220 4550 66140 1 2
4050 65740 4550 73700 0 2
4050 65740 4550 73700 1 2
4050 80860 4550 88820 0 2
4050 80860 4550 88820 1 2
4050 92620 4550 100580 0 2
4050 92620 4550 100580 1 2
4050 104380 4550 112340 0 2
4050 104380 4550 112340 1 2
4050 112780 4550 120740 0 2
4050 112780 4550 120740 1 2
4880 710 5440 73210 2 2
4880 710 5440 73210 3 2
4880 760 5440 73160 1 2
4880 760 5440 73160 2 2
4880 78830 5440 104290 2 2
4880 78830 5440 104290 3 2
4880 78880 5440 104240 1 2
4880 78880 5440 104240 2 2
4880 113270 5440 126970 2 2
4880 113270 5440 126970 3 2
4880 113320 5440 126920 1 2
4880 113320 5440 126920 2 2
4910 6940 5410 14900 0 2
4910 6940 5410 14900 1 2
4910 18700 5410 26660 0 2
4910 18700 5410 26660 1 2
4910 30460 5410 38420 0 2
4910 30460 5410 38420 1 2
4910 42220 5410 50180 0 2
4910 42220 5410 50180 1 2
4910 53980 5410 61940 0 2
4910 53980 5410 61940 1 2
4910 65740 5410 73700 0 2
4910 65740 5410 73700 1 2
4910 74140 5410 77060 0 2
4910 74140 5410 77060 1 2
4910 78340 5410 81260 0 2
4910 78340 5410 81260 1 2
4910 80860 5410 88820 0 2
4910 80860 5410 88820 1 2
4910 90100 5410 93020 0 2
4910 90100 5410 93020 1 2
4910 92620 5410 100580 0 2
4910 92620 5410 100580 1 2
4910 101860 5410 104780 0 2
4910 101860 5410 104780 1 2
4910 104380 5410 112340 0 2
4910 104380 5410 112340 1 2
4910 112780 5410 120740 0 2
4910 112780 5410 120740 1 2
5080 37000 6960 38600 3 2
5080 37000 6960 38600 4 2
5080 37000 6960 38600 2 2
5080 37000 6960 38600 3 2
5740 4910 6300 65650 2 2
5740 4910 6300 65650 3 2
5740 4960 6300 65600 1 2
5740 4960 6300 65600 2 2
5740 36780 6300 38820 2 2
5740 36780 6300 38820 3 2
5740 36830 6300 38770 1 2
5740 36830 6300 38770 2 2
5770 220 6270 3140 0 2
5770 220 6270 3140 1 2
5770 4420 6270 7340 0 2
5770 4420 6270 7340 1 2
5770 6940 6270 14900 0 2
5770 6940 6270 14900 1 2
5770 16180 6270 19100 0 2
5770 16180 6270 19100 1 2
5770 18700 6270 26660 0 2
5770 18700 6270 26660 1 2
5770 27940 6270 30860 0 2
5770 27940 6270 30860 1 2
5770 30460 6270 38420 0 2
5770 30460 6270 38420 1 2
5770 39700 6270 42620 0 2
5770 39700 6270 42620 1 2
5770 42220 6270 50180 0 2
5770 42220 6270 50180 1 2
5770 51460 6270 54380 0 2
5770 51460 6270 54380 1 2
5770 53980 6270 61940 0 2
5770 53980 6270 61940 1 2
5770 63220 6270 66140 0 2
5770 63220 6270 66140 1 2
5770 65740 6270 73700 0 2
5770 65740 6270 73700 1 2
5770 80860 6270 88820 0 2
5770 80860 6270 88820 1 2
5770 92620 6270 100580 0 2
5770 92620 6270 100580 1 2
5770 104380 6270 112340 0 2
5770 104380 6270 112340 1 2
5770 112780 6270 120740 0 2
5770 112780 6270 120740 1 2
5410 37000 15230 38600 3 2
5410 37000 15230 38600 4 2
5410 37000 15230 38600 2 2
5410 37000 15230 38600 3 2
6630 6940 7130 14900 0 2
6630 6940 7130 14900 1 2
6630 18700 7130 26660 0 2
6630 18700 7130 26660 1 2
6630 30460 7130 38420 0 2
6630 30460 7130 38420 1 2
6630 42220 7130 50180 0 2
6630 42220 7130 50180 1 2
6630 53980 7130 61940 0 2
6630 53980 7130 61940 1 2
6630 65740 7130 73700 0 2
6630 65740 7130 73700 1 2
6630 74140 7130 77060 0 2
6630 74140 7130 77060 1 2
6630 78340 7130 81260 0 2
6630 78340 7130 81260 1 2
6630 80860 7130 88820 0 2
6630 80860 7130 88820 1 2
6630 90100 7130 93020 0 2
6630 90100 7130 93020 1 2
6630 92620 7130 100580 0 2
6630 92620 7130 100580 1 2
6630 101860 7130 104780 0 2
6630 101860 7130 104780 1 2
6630 104380 7130 112340 0 2
6630 104380 7130 112340 1 2
6630 112780 7130 120740 0 2
6630 112780 7130 120740 1 2
7490 220 7990 3140 0 2
7490 220 7990 3140 1 2
7490 4420 7990 7340 0 2
7490 4420 7990 7340 1 2
7490 6940 7990 14900 0 2
7490 6940 7990 14900 1 2
7490 16180 7990 19100 0 2
7490 16180 7990 19100 1 2
7490 18700 7990 26660 0 2
7490 18700 7990 26660 1 2
7490 27940 7990 30860 0 2
7490 27940 7990 30860 1 2
7490 30460 7990 38420 0 2
7490 30460 7990 38420 1 2
7490 39700 7990 42620 0 2
7490 39700 7990 42620 1 2
7490 42220 7990 50180 0 2
7490 42220 7990 50180 1 2
7490 51460 7990 54380 0 2
7490 51460 7990 54380 1 2
7490 53980 7990 61940 0 2
7490 53980 7990 61940 1 2
7490 63220 7990 66140 0 2
7490 63220 7990 66140 1 2
7490 65740 7990 73700 0 2
7490 65740 7990 73700 1 2
7490 80860 7990 88820 0 2
7490 80860 7990 88820 1 2
7490 92620 7990 100580 0 2
7490 92620 7990 100580 1 2
7490 104380 7990 112340 0 2
7490 104380 7990 112340 1 2
8350 6940 8850 14900 0 2
8350 6940 8850 14900 1 2
8350 18700 8850 26660 0 2
8350 18700 8850 26660 1 2
8350 30460 8850 38420 0 2
8350 30460 8850 38420 1 2
8350 42220 8850 50180 0 2
8350 42220 8850 50180 1 2
8350 53980 8850 61940 0 2
8350 53980 8850 61940 1 2
8350 65740 8850 73700 0 2
8350 65740 8850 73700 1 2
11100 13160 18140 13720 1 2
11100 13160 18140 13720 2 2
11080 13160 18160 13720 0 2
11080 13160 18160 13720 1 2
11100 24920 18140 25480 1 2
11100 24920 18140 25480 2 2
11080 24920 18160 25480 0 2
11080 24920 18160 25480 1 2
11100 36680 18140 37240 1 2
11100 36680 18140 37240 2 2
11080 36680 18160 37240 0 2
11080 36680 18160 37240 1 2
11100 48440 18140 49000 1 2
11100 48440 18140 49000 2 2
11080 48440 18160 49000 0 2
11080 48440 18160 49000 1 2
11100 60200 18140 60760 1 2
11100 60200 18140 60760 2 2
11080 60200 18160 60760 0 2
11080 60200 18160 60760 1 2
11100 71960 18140 72520 1 2
11100 71960 18140 72520 2 2
11080 71960 18160 72520 0 2
11080 71960 18160 72520 1 2
11790 6940 12290 14900 0 2
11790 6940 12290 14900 1 2
11790 18700 12290 26660 0 2
11790 18700 12290 26660 1 2
11790 30460 12290 38420 0 2
11790 30460 12290 38420 1 2
11790 42220 12290 50180 0 2
11790 42220 12290 50180 1 2
11790 53980 12290 61940 0 2
11790 53980 12290 61940 1 2
11790 65740 12290 73700 0 2
11790 65740 12290 73700 1 2
11960 1400 17280 1960 1 2
11960 1400 17280 1960 2 2
11940 1400 17300 1960 0 2
11940 1400 17300 1960 1 2
11960 5600 17280 6160 1 2
11960 5600 17280 6160 2 2
11940 5600 17300 6160 0 2
11940 5600 17300 6160 1 2
11960 14000 17280 14560 1 2
11960 14000 17280 14560 2 2
11940 14000 17300 14560 0 2
11940 14000 17300 14560 1 2
11960 17360 17280 17920 1 2
11960 17360 17280 17920 2 2
11940 17360 17300 17920 0 2
11940 17360 17300 17920 1 2
11960 25760 17280 26320 1 2
11960 25760 17280 26320 2 2
11940 25760 17300 26320 0 2
11940 25760 17300 26320 1 2
11960 29120 17280 29680 1 2
11960 29120 17280 29680 2 2
11940 29120 17300 29680 0 2
11940 29120 17300 29680 1 2
11960 37520 17280 38080 1 2
11960 37520 17280 38080 2 2
11940 37520 17300 38080 0 2
11940 37520 17300 38080 1 2
11960 40880 17280 41440 1 2
11960 40880 17280 41440 2 2
11940 40880 17300 41440 0 2
11940 40880 17300 41440 1 2
11960 49280 17280 49840 1 2
11960 49280 17280 49840 2 2
11940 49280 17300 49840 0 2
11940 49280 17300 49840 1 2
11960 52640 17280 53200 1 2
11960 52640 17280 53200 2 2
11940 52640 17300 53200 0 2
11940 52640 17300 53200 1 2
11960 61040 17280 61600 1 2
11960 61040 17280 61600 2 2
11940 61040 17300 61600 0 2
11940 61040 17300 61600 1 2
11960 64400 17280 64960 1 2
11960 64400 17280 64960 2 2
11940 64400 17300 64960 0 2
11940 64400 17300 64960 1 2
11960 72800 17280 73360 1 2
11960 72800 17280 73360 2 2
11940 72800 17300 73360 0 2
11940 72800 17300 73360 1 2
11960 87080 19000 87640 1 2
11960 87080 19000 87640 2 2
11940 87080 19020 87640 0 2
11940 87080 19020 87640 1 2
11960 98840 19000 99400 1 2
11960 98840 19000 99400 2 2
11940 98840 19020 99400 0 2
11940 98840 19020 99400 1 2
11960 110600 19000 111160 1 2
11960 110600 19000 111160 2 2
11940 110600 19020 111160 0 2
11940 110600 19020 111160 1 2
12650 220 13150 3140 0 2
12650 220 13150 3140 1 2
12650 4420 13150 7340 0 2
12650 4420 13150 7340 1 2
12650 6940 13150 14900 0 2
12650 6940 13150 14900 1 2
12650 16180 13150 19100 0 2
12650 16180 13150 19100 1 2
12650 18700 13150 26660 0 2
12650 18700 13150 26660 1 2
12650 27940 13150 30860 0 2
12650 27940 13150 30860 1 2
12650 30460 13150 38420 0 2
12650 30460 13150 38420 1 2
12650 39700 13150 42620 0 2
12650 39700 13150 42620 1 2
12650 42220 13150 50180 0 2
12650 42220 13150 50180 1 2
12650 51460 13150 54380 0 2
12650 51460 13150 54380 1 2
12650 53980 13150 61940 0 2
12650 53980 13150 61940 1 2
12650 63220 13150 66140 0 2
12650 63220 13150 66140 1 2
12650 65740 13150 73700 0 2
12650 65740 13150 73700 1 2
12650 80860 13150 88820 0 2
12650 80860 13150 88820 1 2
12650 92620 13150 100580 0 2
12650 92620 13150 100580 1 2
12650 104380 13150 112340 0 2
12650 104380 13150 112340 1 2
12820 75320 18140 75880 1 2
12820 75320 18140 75880 2 2
12800 75320 18160 75880 0 2
12800 75320 18160 75880 1 2
12820 79520 18140 80080 1 2
12820 79520 18140 80080 2 2
12800 79520 18160 80080 0 2
12800 79520 18160 80080 1 2
12820 87920 18140 88480 1 2
12820 87920 18140 88480 2 2
12800 87920 18160 88480 0 2
12800 87920 18160 88480 1 2
12820 91280 18140 91840 1 2
12820 91280 18140 91840 2 2
12800 91280 18160 91840 0 2
12800 91280 18160 91840 1 2
12820 99680 18140 100240 1 2
12820 99680 18140 100240 2 2
12800 99680 18160 100240 0 2
12800 99680 18160 100240 1 2
12820 103040 18140 103600 1 2
12820 103040 18140 103600 2 2
12800 103040 18160 103600 0 2
12800 103040 18160 103600 1 2
12820 111440 18140 112000 1 2
12820 111440 18140 112000 2 2
12800 111440 18160 112000 0 2
12800 111440 18160 112000 1 2
12820 113960 19860 114520 1 2
12820 113960 19860 114520 2 2
12800 113960 19880 114520 0 2
12800 113960 19880 114520 1 2
13510 6940 14010 14900 0 2
13510 6940 14010 14900 1 2
13510 18700 14010 26660 0 2
13510 18700 14010 26660 1 2
13510 30460 14010 38420 0 2
13510 30460 14010 38420 1 2
13510 42220 14010 50180 0 2
13510 42220 14010 50180 1 2
13510 53980 14010 61940 0 2
13510 53980 14010 61940 1 2
13510 65740 14010 73700 0 2
13510 65740 14010 73700 1 2
13510 74140 14010 77060 0 2
13510 74140 14010 77060 1 2
13510 78340 14010 81260 0 2
13510 78340 14010 81260 1 2
13510 80860 14010 88820 0 2
13510 80860 14010 88820 1 2
13510 90100 14010 93020 0 2
13510 90100 14010 93020 1 2
13510 92620 14010 100580 0 2
13510 92620 14010 100580 1 2
13510 101860 14010 104780 0 2
13510 101860 14010 104780 1 2
13510 104380 14010 112340 0 2
13510 104380 14010 112340 1 2
13510 112780 14010 120740 0 2
13510 112780 14010 120740 1 2
13680 113120 19000 113680 1 2
13680 113120 19000 113680 2 2
13660 113120 19020 113680 0 2
13660 113120 19020 113680 1 2
13680 37000 15560 38600 3 2
13680 37000 15560 38600 4 2
13680 37000 15560 38600 2 2
13680 37000 15560 38600 3 2
14340 4910 14900 74050 2 2
14340 4910 14900 74050 3 2
14340 4960 14900 74000 1 2
14340 4960 14900 74000 2 2
14340 36780 14900 38820 2 2
14340 36780 14900 38820 3 2
14340 36830 14900 38770 1 2
14340 36830 14900 38770 2 2
14370 220 14870 3140 0 2
14370 220 14870 3140 1 2
14370 4420 14870 7340 0 2
14370 4420 14870 7340 1 2
14370 6940 14870 14900 0 2
14370 6940 14870 14900 1 2
14370 16180 14870 19100 0 2
14370 16180 14870 19100 1 2
14370 18700 14870 26660 0 2
14370 18700 14870 26660 1 2
14370 27940 14870 30860 0 2
14370 27940 14870 30860 1 2
14370 30460 14870 38420 0 2
14370 30460 14870 38420 1 2
14370 39700 14870 42620 0 2
14370 39700 14870 42620 1 2
14370 42220 14870 50180 0 2
14370 42220 14870 50180 1 2
14370 51460 14870 54380 0 2
14370 51460 14870 54380 1 2
14370 53980 14870 61940 0 2
14370 53980 14870 61940 1 2
14370 63220 14870 66140 0 2
14370 63220 14870 66140 1 2
14370 65740 14870 73700 0 2
14370 65740 14870 73700 1 2
14370 80860 14870 88820 0 2
14370 80860 14870 88820 1 2
14370 92620 14870 100580 0 2
14370 92620 14870 100580 1 2
14370 104380 14870 112340 0 2
14370 104380 14870 112340 1 2
14370 112780 14870 120740 0 2
14370 112780 14870 120740 1 2
15200 710 15760 73210 2 2
15200 710 15760 73210 3 2
15200 760 15760 73160 1 2
15200 760 15760 73160 2 2
15200 78830 15760 104290 2 2
15200 78830 15760 104290 3 2
15200 78880 15760 104240 1 2
15200 78880 15760 104240 2 2
15200 113270 15760 126970 2 2
15200 113270 15760 126970 3 2
15200 113320 15760 126920 1 2
15200 113320 15760 126920 2 2
15230 6940 15730 14900 0 2
15230 6940 15730 14900 1 2
15230 18700 15730 26660 0 2
15230 18700 15730 26660 1 2
15230 30460 15730 38420 0 2
15230 30460 15730 38420 1 2
15230 42220 15730 50180 0 2
15230 42220 15730 50180 1 2
15230 53980 15730 61940 0 2
15230 53980 15730 61940 1 2
15230 65740 15730 73700 0 2
15230 65740 15730 73700 1 2
15230 74140 15730 77060 0 2
15230 74140 15730 77060 1 2
15230 78340 15730 81260 0 2
15230 78340 15730 81260 1 2
15230 80860 15730 88820 0 2
15230 80860 15730 88820 1 2
15230 90100 15730 93020 0 2
15230 90100 15730 93020 1 2
15230 92620 15730 100580 0 2
15230 92620 15730 100580 1 2
15230 101860 15730 104780 0 2
15230 101860 15730 104780 1 2
15230 104380 15730 112340 0 2
15230 104380 15730 112340 1 2
15230 112780 15730 120740 0 2
15230 112780 15730 120740 1 2
16060 87230 16620 112690 2 2
16060 87230 16620 112690 3 2
16060 87280 16620 112640 1 2
16060 87280 16620 112640 2 2
16060 111070 16620 114050 2 2
16060 111070 16620 114050 3 2
16060 111120 16620 114000 1 2
16060 111120 16620 114000 2 2
16060 112430 16620 122770 2 2
16060 112430 16620 122770 3 2
16060 112480 16620 122720 1 2
16060 112480 16620 122720 2 2
16090 220 16590 3140 0 2
16090 220 16590 3140 1 2
16090 4420 16590 7340 0 2
16090 4420 16590 7340 1 2
16090 6940 16590 14900 0 2
16090 6940 16590 14900 1 2
16090 16180 16590 19100 0 2
16090 16180 16590 19100 1 2
16090 18700 16590 26660 0 2
16090 18700 16590 26660 1 2
16090 27940 16590 30860 0 2
16090 27940 16590 30860 1 2
16090 30460 16590 38420 0 2
16090 30460 16590 38420 1 2
16090 39700 16590 42620 0 2
16090 39700 16590 42620 1 2
16090 42220 16590 50180 0 2
16090 42220 16590 50180 1 2
16090 51460 16590 54380 0 2
16090 51460 16590 54380 1 2
16090 53980 16590 61940 0 2
16090 53980 16590 61940 1 2
16090 63220 16590 66140 0 2
16090 63220 16590 66140 1 2
16090 65740 16590 73700 0 2
16090 65740 16590 73700 1 2
16090 80860 16590 88820 0 2
16090 80860 16590 88820 1 2
16090 92620 16590 100580 0 2
16090 92620 16590 100580 1 2
16090 104380 16590 112340 0 2
16090 104380 16590 112340 1 2
16090 112780 16590 120740 0 2
16090 112780 16590 120740 1 2
16950 6940 17450 14900 0 2
16950 6940 17450 14900 1 2
16950 18700 17450 26660 0 2
16950 18700 17450 26660 1 2
16950 30460 17450 38420 0 2
16950 30460 17450 38420 1 2
16950 42220 17450 50180 0 2
16950 42220 17450 50180 1 2
16950 53980 17450 61940 0 2
16950 53980 17450 61940 1 2
16950 65740 17450 73700 0 2
16950 65740 17450 73700 1 2
16950 74140 17450 77060 0 2
16950 74140 17450 77060 1 2
16950 78340 17450 81260 0 2
16950 78340 17450 81260 1 2
16950 80860 17450 88820 0 2
16950 80860 17450 88820 1 2
16950 90100 17450 93020 0 2
16950 90100 17450 93020 1 2
16950 92620 17450 100580 0 2
16950 92620 17450 100580 1 2
16950 101860 17450 104780 0 2
16950 101860 17450 104780 1 2
16950 104380 17450 112340 0 2
16950 104380 17450 112340 1 2
16950 112780 17450 120740 0 2
16950 112780 17450 120740 1 2
