1000 11880 2440 13320 0 2
1000 23640 2440 25080 0 2
1860 960 3300 2400 0 2
1860 5160 3300 6600 0 2
1860 13560 3300 15000 0 2
1860 16920 3300 18360 0 2
1860 24480 3300 25920 0 2
2720 11880 4160 13320 0 2
2720 23640 4160 25080 0 2
3580 960 5020 2400 0 2
3580 5160 5020 6600 0 2
3580 12720 5020 14160 0 2
3580 16920 5020 18360 0 2
3580 25320 5020 26760 0 2
4440 11880 5880 13320 0 2
4440 23640 5880 25080 0 2
5300 960 6740 2400 0 2
5300 5160 6740 6600 0 2
5300 13560 6740 15000 0 2
5300 16920 6740 18360 0 2
5300 24480 6740 25920 0 2
6160 11880 7600 13320 0 2
6160 23640 7600 25080 0 2
7020 960 8460 2400 0 2
7020 5160 8460 6600 0 2
7020 12720 8460 14160 0 2
7020 16920 8460 18360 0 2
7020 25320 8460 26760 0 2
7880 11880 9320 13320 0 2
7880 23640 9320 25080 0 2
8740 960 10180 2400 0 2
8740 5160 10180 6600 0 2
8740 13560 10180 15000 0 2
8740 16920 10180 18360 0 2
8740 24480 10180 25920 0 2
9600 11880 11040 13320 0 2
9600 23640 11040 25080 0 2
9600 28680 11040 30120 0 2
10460 960 11900 2400 0 2
10460 5160 11900 6600 0 2
10460 12720 11900 14160 0 2
10460 16920 11900 18360 0 2
10460 25320 11900 26760 0 2
10460 27000 11900 28440 0 2
10460 35400 11900 36840 0 2
10460 39600 11900 41040 0 2
11320 11880 12760 13320 0 2
11320 23640 12760 25080 0 2
11320 28680 12760 30120 0 2
12180 960 13620 2400 0 2
12180 5160 13620 6600 0 2
12180 13560 13620 15000 0 2
12180 16920 13620 18360 0 2
12180 24480 13620 25920 0 2
12180 27840 13620 29280 0 2
12180 35400 13620 36840 0 2
12180 39600 13620 41040 0 2
13040 11880 14480 13320 0 2
13040 23640 14480 25080 0 2
13040 28680 14480 30120 0 2
13900 960 15340 2400 0 2
13900 5160 15340 6600 0 2
13900 12720 15340 14160 0 2
13900 16920 15340 18360 0 2
13900 25320 15340 26760 0 2
13900 27840 15340 29280 0 2
13900 35400 15340 36840 0 2
13900 39600 15340 41040 0 2
14760 11880 16200 13320 0 2
14760 23640 16200 25080 0 2
14760 28680 16200 30120 0 2
15620 960 17060 2400 0 2
15620 5160 17060 6600 0 2
15620 13560 17060 15000 0 2
15620 16920 17060 18360 0 2
15620 24480 17060 25920 0 2
15620 27000 17060 28440 0 2
15620 35400 17060 36840 0 2
15620 39600 17060 41040 0 2
16480 11880 17920 13320 0 2
16480 23640 17920 25080 0 2
16480 28680 17920 30120 0 2
17340 960 18780 2400 0 2
17340 5160 18780 6600 0 2
17340 12720 18780 14160 0 2
17340 16920 18780 18360 0 2
17340 25320 18780 26760 0 2
17340 27000 18780 28440 0 2
17340 35400 18780 36840 0 2
17340 39600 18780 41040 0 2
18200 11880 19640 13320 0 2
18200 23640 19640 25080 0 2
18200 28680 19640 30120 0 2
19060 960 20500 2400 0 2
19060 5160 20500 6600 0 2
19060 13560 20500 15000 0 2
19060 16920 20500 18360 0 2
19060 24480 20500 25920 0 2
19060 27840 20500 29280 0 2
19060 35400 20500 36840 0 2
19060 39600 20500 41040 0 2
19920 11880 21360 13320 0 2
19920 23640 21360 25080 0 2
19920 28680 21360 30120 0 2
20780 960 22220 2400 0 2
20780 5160 22220 6600 0 2
20780 12720 22220 14160 0 2
20780 16920 22220 18360 0 2
20780 25320 22220 26760 0 2
20780 27840 22220 29280 0 2
20780 35400 22220 36840 0 2
20780 39600 22220 41040 0 2
21640 11880 23080 13320 0 2
21640 23640 23080 25080 0 2
21640 28680 23080 30120 0 2
22500 960 23940 2400 0 2
22500 5160 23940 6600 0 2
22500 13560 23940 15000 0 2
22500 16920 23940 18360 0 2
22500 24480 23940 25920 0 2
22500 27000 23940 28440 0 2
22500 35400 23940 36840 0 2
22500 39600 23940 41040 0 2
23360 11880 24800 13320 0 2
23360 23640 24800 25080 0 2
23360 28680 24800 30120 0 2
24220 960 25660 2400 0 2
24220 5160 25660 6600 0 2
24220 12720 25660 14160 0 2
24220 16920 25660 18360 0 2
24220 25320 25660 26760 0 2
25080 11880 26520 13320 0 2
25080 23640 26520 25080 0 2
25940 960 27380 2400 0 2
25940 5160 27380 6600 0 2
25940 13560 27380 15000 0 2
25940 16920 27380 18360 0 2
25940 24480 27380 25920 0 2
26800 11880 28240 13320 0 2
26800 23640 28240 25080 0 2
27660 960 29100 2400 0 2
27660 5160 29100 6600 0 2
27660 12720 29100 14160 0 2
27660 16920 29100 18360 0 2
27660 25320 29100 26760 0 2
28520 11880 29960 13320 0 2
28520 23640 29960 25080 0 2
29380 960 30820 2400 0 2
29380 5160 30820 6600 0 2
29380 13560 30820 15000 0 2
29380 16920 30820 18360 0 2
29380 24480 30820 25920 0 2
30240 11880 31680 13320 0 2
30240 23640 31680 25080 0 2
31100 960 32540 2400 0 2
31100 5160 32540 6600 0 2
31100 12720 32540 14160 0 2
31100 16920 32540 18360 0 2
31100 25320 32540 26760 0 2
31960 11880 33400 13320 0 2
31960 23640 33400 25080 0 2
33680 11040 35120 12480 0 2
33680 11880 35120 13320 0 2
35400 16920 36840 18360 0 2
36260 16080 37700 17520 0 2
36260 23640 37700 25080 0 2
36260 27840 37700 29280 0 2
37120 16920 38560 18360 0 2
37980 15240 39420 16680 0 2
37980 23640 39420 25080 0 2
37980 27840 39420 29280 0 2
38840 16920 40280 18360 0 2
39700 16080 41140 17520 0 2
39700 23640 41140 25080 0 2
39700 27840 41140 29280 0 2
40560 16920 42000 18360 0 2
41420 15240 42860 16680 0 2
41420 23640 42860 25080 0 2
41420 27840 42860 29280 0 2
42280 16920 43720 18360 0 2
43140 16080 44580 17520 0 2
43140 23640 44580 25080 0 2
43140 27840 44580 29280 0 2
44000 16920 45440 18360 0 2
44860 15240 46300 16680 0 2
44860 23640 46300 25080 0 2
44860 27840 46300 29280 0 2
45720 16920 47160 18360 0 2
46580 16080 48020 17520 0 2
46580 23640 48020 25080 0 2
46580 27840 48020 29280 0 2
47440 11880 48880 13320 0 2
47440 16920 48880 18360 0 2
48300 960 49740 2400 0 2
48300 5160 49740 6600 0 2
48300 13560 49740 15000 0 2
48300 15240 49740 16680 0 2
48300 23640 49740 25080 0 2
48300 27840 49740 29280 0 2
49160 11880 50600 13320 0 2
49160 16920 50600 18360 0 2
50020 960 51460 2400 0 2
50020 4320 51460 5760 0 2
50020 12720 51460 14160 0 2
50020 16080 51460 17520 0 2
50020 23640 51460 25080 0 2
50020 27840 51460 29280 0 2
50880 11880 52320 13320 0 2
50880 16920 52320 18360 0 2
51740 960 53180 2400 0 2
51740 4320 53180 5760 0 2
51740 12720 53180 14160 0 2
51740 15240 53180 16680 0 2
51740 23640 53180 25080 0 2
51740 27840 53180 29280 0 2
52600 11880 54040 13320 0 2
52600 16920 54040 18360 0 2
53460 960 54900 2400 0 2
53460 5160 54900 6600 0 2
53460 13560 54900 15000 0 2
53460 14400 54900 15840 0 2
53460 16080 54900 17520 0 2
54320 11880 55760 13320 0 2
55180 960 56620 2400 0 2
55180 5160 56620 6600 0 2
55180 13560 56620 15000 0 2
56040 11880 57480 13320 0 2
56040 16920 57480 18360 0 2
56900 960 58340 2400 0 2
56900 4320 58340 5760 0 2
56900 12720 58340 14160 0 2
56900 15240 58340 16680 0 2
56900 23640 58340 25080 0 2
56900 27840 58340 29280 0 2
57760 11880 59200 13320 0 2
57760 16920 59200 18360 0 2
58620 960 60060 2400 0 2
58620 4320 60060 5760 0 2
58620 12720 60060 14160 0 2
58620 16080 60060 17520 0 2
58620 23640 60060 25080 0 2
58620 27840 60060 29280 0 2
59480 11880 60920 13320 0 2
59480 16920 60920 18360 0 2
60340 960 61780 2400 0 2
60340 5160 61780 6600 0 2
60340 13560 61780 15000 0 2
60340 15240 61780 16680 0 2
60340 23640 61780 25080 0 2
60340 27840 61780 29280 0 2
61200 11880 62640 13320 0 2
61200 16920 62640 18360 0 2
62060 16080 63500 17520 0 2
62060 23640 63500 25080 0 2
62060 27840 63500 29280 0 2
62920 16920 64360 18360 0 2
63780 15240 65220 16680 0 2
63780 23640 65220 25080 0 2
63780 27840 65220 29280 0 2
64640 16920 66080 18360 0 2
65500 16080 66940 17520 0 2
65500 23640 66940 25080 0 2
65500 27840 66940 29280 0 2
66360 16920 67800 18360 0 2
67220 15240 68660 16680 0 2
67220 23640 68660 25080 0 2
67220 27840 68660 29280 0 2
68080 16920 69520 18360 0 2
68940 16080 70380 17520 0 2
68940 23640 70380 25080 0 2
68940 27840 70380 29280 0 2
69800 16920 71240 18360 0 2
70660 15240 72100 16680 0 2
70660 23640 72100 25080 0 2
70660 27840 72100 29280 0 2
71520 16920 72960 18360 0 2
72380 16080 73820 17520 0 2
72380 23640 73820 25080 0 2
72380 27840 73820 29280 0 2
73240 16920 74680 18360 0 2
1940 1040 3220 2320 1 2
14840 27920 16120 29200 1 2
15700 11120 16980 12400 1 2
15700 11960 16980 13240 1 2
15700 23720 16980 25000 1 2
15700 27080 16980 28360 1 2
15700 35480 16980 36760 1 2
16560 12800 17840 14080 1 2
16560 14480 17840 15760 1 2
16560 24560 17840 25840 1 2
17420 5240 18700 6520 1 2
17420 13640 18700 14920 1 2
17420 16160 18700 17440 1 2
17420 17000 18700 18280 1 2
17420 25400 18700 26680 1 2
17420 28760 18700 30040 1 2
17420 39680 18700 40960 1 2
43220 17000 44500 18280 1 2
43220 27920 44500 29200 1 2
44940 13640 46220 14920 1 2
44940 15320 46220 16600 1 2
44940 23720 46220 25000 1 2
46660 12800 47940 14080 1 2
46660 13640 47940 14920 1 2
48380 1040 49660 2320 1 2
63860 13640 65140 14920 1 2
63860 15320 65140 16600 1 2
63860 23720 65140 25000 1 2
65580 17000 66860 18280 1 2
65580 27920 66860 29200 1 2
1780 16840 3380 18440 2 2
14680 24400 16280 26000 2 2
15540 24400 17140 26000 2 2
17260 29440 18860 31040 2 2
48220 16840 49820 18440 2 2
65420 34480 67020 36080 2 2
-800 16840 800 18440 3 2
16960 16840 18560 18440 3 2
16960 29440 18560 31040 3 2
22880 -800 24480 800 3 2
22880 34480 24480 36080 3 2
46560 16840 48160 18440 3 2
70240 -800 71840 800 3 2
70240 34480 71840 36080 3 2
