780 12320 33620 12880 1 2
780 12320 33620 12880 2 2
760 12320 33640 12880 0 2
760 12320 33640 12880 1 2
780 24080 33620 24640 1 2
780 24080 33620 24640 2 2
760 24080 33640 24640 0 2
760 24080 33640 24640 1 2
1470 6940 1970 14900 0 2
1470 6940 1970 14900 1 2
1470 18700 1970 26660 0 2
1470 18700 1970 26660 1 2
1170 16840 3990 18440 3 2
1170 16840 3990 18440 4 2
1170 16840 3990 18440 2 2
1170 16840 3990 18440 3 2
1640 1400 32760 1960 1 2
1640 1400 32760 1960 2 2
1620 1400 32780 1960 0 2
1620 1400 32780 1960 1 2
1640 5600 32760 6160 1 2
1640 5600 32760 6160 2 2
1620 5600 32780 6160 0 2
1620 5600 32780 6160 1 2
1640 14000 31040 14560 1 2
1640 14000 31040 14560 2 2
1620 14000 31060 14560 0 2
1620 14000 31060 14560 1 2
1640 17360 32760 17920 1 2
1640 17360 32760 17920 2 2
1620 17360 32780 17920 0 2
1620 17360 32780 17920 1 2
1640 24920 31040 25480 1 2
1640 24920 31040 25480 2 2
1620 24920 31060 25480 0 2
1620 24920 31060 25480 1 2
1660 1400 3500 1960 1 2
1660 1400 3500 1960 2 2
1640 1400 3520 1960 0 2
1640 1400 3520 1960 1 2
2300 710 2860 2650 2 2
2300 710 2860 2650 3 2
2300 760 2860 2600 1 2
2300 760 2860 2600 2 2
1700 1400 3460 1960 1 2
1700 1400 3460 1960 2 2
1680 1400 3480 1960 0 2
1680 1400 3480 1960 1 2
2300 1030 2860 18290 2 2
2300 1030 2860 18290 3 2
2300 1080 2860 18240 1 2
2300 1080 2860 18240 2 2
2300 16620 2860 18660 2 2
2300 16620 2860 18660 3 2
2300 16670 2860 18610 1 2
2300 16670 2860 18610 2 2
2330 220 2830 3140 0 2
2330 220 2830 3140 1 2
2330 4420 2830 7340 0 2
2330 4420 2830 7340 1 2
2330 6940 2830 14900 0 2
2330 6940 2830 14900 1 2
2330 16180 2830 19100 0 2
2330 16180 2830 19100 1 2
2330 18700 2830 26660 0 2
2330 18700 2830 26660 1 2
3190 6940 3690 14900 0 2
3190 6940 3690 14900 1 2
3190 18700 3690 26660 0 2
3190 18700 3690 26660 1 2
3360 13160 32760 13720 1 2
3360 13160 32760 13720 2 2
3340 13160 32780 13720 0 2
3340 13160 32780 13720 1 2
3360 25760 32760 26320 1 2
3360 25760 32760 26320 2 2
3340 25760 32780 26320 0 2
3340 25760 32780 26320 1 2
4050 220 4550 3140 0 2
4050 220 4550 3140 1 2
4050 4420 4550 7340 0 2
4050 4420 4550 7340 1 2
4050 6940 4550 14900 0 2
4050 6940 4550 14900 1 2
4050 16180 4550 19100 0 2
4050 16180 4550 19100 1 2
4050 18700 4550 26660 0 2
4050 18700 4550 26660 1 2
4910 6940 5410 14900 0 2
4910 6940 5410 14900 1 2
4910 18700 5410 26660 0 2
4910 18700 5410 26660 1 2
5770 220 6270 3140 0 2
5770 220 6270 3140 1 2
5770 4420 6270 7340 0 2
5770 4420 6270 7340 1 2
5770 6940 6270 14900 0 2
5770 6940 6270 14900 1 2
5770 16180 6270 19100 0 2
5770 16180 6270 19100 1 2
5770 18700 6270 26660 0 2
5770 18700 6270 26660 1 2
6630 6940 7130 14900 0 2
6630 6940 7130 14900 1 2
6630 18700 7130 26660 0 2
6630 18700 7130 26660 1 2
7490 220 7990 3140 0 2
7490 220 7990 3140 1 2
7490 4420 7990 7340 0 2
7490 4420 7990 7340 1 2
7490 6940 7990 14900 0 2
7490 6940 7990 14900 1 2
7490 16180 7990 19100 0 2
7490 16180 7990 19100 1 2
7490 18700 7990 26660 0 2
7490 18700 7990 26660 1 2
8350 6940 8850 14900 0 2
8350 6940 8850 14900 1 2
8350 18700 8850 26660 0 2
8350 18700 8850 26660 1 2
9210 220 9710 3140 0 2
9210 220 9710 3140 1 2
9210 4420 9710 7340 0 2
9210 4420 9710 7340 1 2
9210 6940 9710 14900 0 2
9210 6940 9710 14900 1 2
9210 16180 9710 19100 0 2
9210 16180 9710 19100 1 2
9210 18700 9710 26660 0 2
9210 18700 9710 26660 1 2
9380 29120 25020 29680 1 2
9380 29120 25020 29680 2 2
9360 29120 25040 29680 0 2
9360 29120 25040 29680 1 2
10070 6940 10570 14900 0 2
10070 6940 10570 14900 1 2
10070 18700 10570 26660 0 2
10070 18700 10570 26660 1 2
10070 27100 10570 35060 0 2
10070 27100 10570 35060 1 2
10240 27440 24160 28000 1 2
10240 27440 24160 28000 2 2
10220 27440 24180 28000 0 2
10220 27440 24180 28000 1 2
10240 35840 24160 36400 1 2
10240 35840 24160 36400 2 2
10220 35840 24180 36400 0 2
10220 35840 24180 36400 1 2
10240 40040 24160 40600 1 2
10240 40040 24160 40600 2 2
10220 40040 24180 40600 0 2
10220 40040 24180 40600 1 2
10930 220 11430 3140 0 2
10930 220 11430 3140 1 2
10930 4420 11430 7340 0 2
10930 4420 11430 7340 1 2
10930 6940 11430 14900 0 2
10930 6940 11430 14900 1 2
10930 16180 11430 19100 0 2
10930 16180 11430 19100 1 2
10930 18700 11430 26660 0 2
10930 18700 11430 26660 1 2
10930 27100 11430 35060 0 2
10930 27100 11430 35060 1 2
10930 34660 11430 37580 0 2
10930 34660 11430 37580 1 2
10930 38860 11430 41780 0 2
10930 38860 11430 41780 1 2
11790 6940 12290 14900 0 2
11790 6940 12290 14900 1 2
11790 18700 12290 26660 0 2
11790 18700 12290 26660 1 2
11790 27100 12290 35060 0 2
11790 27100 12290 35060 1 2
11960 28280 22440 28840 1 2
11960 28280 22440 28840 2 2
11940 28280 22460 28840 0 2
11940 28280 22460 28840 1 2
12650 220 13150 3140 0 2
12650 220 13150 3140 1 2
12650 4420 13150 7340 0 2
12650 4420 13150 7340 1 2
12650 6940 13150 14900 0 2
12650 6940 13150 14900 1 2
12650 16180 13150 19100 0 2
12650 16180 13150 19100 1 2
12650 18700 13150 26660 0 2
12650 18700 13150 26660 1 2
12650 27100 13150 35060 0 2
12650 27100 13150 35060 1 2
12650 34660 13150 37580 0 2
12650 34660 13150 37580 1 2
12650 38860 13150 41780 0 2
12650 38860 13150 41780 1 2
13510 6940 14010 14900 0 2
13510 6940 14010 14900 1 2
13510 18700 14010 26660 0 2
13510 18700 14010 26660 1 2
13510 27100 14010 35060 0 2
13510 27100 14010 35060 1 2
14370 220 14870 3140 0 2
14370 220 14870 3140 1 2
14370 4420 14870 7340 0 2
14370 4420 14870 7340 1 2
14370 6940 14870 14900 0 2
14370 6940 14870 14900 1 2
14370 16180 14870 19100 0 2
14370 16180 14870 19100 1 2
14370 18700 14870 26660 0 2
14370 18700 14870 26660 1 2
14370 27100 14870 35060 0 2
14370 27100 14870 35060 1 2
14370 34660 14870 37580 0 2
14370 34660 14870 37580 1 2
14370 38860 14870 41780 0 2
14370 38860 14870 41780 1 2
14540 24400 16420 26000 3 2
14540 24400 16420 26000 4 2
14540 24400 16420 26000 2 2
14540 24400 16420 26000 3 2
14560 28280 16400 28840 1 2
14560 28280 16400 28840 2 2
14540 28280 16420 28840 0 2
14540 28280 16420 28840 1 2
15200 24180 15760 26220 2 2
15200 24180 15760 26220 3 2
15200 24230 15760 26170 1 2
15200 24230 15760 26170 2 2
15200 24550 15760 29210 2 2
15200 24550 15760 29210 3 2
15200 24600 15760 29160 1 2
15200 24600 15760 29160 2 2
15200 27590 15760 29530 2 2
15200 27590 15760 29530 3 2
15200 27640 15760 29480 1 2
15200 27640 15760 29480 2 2
15230 6940 15730 14900 0 2
15230 6940 15730 14900 1 2
15230 18700 15730 26660 0 2
15230 18700 15730 26660 1 2
15230 27100 15730 35060 0 2
15230 27100 15730 35060 1 2
14870 24400 16950 26000 3 2
14870 24400 16950 26000 4 2
14870 24400 16950 26000 2 2
14870 24400 16950 26000 3 2
15400 24400 17280 26000 3 2
15400 24400 17280 26000 4 2
15400 24400 17280 26000 2 2
15400 24400 17280 26000 3 2
15420 11480 17260 12040 1 2
15420 11480 17260 12040 2 2
15400 11480 17280 12040 0 2
15400 11480 17280 12040 1 2
16060 10790 16620 12730 2 2
16060 10790 16620 12730 3 2
16060 10840 16620 12680 1 2
16060 10840 16620 12680 2 2
16060 11110 16620 13250 2 2
16060 11110 16620 13250 3 2
16060 11160 16620 13200 1 2
16060 11160 16620 13200 2 2
16060 11630 16620 25330 2 2
16060 11630 16620 25330 3 2
16060 11680 16620 25280 1 2
16060 11680 16620 25280 2 2
16060 23710 16620 25850 2 2
16060 23710 16620 25850 3 2
16060 23760 16620 25800 1 2
16060 23760 16620 25800 2 2
16060 24180 16620 26220 2 2
16060 24180 16620 26220 3 2
16060 24230 16620 26170 1 2
16060 24230 16620 26170 2 2
16060 26750 16620 37090 2 2
16060 26750 16620 37090 3 2
16060 26800 16620 37040 1 2
16060 26800 16620 37040 2 2
16090 220 16590 3140 0 2
16090 220 16590 3140 1 2
16090 4420 16590 7340 0 2
16090 4420 16590 7340 1 2
16090 6940 16590 14900 0 2
16090 6940 16590 14900 1 2
16090 16180 16590 19100 0 2
16090 16180 16590 19100 1 2
16090 18700 16590 26660 0 2
16090 18700 16590 26660 1 2
16090 27100 16590 35060 0 2
16090 27100 16590 35060 1 2
16090 34660 16590 37580 0 2
16090 34660 16590 37580 1 2
16090 38860 16590 41780 0 2
16090 38860 16590 41780 1 2
15740 11480 35000 12040 1 2
15740 11480 35000 12040 2 2
15720 11480 35020 12040 0 2
15720 11480 35020 12040 1 2
16580 15530 18940 19750 4 2
16580 15530 18940 19750 5 2
16580 16380 18940 18900 3 2
16580 16380 18940 18900 4 2
16580 15860 18940 32020 4 2
16580 15860 18940 32020 5 2
16580 16710 18940 31170 3 2
16580 16710 18940 31170 4 2
16580 28130 18940 32350 4 2
16580 28130 18940 32350 5 2
16580 28980 18940 31500 3 2
16580 28980 18940 31500 4 2
16280 14840 18120 15400 1 2
16280 14840 18120 15400 2 2
16260 14840 18140 15400 0 2
16260 14840 18140 15400 1 2
16920 12470 17480 26170 2 2
16920 12470 17480 26170 3 2
16920 12520 17480 26120 1 2
16920 12520 17480 26120 2 2
16920 14100 17480 16140 2 2
16920 14100 17480 16140 3 2
16920 14150 17480 16090 1 2
16920 14150 17480 16090 2 2
16920 14150 17480 16090 2 2
16920 14150 17480 16090 3 2
16920 14200 17480 16040 1 2
16920 14200 17480 16040 2 2
16950 6940 17450 14900 0 2
16950 6940 17450 14900 1 2
16950 18700 17450 26660 0 2
16950 18700 17450 26660 1 2
16950 27100 17450 35060 0 2
16950 27100 17450 35060 1 2
16350 16840 19170 18440 3 2
16350 16840 19170 18440 4 2
16350 16840 19170 18440 2 2
16350 16840 19170 18440 3 2
16600 14840 54780 15400 1 2
16600 14840 54780 15400 2 2
16580 14840 54800 15400 0 2
16580 14840 54800 15400 1 2
16820 16840 18700 18440 3 2
16820 16840 18700 18440 4 2
16820 16840 18700 18440 2 2
16820 16840 18700 18440 3 2
16820 29440 18700 31040 3 2
16820 29440 18700 31040 4 2
16820 29440 18700 31040 2 2
16820 29440 18700 31040 3 2
17000 29440 18820 31040 3 2
17000 29440 18820 31040 4 2
17000 29440 18820 31040 2 2
17000 29440 18820 31040 3 2
17120 29440 19000 31040 3 2
17120 29440 19000 31040 4 2
17120 29440 19000 31040 2 2
17120 29440 19000 31040 3 2
17140 16520 18980 17080 1 2
17140 16520 18980 17080 2 2
17120 16520 19000 17080 0 2
17120 16520 19000 17080 1 2
17780 4910 18340 27010 2 2
17780 4910 18340 27010 3 2
17780 4960 18340 26960 1 2
17780 4960 18340 26960 2 2
17780 15780 18340 17820 2 2
17780 15780 18340 17820 3 2
17780 15830 18340 17770 1 2
17780 15830 18340 17770 2 2
17780 15830 18340 17770 2 2
17780 15830 18340 17770 3 2
17780 15880 18340 17720 1 2
17780 15880 18340 17720 2 2
17780 28430 18340 41290 2 2
17780 28430 18340 41290 3 2
17780 28480 18340 41240 1 2
17780 28480 18340 41240 2 2
17780 29220 18340 31260 2 2
17780 29220 18340 31260 3 2
17780 29270 18340 31210 1 2
17780 29270 18340 31210 2 2
17780 29310 18340 31170 2 2
17780 29310 18340 31170 3 2
17780 29360 18340 31120 1 2
17780 29360 18340 31120 2 2
17810 220 18310 3140 0 2
17810 220 18310 3140 1 2
17810 4420 18310 7340 0 2
17810 4420 18310 7340 1 2
17810 6940 18310 14900 0 2
17810 6940 18310 14900 1 2
17810 16180 18310 19100 0 2
17810 16180 18310 19100 1 2
17810 18700 18310 26660 0 2
17810 18700 18310 26660 1 2
17810 27100 18310 35060 0 2
17810 27100 18310 35060 1 2
17810 34660 18310 37580 0 2
17810 34660 18310 37580 1 2
17810 38860 18310 41780 0 2
17810 38860 18310 41780 1 2
17460 16520 37580 17080 1 2
17460 16520 37580 17080 2 2
17440 16520 37600 17080 0 2
17440 16520 37600 17080 1 2
18670 6940 19170 14900 0 2
18670 6940 19170 14900 1 2
18670 18700 19170 26660 0 2
18670 18700 19170 26660 1 2
18670 27100 19170 35060 0 2
18670 27100 19170 35060 1 2
19530 220 20030 3140 0 2
19530 220 20030 3140 1 2
19530 4420 20030 7340 0 2
19530 4420 20030 7340 1 2
19530 6940 20030 14900 0 2
19530 6940 20030 14900 1 2
19530 16180 20030 19100 0 2
19530 16180 20030 19100 1 2
19530 18700 20030 26660 0 2
19530 18700 20030 26660 1 2
19530 27100 20030 35060 0 2
19530 27100 20030 35060 1 2
19530 34660 20030 37580 0 2
19530 34660 20030 37580 1 2
19530 38860 20030 41780 0 2
19530 38860 20030 41780 1 2
20390 6940 20890 14900 0 2
20390 6940 20890 14900 1 2
20390 18700 20890 26660 0 2
20390 18700 20890 26660 1 2
20390 27100 20890 35060 0 2
20390 27100 20890 35060 1 2
21250 220 21750 3140 0 2
21250 220 21750 3140 1 2
21250 4420 21750 7340 0 2
21250 4420 21750 7340 1 2
21250 6940 21750 14900 0 2
21250 6940 21750 14900 1 2
21250 16180 21750 19100 0 2
21250 16180 21750 19100 1 2
21250 18700 21750 26660 0 2
21250 18700 21750 26660 1 2
21250 27100 21750 35060 0 2
21250 27100 21750 35060 1 2
21250 34660 21750 37580 0 2
21250 34660 21750 37580 1 2
21250 38860 21750 41780 0 2
21250 38860 21750 41780 1 2
22110 6940 22610 14900 0 2
22110 6940 22610 14900 1 2
22110 18700 22610 26660 0 2
22110 18700 22610 26660 1 2
22110 27100 22610 35060 0 2
22110 27100 22610 35060 1 2
22970 220 23470 3140 0 2
22970 220 23470 3140 1 2
22970 4420 23470 7340 0 2
22970 4420 23470 7340 1 2
22970 6940 23470 14900 0 2
22970 6940 23470 14900 1 2
22970 16180 23470 19100 0 2
22970 16180 23470 19100 1 2
22970 18700 23470 26660 0 2
22970 18700 23470 26660 1 2
22970 27100 23470 35060 0 2
22970 27100 23470 35060 1 2
22970 34660 23470 37580 0 2
22970 34660 23470 37580 1 2
22970 38860 23470 41780 0 2
22970 38860 23470 41780 1 2
23830 6940 24330 14900 0 2
23830 6940 24330 14900 1 2
23830 18700 24330 26660 0 2
23830 18700 24330 26660 1 2
23830 27100 24330 35060 0 2
23830 27100 24330 35060 1 2
24690 220 25190 3140 0 2
24690 220 25190 3140 1 2
24690 4420 25190 7340 0 2
24690 4420 25190 7340 1 2
24690 6940 25190 14900 0 2
24690 6940 25190 14900 1 2
24690 16180 25190 19100 0 2
24690 16180 25190 19100 1 2
24690 18700 25190 26660 0 2
24690 18700 25190 26660 1 2
25550 6940 26050 14900 0 2
25550 6940 26050 14900 1 2
25550 18700 26050 26660 0 2
25550 18700 26050 26660 1 2
26410 220 26910 3140 0 2
26410 220 26910 3140 1 2
26410 4420 26910 7340 0 2
26410 4420 26910 7340 1 2
26410 6940 26910 14900 0 2
26410 6940 26910 14900 1 2
26410 16180 26910 19100 0 2
26410 16180 26910 19100 1 2
26410 18700 26910 26660 0 2
26410 18700 26910 26660 1 2
27270 6940 27770 14900 0 2
27270 6940 27770 14900 1 2
27270 18700 27770 26660 0 2
27270 18700 27770 26660 1 2
28130 220 28630 3140 0 2
28130 220 28630 3140 1 2
28130 4420 28630 7340 0 2
28130 4420 28630 7340 1 2
28130 6940 28630 14900 0 2
28130 6940 28630 14900 1 2
28130 16180 28630 19100 0 2
28130 16180 28630 19100 1 2
28130 18700 28630 26660 0 2
28130 18700 28630 26660 1 2
28990 6940 29490 14900 0 2
28990 6940 29490 14900 1 2
28990 18700 29490 26660 0 2
28990 18700 29490 26660 1 2
29850 220 30350 3140 0 2
29850 220 30350 3140 1 2
29850 4420 30350 7340 0 2
29850 4420 30350 7340 1 2
29850 6940 30350 14900 0 2
29850 6940 30350 14900 1 2
29850 16180 30350 19100 0 2
29850 16180 30350 19100 1 2
29850 18700 30350 26660 0 2
29850 18700 30350 26660 1 2
30710 6940 31210 14900 0 2
30710 6940 31210 14900 1 2
30710 18700 31210 26660 0 2
30710 18700 31210 26660 1 2
31570 220 32070 3140 0 2
31570 220 32070 3140 1 2
31570 4420 32070 7340 0 2
31570 4420 32070 7340 1 2
31570 6940 32070 14900 0 2
31570 6940 32070 14900 1 2
31570 16180 32070 19100 0 2
31570 16180 32070 19100 1 2
31570 18700 32070 26660 0 2
31570 18700 32070 26660 1 2
32430 6940 32930 14900 0 2
32430 6940 32930 14900 1 2
32430 18700 32930 26660 0 2
32430 18700 32930 26660 1 2
33460 11480 35340 12040 1 2
33460 11480 35340 12040 2 2
33440 11480 35360 12040 0 2
33440 11480 35360 12040 1 2
33460 12320 35340 12880 1 2
33460 12320 35340 12880 2 2
33440 12320 35360 12880 0 2
33440 12320 35360 12880 1 2
34150 11140 34650 12380 0 2
34150 11140 34650 12380 1 2
34150 11310 34650 13050 0 2
34150 11310 34650 13050 1 2
34150 11980 34650 13220 0 2
34150 11980 34650 13220 1 2
33800 12320 48760 12880 1 2
33800 12320 48760 12880 2 2
33780 12320 48780 12880 0 2
33780 12320 48780 12880 1 2
35180 17360 54260 17920 1 2
35180 17360 54260 17920 2 2
35160 17360 54280 17920 0 2
35160 17360 54280 17920 1 2
35870 15340 36370 23300 0 2
35870 15340 36370 23300 1 2
36040 16520 51680 17080 1 2
36040 16520 51680 17080 2 2
36020 16520 51700 17080 0 2
36020 16520 51700 17080 1 2
36040 24080 53400 24640 1 2
36040 24080 53400 24640 2 2
36020 24080 53420 24640 0 2
36020 24080 53420 24640 1 2
36040 28280 53400 28840 1 2
36040 28280 53400 28840 2 2
36020 28280 53420 28840 0 2
36020 28280 53420 28840 1 2
36730 15340 37230 23300 0 2
36730 15340 37230 23300 1 2
36730 22900 37230 25820 0 2
36730 22900 37230 25820 1 2
36730 27100 37230 30020 0 2
36730 27100 37230 30020 1 2
37590 15340 38090 23300 0 2
37590 15340 38090 23300 1 2
37760 15680 53400 16240 1 2
37760 15680 53400 16240 2 2
37740 15680 53420 16240 0 2
37740 15680 53420 16240 1 2
38450 15340 38950 23300 0 2
38450 15340 38950 23300 1 2
38450 22900 38950 25820 0 2
38450 22900 38950 25820 1 2
38450 27100 38950 30020 0 2
38450 27100 38950 30020 1 2
39310 15340 39810 23300 0 2
39310 15340 39810 23300 1 2
40170 15340 40670 23300 0 2
40170 15340 40670 23300 1 2
40170 22900 40670 25820 0 2
40170 22900 40670 25820 1 2
40170 27100 40670 30020 0 2
40170 27100 40670 30020 1 2
41030 15340 41530 23300 0 2
41030 15340 41530 23300 1 2
41890 15340 42390 23300 0 2
41890 15340 42390 23300 1 2
41890 22900 42390 25820 0 2
41890 22900 42390 25820 1 2
41890 27100 42390 30020 0 2
41890 27100 42390 30020 1 2
42750 15340 43250 23300 0 2
42750 15340 43250 23300 1 2
43610 15340 44110 23300 0 2
43610 15340 44110 23300 1 2
43610 22900 44110 25820 0 2
43610 22900 44110 25820 1 2
43610 27100 44110 30020 0 2
43610 27100 44110 30020 1 2
44470 15340 44970 23300 0 2
44470 15340 44970 23300 1 2
44660 14000 46500 14560 1 2
44660 14000 46500 14560 2 2
44640 14000 46520 14560 0 2
44640 14000 46520 14560 1 2
45300 13310 45860 15250 2 2
45300 13310 45860 15250 3 2
45300 13360 45860 15200 1 2
45300 13360 45860 15200 2 2
45300 13630 45860 16610 2 2
45300 13630 45860 16610 3 2
45300 13680 45860 16560 1 2
45300 13680 45860 16560 2 2
45300 14990 45860 25330 2 2
45300 14990 45860 25330 3 2
45300 15040 45860 25280 1 2
45300 15040 45860 25280 2 2
45330 15340 45830 23300 0 2
45330 15340 45830 23300 1 2
45330 22900 45830 25820 0 2
45330 22900 45830 25820 1 2
45330 27100 45830 30020 0 2
45330 27100 45830 30020 1 2
44980 14000 47900 14560 1 2
44980 14000 47900 14560 2 2
44960 14000 47920 14560 0 2
44960 14000 47920 14560 1 2
46190 15340 46690 23300 0 2
46190 15340 46690 23300 1 2
46380 13160 48220 13720 1 2
46380 13160 48220 13720 2 2
46360 13160 48240 13720 0 2
46360 13160 48240 13720 1 2
46380 14000 48220 14560 1 2
46380 14000 48220 14560 2 2
46360 14000 48240 14560 0 2
46360 14000 48240 14560 1 2
47020 12470 47580 14410 2 2
47020 12470 47580 14410 3 2
47020 12520 47580 14360 1 2
47020 12520 47580 14360 2 2
47020 12790 47580 14930 2 2
47020 12790 47580 14930 3 2
47020 12840 47580 14880 1 2
47020 12840 47580 14880 2 2
47020 13310 47580 15250 2 2
47020 13310 47580 15250 3 2
47020 13360 47580 15200 1 2
47020 13360 47580 15200 2 2
47050 15340 47550 23300 0 2
47050 15340 47550 23300 1 2
47050 22900 47550 25820 0 2
47050 22900 47550 25820 1 2
47050 27100 47550 30020 0 2
47050 27100 47550 30020 1 2
46700 13160 51340 13720 1 2
46700 13160 51340 13720 2 2
46680 13160 51360 13720 0 2
46680 13160 51360 13720 1 2
47220 12320 62860 12880 1 2
47220 12320 62860 12880 2 2
47200 12320 62880 12880 0 2
47200 12320 62880 12880 1 2
47910 6940 48410 14900 0 2
47910 6940 48410 14900 1 2
47910 15340 48410 23300 0 2
47910 15340 48410 23300 1 2
47610 16840 50430 18440 3 2
47610 16840 50430 18440 4 2
47610 16840 50430 18440 2 2
47610 16840 50430 18440 3 2
48080 1400 62000 1960 1 2
48080 1400 62000 1960 2 2
48060 1400 62020 1960 0 2
48060 1400 62020 1960 1 2
48080 5600 62000 6160 1 2
48080 5600 62000 6160 2 2
48060 5600 62020 6160 0 2
48060 5600 62020 6160 1 2
48080 14000 62000 14560 1 2
48080 14000 62000 14560 2 2
48060 14000 62020 14560 0 2
48060 14000 62020 14560 1 2
48100 1400 49940 1960 1 2
48100 1400 49940 1960 2 2
48080 1400 49960 1960 0 2
48080 1400 49960 1960 1 2
48740 710 49300 2650 2 2
48740 710 49300 2650 3 2
48740 760 49300 2600 1 2
48740 760 49300 2600 2 2
48140 1400 49900 1960 1 2
48140 1400 49900 1960 2 2
48120 1400 49920 1960 0 2
48120 1400 49920 1960 1 2
48740 1030 49300 18290 2 2
48740 1030 49300 18290 3 2
48740 1080 49300 18240 1 2
48740 1080 49300 18240 2 2
48740 16620 49300 18660 2 2
48740 16620 49300 18660 3 2
48740 16670 49300 18610 1 2
48740 16670 49300 18610 2 2
48770 220 49270 3140 0 2
48770 220 49270 3140 1 2
48770 4420 49270 7340 0 2
48770 4420 49270 7340 1 2
48770 6940 49270 14900 0 2
48770 6940 49270 14900 1 2
48770 15340 49270 23300 0 2
48770 15340 49270 23300 1 2
48770 22900 49270 25820 0 2
48770 22900 49270 25820 1 2
48770 27100 49270 30020 0 2
48770 27100 49270 30020 1 2
49630 6940 50130 14900 0 2
49630 6940 50130 14900 1 2
49630 15340 50130 23300 0 2
49630 15340 50130 23300 1 2
49800 4760 60280 5320 1 2
49800 4760 60280 5320 2 2
49780 4760 60300 5320 0 2
49780 4760 60300 5320 1 2
49800 13160 60280 13720 1 2
49800 13160 60280 13720 2 2
49780 13160 60300 13720 0 2
49780 13160 60300 13720 1 2
50490 220 50990 3140 0 2
50490 220 50990 3140 1 2
50490 4420 50990 7340 0 2
50490 4420 50990 7340 1 2
50490 6940 50990 14900 0 2
50490 6940 50990 14900 1 2
50490 15340 50990 23300 0 2
50490 15340 50990 23300 1 2
50490 22900 50990 25820 0 2
50490 22900 50990 25820 1 2
50490 27100 50990 30020 0 2
50490 27100 50990 30020 1 2
51350 6940 51850 14900 0 2
51350 6940 51850 14900 1 2
51350 15340 51850 23300 0 2
51350 15340 51850 23300 1 2
52210 220 52710 3140 0 2
52210 220 52710 3140 1 2
52210 4420 52710 7340 0 2
52210 4420 52710 7340 1 2
52210 6940 52710 14900 0 2
52210 6940 52710 14900 1 2
52210 15340 52710 23300 0 2
52210 15340 52710 23300 1 2
52210 22900 52710 25820 0 2
52210 22900 52710 25820 1 2
52210 27100 52710 30020 0 2
52210 27100 52710 30020 1 2
53070 6940 53570 14900 0 2
53070 6940 53570 14900 1 2
53070 15340 53570 23300 0 2
53070 15340 53570 23300 1 2
53240 14840 55120 15400 1 2
53240 14840 55120 15400 2 2
53220 14840 55140 15400 0 2
53220 14840 55140 15400 1 2
53240 16520 55120 17080 1 2
53240 16520 55120 17080 2 2
53220 16520 55140 17080 0 2
53220 16520 55140 17080 1 2
53930 220 54430 3140 0 2
53930 220 54430 3140 1 2
53930 4420 54430 7340 0 2
53930 4420 54430 7340 1 2
53930 6940 54430 14900 0 2
53930 6940 54430 14900 1 2
53930 14500 54430 15740 0 2
53930 14500 54430 15740 1 2
53930 14670 54430 17250 0 2
53930 14670 54430 17250 1 2
53930 16180 54430 17420 0 2
53930 16180 54430 17420 1 2
53580 16520 59940 17080 1 2
53580 16520 59940 17080 2 2
53560 16520 59960 17080 0 2
53560 16520 59960 17080 1 2
54790 6940 55290 14900 0 2
54790 6940 55290 14900 1 2
55650 220 56150 3140 0 2
55650 220 56150 3140 1 2
55650 4420 56150 7340 0 2
55650 4420 56150 7340 1 2
55650 6940 56150 14900 0 2
55650 6940 56150 14900 1 2
55820 17360 74900 17920 1 2
55820 17360 74900 17920 2 2
55800 17360 74920 17920 0 2
55800 17360 74920 17920 1 2
56510 6940 57010 14900 0 2
56510 6940 57010 14900 1 2
56510 15340 57010 23300 0 2
56510 15340 57010 23300 1 2
56680 15680 72320 16240 1 2
56680 15680 72320 16240 2 2
56660 15680 72340 16240 0 2
56660 15680 72340 16240 1 2
56680 24080 74040 24640 1 2
56680 24080 74040 24640 2 2
56660 24080 74060 24640 0 2
56660 24080 74060 24640 1 2
56680 28280 74040 28840 1 2
56680 28280 74040 28840 2 2
56660 28280 74060 28840 0 2
56660 28280 74060 28840 1 2
57370 220 57870 3140 0 2
57370 220 57870 3140 1 2
57370 4420 57870 7340 0 2
57370 4420 57870 7340 1 2
57370 6940 57870 14900 0 2
57370 6940 57870 14900 1 2
57370 15340 57870 23300 0 2
57370 15340 57870 23300 1 2
57370 22900 57870 25820 0 2
57370 22900 57870 25820 1 2
57370 27100 57870 30020 0 2
57370 27100 57870 30020 1 2
58230 6940 58730 14900 0 2
58230 6940 58730 14900 1 2
58230 15340 58730 23300 0 2
58230 15340 58730 23300 1 2
58400 16520 74040 17080 1 2
58400 16520 74040 17080 2 2
58380 16520 74060 17080 0 2
58380 16520 74060 17080 1 2
59090 220 59590 3140 0 2
59090 220 59590 3140 1 2
59090 4420 59590 7340 0 2
59090 4420 59590 7340 1 2
59090 6940 59590 14900 0 2
59090 6940 59590 14900 1 2
59090 15340 59590 23300 0 2
59090 15340 59590 23300 1 2
59090 22900 59590 25820 0 2
59090 22900 59590 25820 1 2
59090 27100 59590 30020 0 2
59090 27100 59590 30020 1 2
59950 6940 60450 14900 0 2
59950 6940 60450 14900 1 2
59950 15340 60450 23300 0 2
59950 15340 60450 23300 1 2
60810 220 61310 3140 0 2
60810 220 61310 3140 1 2
60810 4420 61310 7340 0 2
60810 4420 61310 7340 1 2
60810 6940 61310 14900 0 2
60810 6940 61310 14900 1 2
60810 15340 61310 23300 0 2
60810 15340 61310 23300 1 2
60810 22900 61310 25820 0 2
60810 22900 61310 25820 1 2
60810 27100 61310 30020 0 2
60810 27100 61310 30020 1 2
60460 14000 65100 14560 1 2
60460 14000 65100 14560 2 2
60440 14000 65120 14560 0 2
60440 14000 65120 14560 1 2
61670 6940 62170 14900 0 2
61670 6940 62170 14900 1 2
61670 15340 62170 23300 0 2
61670 15340 62170 23300 1 2
62530 15340 63030 23300 0 2
62530 15340 63030 23300 1 2
62530 22900 63030 25820 0 2
62530 22900 63030 25820 1 2
62530 27100 63030 30020 0 2
62530 27100 63030 30020 1 2
63390 15340 63890 23300 0 2
63390 15340 63890 23300 1 2
63580 14000 65420 14560 1 2
63580 14000 65420 14560 2 2
63560 14000 65440 14560 0 2
63560 14000 65440 14560 1 2
64220 13310 64780 15250 2 2
64220 13310 64780 15250 3 2
64220 13360 64780 15200 1 2
64220 13360 64780 15200 2 2
64220 13630 64780 16610 2 2
64220 13630 64780 16610 3 2
64220 13680 64780 16560 1 2
64220 13680 64780 16560 2 2
64220 14990 64780 25330 2 2
64220 14990 64780 25330 3 2
64220 15040 64780 25280 1 2
64220 15040 64780 25280 2 2
64250 15340 64750 23300 0 2
64250 15340 64750 23300 1 2
64250 22900 64750 25820 0 2
64250 22900 64750 25820 1 2
64250 27100 64750 30020 0 2
64250 27100 64750 30020 1 2
65110 15340 65610 23300 0 2
65110 15340 65610 23300 1 2
64810 34480 67630 36080 3 2
64810 34480 67630 36080 4 2
64810 34480 67630 36080 2 2
64810 34480 67630 36080 3 2
65280 34480 67160 36080 3 2
65280 34480 67160 36080 4 2
65280 34480 67160 36080 2 2
65280 34480 67160 36080 3 2
65940 27910 66500 35930 2 2
65940 27910 66500 35930 3 2
65940 27960 66500 35880 1 2
65940 27960 66500 35880 2 2
65940 34260 66500 36300 2 2
65940 34260 66500 36300 3 2
65940 34310 66500 36250 1 2
65940 34310 66500 36250 2 2
65970 15340 66470 23300 0 2
65970 15340 66470 23300 1 2
65970 22900 66470 25820 0 2
65970 22900 66470 25820 1 2
65970 27100 66470 30020 0 2
65970 27100 66470 30020 1 2
66830 15340 67330 23300 0 2
66830 15340 67330 23300 1 2
67690 15340 68190 23300 0 2
67690 15340 68190 23300 1 2
67690 22900 68190 25820 0 2
67690 22900 68190 25820 1 2
67690 27100 68190 30020 0 2
67690 27100 68190 30020 1 2
68550 15340 69050 23300 0 2
68550 15340 69050 23300 1 2
69410 15340 69910 23300 0 2
69410 15340 69910 23300 1 2
69410 22900 69910 25820 0 2
69410 22900 69910 25820 1 2
69410 27100 69910 30020 0 2
69410 27100 69910 30020 1 2
70270 15340 70770 23300 0 2
70270 15340 70770 23300 1 2
71130 15340 71630 23300 0 2
71130 15340 71630 23300 1 2
71130 22900 71630 25820 0 2
71130 22900 71630 25820 1 2
71130 27100 71630 30020 0 2
71130 27100 71630 30020 1 2
71990 15340 72490 23300 0 2
71990 15340 72490 23300 1 2
72850 15340 73350 23300 0 2
72850 15340 73350 23300 1 2
72850 22900 73350 25820 0 2
72850 22900 73350 25820 1 2
72850 27100 73350 30020 0 2
72850 27100 73350 30020 1 2
73710 15340 74210 23300 0 2
73710 15340 74210 23300 1 2
