780 17360 40500 17920 1 2
780 17360 40500 17920 2 2
760 17360 40520 17920 0 2
760 17360 40520 17920 1 2
1470 15340 1970 23300 0 2
1470 15340 1970 23300 1 2
1640 15680 37920 16240 1 2
1640 15680 37920 16240 2 2
1620 15680 37940 16240 0 2
1620 15680 37940 16240 1 2
1640 24080 39640 24640 1 2
1640 24080 39640 24640 2 2
1620 24080 39660 24640 0 2
1620 24080 39660 24640 1 2
1640 28280 39640 28840 1 2
1640 28280 39640 28840 2 2
1620 28280 39660 28840 0 2
1620 28280 39660 28840 1 2
2330 15340 2830 23300 0 2
2330 15340 2830 23300 1 2
2330 22900 2830 25820 0 2
2330 22900 2830 25820 1 2
2330 27100 2830 30020 0 2
2330 27100 2830 30020 1 2
3190 15340 3690 23300 0 2
3190 15340 3690 23300 1 2
3360 16520 39640 17080 1 2
3360 16520 39640 17080 2 2
3340 16520 39660 17080 0 2
3340 16520 39660 17080 1 2
4050 15340 4550 23300 0 2
4050 15340 4550 23300 1 2
4050 22900 4550 25820 0 2
4050 22900 4550 25820 1 2
4050 27100 4550 30020 0 2
4050 27100 4550 30020 1 2
4910 15340 5410 23300 0 2
4910 15340 5410 23300 1 2
5770 15340 6270 23300 0 2
5770 15340 6270 23300 1 2
5770 22900 6270 25820 0 2
5770 22900 6270 25820 1 2
5770 27100 6270 30020 0 2
5770 27100 6270 30020 1 2
6630 15340 7130 23300 0 2
6630 15340 7130 23300 1 2
7490 15340 7990 23300 0 2
7490 15340 7990 23300 1 2
7490 22900 7990 25820 0 2
7490 22900 7990 25820 1 2
7490 27100 7990 30020 0 2
7490 27100 7990 30020 1 2
7660 12320 33620 12880 1 2
7660 12320 33620 12880 2 2
7640 12320 33640 12880 0 2
7640 12320 33640 12880 1 2
8350 6940 8850 14900 0 2
8350 6940 8850 14900 1 2
8350 15340 8850 23300 0 2
8350 15340 8850 23300 1 2
8520 1400 32760 1960 1 2
8520 1400 32760 1960 2 2
8500 1400 32780 1960 0 2
8500 1400 32780 1960 1 2
8520 5600 32760 6160 1 2
8520 5600 32760 6160 2 2
8500 5600 32780 6160 0 2
8500 5600 32780 6160 1 2
8520 14000 31040 14560 1 2
8520 14000 31040 14560 2 2
8500 14000 31060 14560 0 2
8500 14000 31060 14560 1 2
9210 220 9710 3140 0 2
9210 220 9710 3140 1 2
9210 4420 9710 7340 0 2
9210 4420 9710 7340 1 2
9210 6940 9710 14900 0 2
9210 6940 9710 14900 1 2
9210 15340 9710 23300 0 2
9210 15340 9710 23300 1 2
9210 22900 9710 25820 0 2
9210 22900 9710 25820 1 2
9210 27100 9710 30020 0 2
9210 27100 9710 30020 1 2
10070 6940 10570 14900 0 2
10070 6940 10570 14900 1 2
10070 15340 10570 23300 0 2
10070 15340 10570 23300 1 2
10240 13160 32760 13720 1 2
10240 13160 32760 13720 2 2
10220 13160 32780 13720 0 2
10220 13160 32780 13720 1 2
10930 220 11430 3140 0 2
10930 220 11430 3140 1 2
10930 4420 11430 7340 0 2
10930 4420 11430 7340 1 2
10930 6940 11430 14900 0 2
10930 6940 11430 14900 1 2
10930 15340 11430 23300 0 2
10930 15340 11430 23300 1 2
10930 22900 11430 25820 0 2
10930 22900 11430 25820 1 2
10930 27100 11430 30020 0 2
10930 27100 11430 30020 1 2
11790 6940 12290 14900 0 2
11790 6940 12290 14900 1 2
11790 15340 12290 23300 0 2
11790 15340 12290 23300 1 2
12650 220 13150 3140 0 2
12650 220 13150 3140 1 2
12650 4420 13150 7340 0 2
12650 4420 13150 7340 1 2
12650 6940 13150 14900 0 2
12650 6940 13150 14900 1 2
12650 15340 13150 23300 0 2
12650 15340 13150 23300 1 2
12650 22900 13150 25820 0 2
12650 22900 13150 25820 1 2
12650 27100 13150 30020 0 2
12650 27100 13150 30020 1 2
13510 6940 14010 14900 0 2
13510 6940 14010 14900 1 2
13510 15340 14010 23300 0 2
13510 15340 14010 23300 1 2
14370 220 14870 3140 0 2
14370 220 14870 3140 1 2
14370 4420 14870 7340 0 2
14370 4420 14870 7340 1 2
14370 6940 14870 14900 0 2
14370 6940 14870 14900 1 2
14370 15340 14870 23300 0 2
14370 15340 14870 23300 1 2
14370 22900 14870 25820 0 2
14370 22900 14870 25820 1 2
14370 27100 14870 30020 0 2
14370 27100 14870 30020 1 2
15230 6940 15730 14900 0 2
15230 6940 15730 14900 1 2
15230 15340 15730 23300 0 2
15230 15340 15730 23300 1 2
16090 220 16590 3140 0 2
16090 220 16590 3140 1 2
16090 4420 16590 7340 0 2
16090 4420 16590 7340 1 2
16090 6940 16590 14900 0 2
16090 6940 16590 14900 1 2
16090 15340 16590 23300 0 2
16090 15340 16590 23300 1 2
16090 22900 16590 25820 0 2
16090 22900 16590 25820 1 2
16090 27100 16590 30020 0 2
16090 27100 16590 30020 1 2
16950 6940 17450 14900 0 2
16950 6940 17450 14900 1 2
16950 15340 17450 23300 0 2
16950 15340 17450 23300 1 2
17810 220 18310 3140 0 2
17810 220 18310 3140 1 2
17810 4420 18310 7340 0 2
17810 4420 18310 7340 1 2
17810 6940 18310 14900 0 2
17810 6940 18310 14900 1 2
17810 15340 18310 23300 0 2
17810 15340 18310 23300 1 2
17810 22900 18310 25820 0 2
17810 22900 18310 25820 1 2
17810 27100 18310 30020 0 2
17810 27100 18310 30020 1 2
18670 6940 19170 14900 0 2
18670 6940 19170 14900 1 2
18670 15340 19170 23300 0 2
18670 15340 19170 23300 1 2
19500 4910 20060 15250 2 2
19500 4910 20060 15250 3 2
19500 4960 20060 15200 1 2
19500 4960 20060 15200 2 2
19530 220 20030 3140 0 2
19530 220 20030 3140 1 2
19530 4420 20030 7340 0 2
19530 4420 20030 7340 1 2
19530 6940 20030 14900 0 2
19530 6940 20030 14900 1 2
19530 15340 20030 23300 0 2
19530 15340 20030 23300 1 2
19530 22900 20030 25820 0 2
19530 22900 20030 25820 1 2
19530 27100 20030 30020 0 2
19530 27100 20030 30020 1 2
20390 6940 20890 14900 0 2
20390 6940 20890 14900 1 2
20390 15340 20890 23300 0 2
20390 15340 20890 23300 1 2
21220 710 21780 13570 2 2
21220 710 21780 13570 3 2
21220 760 21780 13520 1 2
21220 760 21780 13520 2 2
21250 220 21750 3140 0 2
21250 220 21750 3140 1 2
21250 4420 21750 7340 0 2
21250 4420 21750 7340 1 2
21250 6940 21750 14900 0 2
21250 6940 21750 14900 1 2
21250 15340 21750 23300 0 2
21250 15340 21750 23300 1 2
21250 22900 21750 25820 0 2
21250 22900 21750 25820 1 2
21250 27100 21750 30020 0 2
21250 27100 21750 30020 1 2
22110 6940 22610 14900 0 2
22110 6940 22610 14900 1 2
22110 15340 22610 23300 0 2
22110 15340 22610 23300 1 2
22970 220 23470 3140 0 2
22970 220 23470 3140 1 2
22970 4420 23470 7340 0 2
22970 4420 23470 7340 1 2
22970 6940 23470 14900 0 2
22970 6940 23470 14900 1 2
22970 15340 23470 23300 0 2
22970 15340 23470 23300 1 2
22970 22900 23470 25820 0 2
22970 22900 23470 25820 1 2
22970 27100 23470 30020 0 2
22970 27100 23470 30020 1 2
23830 6940 24330 14900 0 2
23830 6940 24330 14900 1 2
23830 15340 24330 23300 0 2
23830 15340 24330 23300 1 2
24690 220 25190 3140 0 2
24690 220 25190 3140 1 2
24690 4420 25190 7340 0 2
24690 4420 25190 7340 1 2
24690 6940 25190 14900 0 2
24690 6940 25190 14900 1 2
24690 15340 25190 23300 0 2
24690 15340 25190 23300 1 2
24690 22900 25190 25820 0 2
24690 22900 25190 25820 1 2
24690 27100 25190 30020 0 2
24690 27100 25190 30020 1 2
25550 6940 26050 14900 0 2
25550 6940 26050 14900 1 2
25550 15340 26050 23300 0 2
25550 15340 26050 23300 1 2
26410 220 26910 3140 0 2
26410 220 26910 3140 1 2
26410 4420 26910 7340 0 2
26410 4420 26910 7340 1 2
26410 6940 26910 14900 0 2
26410 6940 26910 14900 1 2
26410 15340 26910 23300 0 2
26410 15340 26910 23300 1 2
26410 22900 26910 25820 0 2
26410 22900 26910 25820 1 2
26410 27100 26910 30020 0 2
26410 27100 26910 30020 1 2
27270 6940 27770 14900 0 2
27270 6940 27770 14900 1 2
27270 15340 27770 23300 0 2
27270 15340 27770 23300 1 2
28130 220 28630 3140 0 2
28130 220 28630 3140 1 2
28130 4420 28630 7340 0 2
28130 4420 28630 7340 1 2
28130 6940 28630 14900 0 2
28130 6940 28630 14900 1 2
28130 15340 28630 23300 0 2
28130 15340 28630 23300 1 2
28130 22900 28630 25820 0 2
28130 22900 28630 25820 1 2
28130 27100 28630 30020 0 2
28130 27100 28630 30020 1 2
28990 6940 29490 14900 0 2
28990 6940 29490 14900 1 2
28990 15340 29490 23300 0 2
28990 15340 29490 23300 1 2
29850 220 30350 3140 0 2
29850 220 30350 3140 1 2
29850 4420 30350 7340 0 2
29850 4420 30350 7340 1 2
29850 6940 30350 14900 0 2
29850 6940 30350 14900 1 2
29850 15340 30350 23300 0 2
29850 15340 30350 23300 1 2
29850 22900 30350 25820 0 2
29850 22900 30350 25820 1 2
29850 27100 30350 30020 0 2
29850 27100 30350 30020 1 2
30710 6940 31210 14900 0 2
30710 6940 31210 14900 1 2
30710 15340 31210 23300 0 2
30710 15340 31210 23300 1 2
30900 13160 32740 13720 1 2
30900 13160 32740 13720 2 2
30880 13160 32760 13720 0 2
30880 13160 32760 13720 1 2
30900 17360 32740 17920 1 2
30900 17360 32740 17920 2 2
30880 17360 32760 17920 0 2
30880 17360 32760 17920 1 2
31540 12470 32100 14410 2 2
31540 12470 32100 14410 3 2
31540 12520 32100 14360 1 2
31540 12520 32100 14360 2 2
31540 12790 32100 18290 2 2
31540 12790 32100 18290 3 2
31540 12840 32100 18240 1 2
31540 12840 32100 18240 2 2
31540 16670 32100 18610 2 2
31540 16670 32100 18610 3 2
31540 16720 32100 18560 1 2
31540 16720 32100 18560 2 2
31570 220 32070 3140 0 2
31570 220 32070 3140 1 2
31570 4420 32070 7340 0 2
31570 4420 32070 7340 1 2
31570 6940 32070 14900 0 2
31570 6940 32070 14900 1 2
31570 15340 32070 23300 0 2
31570 15340 32070 23300 1 2
31570 22900 32070 25820 0 2
31570 22900 32070 25820 1 2
31570 27100 32070 30020 0 2
31570 27100 32070 30020 1 2
32430 6940 32930 14900 0 2
32430 6940 32930 14900 1 2
32430 15340 32930 23300 0 2
32430 15340 32930 23300 1 2
33290 15340 33790 23300 0 2
33290 15340 33790 23300 1 2
33290 22900 33790 25820 0 2
33290 22900 33790 25820 1 2
33290 27100 33790 30020 0 2
33290 27100 33790 30020 1 2
34150 15340 34650 23300 0 2
34150 15340 34650 23300 1 2
35010 15340 35510 23300 0 2
35010 15340 35510 23300 1 2
35010 22900 35510 25820 0 2
35010 22900 35510 25820 1 2
35010 27100 35510 30020 0 2
35010 27100 35510 30020 1 2
35870 15340 36370 23300 0 2
35870 15340 36370 23300 1 2
36730 15340 37230 23300 0 2
36730 15340 37230 23300 1 2
36730 22900 37230 25820 0 2
36730 22900 37230 25820 1 2
36730 27100 37230 30020 0 2
36730 27100 37230 30020 1 2
37590 15340 38090 23300 0 2
37590 15340 38090 23300 1 2
38450 15340 38950 23300 0 2
38450 15340 38950 23300 1 2
38450 22900 38950 25820 0 2
38450 22900 38950 25820 1 2
38450 27100 38950 30020 0 2
38450 27100 38950 30020 1 2
38100 16520 42740 17080 1 2
38100 16520 42740 17080 2 2
38080 16520 42760 17080 0 2
38080 16520 42760 17080 1 2
38640 12320 40480 12880 1 2
38640 12320 40480 12880 2 2
38620 12320 40500 12880 0 2
38620 12320 40500 12880 1 2
38640 17360 40480 17920 1 2
38640 17360 40480 17920 2 2
38620 17360 40500 17920 0 2
38620 17360 40500 17920 1 2
39280 11630 39840 13570 2 2
39280 11630 39840 13570 3 2
39280 11680 39840 13520 1 2
39280 11680 39840 13520 2 2
39280 11950 39840 18290 2 2
39280 11950 39840 18290 3 2
39280 12000 39840 18240 1 2
39280 12000 39840 18240 2 2
39280 16670 39840 18610 2 2
39280 16670 39840 18610 3 2
39280 16720 39840 18560 1 2
39280 16720 39840 18560 2 2
39310 15340 39810 23300 0 2
39310 15340 39810 23300 1 2
38960 12320 57360 12880 1 2
38960 12320 57360 12880 2 2
38940 12320 57380 12880 0 2
38940 12320 57380 12880 1 2
41200 16840 43080 18440 3 2
41200 16840 43080 18440 4 2
41200 16840 43080 18440 2 2
41200 16840 43080 18440 3 2
41220 16520 43060 17080 1 2
41220 16520 43060 17080 2 2
41200 16520 43080 17080 0 2
41200 16520 43080 17080 1 2
41860 15830 42420 17770 2 2
41860 15830 42420 17770 3 2
41860 15880 42420 17720 1 2
41860 15880 42420 17720 2 2
41860 16150 42420 18290 2 2
41860 16150 42420 18290 3 2
41860 16200 42420 18240 1 2
41860 16200 42420 18240 2 2
41860 16620 42420 18660 2 2
41860 16620 42420 18660 3 2
41860 16670 42420 18610 1 2
41860 16670 42420 18610 2 2
41530 16840 55650 18440 3 2
41530 16840 55650 18440 4 2
41530 16840 55650 18440 2 2
41530 16840 55650 18440 3 2
42060 17360 68020 17920 1 2
42060 17360 68020 17920 2 2
42040 17360 68040 17920 0 2
42040 17360 68040 17920 1 2
42060 29120 68020 29680 1 2
42060 29120 68020 29680 2 2
42040 29120 68040 29680 0 2
42040 29120 68040 29680 1 2
42060 40880 68020 41440 1 2
42060 40880 68020 41440 2 2
42040 40880 68040 41440 0 2
42040 40880 68040 41440 1 2
42750 15340 43250 23300 0 2
42750 15340 43250 23300 1 2
42750 27100 43250 35060 0 2
42750 27100 43250 35060 1 2
42750 38860 43250 46820 0 2
42750 38860 43250 46820 1 2
42920 16520 65440 17080 1 2
42920 16520 65440 17080 2 2
42900 16520 65460 17080 0 2
42900 16520 65460 17080 1 2
42920 24080 67160 24640 1 2
42920 24080 67160 24640 2 2
42900 24080 67180 24640 0 2
42900 24080 67180 24640 1 2
42920 27440 65440 28000 1 2
42920 27440 65440 28000 2 2
42900 27440 65460 28000 0 2
42900 27440 65460 28000 1 2
42920 35840 67160 36400 1 2
42920 35840 67160 36400 2 2
42900 35840 67180 36400 0 2
42900 35840 67180 36400 1 2
42920 40040 65440 40600 1 2
42920 40040 65440 40600 2 2
42900 40040 65460 40600 0 2
42900 40040 65460 40600 1 2
42920 47600 67160 48160 1 2
42920 47600 67160 48160 2 2
42900 47600 67180 48160 0 2
42900 47600 67180 48160 1 2
42920 51800 67160 52360 1 2
42920 51800 67160 52360 2 2
42900 51800 67180 52360 0 2
42900 51800 67180 52360 1 2
43610 15340 44110 23300 0 2
43610 15340 44110 23300 1 2
43610 22900 44110 25820 0 2
43610 22900 44110 25820 1 2
43610 27100 44110 35060 0 2
43610 27100 44110 35060 1 2
43610 34660 44110 37580 0 2
43610 34660 44110 37580 1 2
43610 38860 44110 46820 0 2
43610 38860 44110 46820 1 2
43610 46420 44110 49340 0 2
43610 46420 44110 49340 1 2
43610 50620 44110 53540 0 2
43610 50620 44110 53540 1 2
44470 15340 44970 23300 0 2
44470 15340 44970 23300 1 2
44470 27100 44970 35060 0 2
44470 27100 44970 35060 1 2
44470 38860 44970 46820 0 2
44470 38860 44970 46820 1 2
44640 15680 67160 16240 1 2
44640 15680 67160 16240 2 2
44620 15680 67180 16240 0 2
44620 15680 67180 16240 1 2
44640 28280 67160 28840 1 2
44640 28280 67160 28840 2 2
44620 28280 67180 28840 0 2
44620 28280 67180 28840 1 2
44640 39200 67160 39760 1 2
44640 39200 67160 39760 2 2
44620 39200 67180 39760 0 2
44620 39200 67180 39760 1 2
45330 15340 45830 23300 0 2
45330 15340 45830 23300 1 2
45330 22900 45830 25820 0 2
45330 22900 45830 25820 1 2
45330 27100 45830 35060 0 2
45330 27100 45830 35060 1 2
45330 34660 45830 37580 0 2
45330 34660 45830 37580 1 2
45330 38860 45830 46820 0 2
45330 38860 45830 46820 1 2
45330 46420 45830 49340 0 2
45330 46420 45830 49340 1 2
45330 50620 45830 53540 0 2
45330 50620 45830 53540 1 2
46190 15340 46690 23300 0 2
46190 15340 46690 23300 1 2
46190 27100 46690 35060 0 2
46190 27100 46690 35060 1 2
46190 38860 46690 46820 0 2
46190 38860 46690 46820 1 2
47050 15340 47550 23300 0 2
47050 15340 47550 23300 1 2
47050 22900 47550 25820 0 2
47050 22900 47550 25820 1 2
47050 27100 47550 35060 0 2
47050 27100 47550 35060 1 2
47050 34660 47550 37580 0 2
47050 34660 47550 37580 1 2
47050 38860 47550 46820 0 2
47050 38860 47550 46820 1 2
47050 46420 47550 49340 0 2
47050 46420 47550 49340 1 2
47050 50620 47550 53540 0 2
47050 50620 47550 53540 1 2
47910 15340 48410 23300 0 2
47910 15340 48410 23300 1 2
47910 27100 48410 35060 0 2
47910 27100 48410 35060 1 2
47910 38860 48410 46820 0 2
47910 38860 48410 46820 1 2
48770 15340 49270 23300 0 2
48770 15340 49270 23300 1 2
48770 22900 49270 25820 0 2
48770 22900 49270 25820 1 2
48770 27100 49270 35060 0 2
48770 27100 49270 35060 1 2
48770 34660 49270 37580 0 2
48770 34660 49270 37580 1 2
48770 38860 49270 46820 0 2
48770 38860 49270 46820 1 2
48770 46420 49270 49340 0 2
48770 46420 49270 49340 1 2
48770 50620 49270 53540 0 2
48770 50620 49270 53540 1 2
49630 15340 50130 23300 0 2
49630 15340 50130 23300 1 2
49630 27100 50130 35060 0 2
49630 27100 50130 35060 1 2
49630 38860 50130 46820 0 2
49630 38860 50130 46820 1 2
50490 15340 50990 23300 0 2
50490 15340 50990 23300 1 2
50490 22900 50990 25820 0 2
50490 22900 50990 25820 1 2
50490 27100 50990 35060 0 2
50490 27100 50990 35060 1 2
50490 34660 50990 37580 0 2
50490 34660 50990 37580 1 2
50490 38860 50990 46820 0 2
50490 38860 50990 46820 1 2
50490 46420 50990 49340 0 2
50490 46420 50990 49340 1 2
50490 50620 50990 53540 0 2
50490 50620 50990 53540 1 2
51350 15340 51850 23300 0 2
51350 15340 51850 23300 1 2
51350 27100 51850 35060 0 2
51350 27100 51850 35060 1 2
51350 38860 51850 46820 0 2
51350 38860 51850 46820 1 2
52210 15340 52710 23300 0 2
52210 15340 52710 23300 1 2
52210 22900 52710 25820 0 2
52210 22900 52710 25820 1 2
52210 27100 52710 35060 0 2
52210 27100 52710 35060 1 2
52210 34660 52710 37580 0 2
52210 34660 52710 37580 1 2
52210 38860 52710 46820 0 2
52210 38860 52710 46820 1 2
52210 46420 52710 49340 0 2
52210 46420 52710 49340 1 2
52210 50620 52710 53540 0 2
52210 50620 52710 53540 1 2
53070 15340 53570 23300 0 2
53070 15340 53570 23300 1 2
53070 27100 53570 35060 0 2
53070 27100 53570 35060 1 2
53070 38860 53570 46820 0 2
53070 38860 53570 46820 1 2
53900 16670 54460 53050 2 2
53900 16670 54460 53050 3 2
53900 16720 54460 53000 1 2
53900 16720 54460 53000 2 2
53930 15340 54430 23300 0 2
53930 15340 54430 23300 1 2
53930 22900 54430 25820 0 2
53930 22900 54430 25820 1 2
53930 27100 54430 35060 0 2
53930 27100 54430 35060 1 2
53930 34660 54430 37580 0 2
53930 34660 54430 37580 1 2
53930 38860 54430 46820 0 2
53930 38860 54430 46820 1 2
53930 46420 54430 49340 0 2
53930 46420 54430 49340 1 2
53930 50620 54430 53540 0 2
53930 50620 54430 53540 1 2
54100 16840 55980 18440 3 2
54100 16840 55980 18440 4 2
54100 16840 55980 18440 2 2
54100 16840 55980 18440 3 2
54760 15830 55320 41290 2 2
54760 15830 55320 41290 3 2
54760 15880 55320 41240 1 2
54760 15880 55320 41240 2 2
54760 16620 55320 18660 2 2
54760 16620 55320 18660 3 2
54760 16670 55320 18610 1 2
54760 16670 55320 18610 2 2
54790 15340 55290 23300 0 2
54790 15340 55290 23300 1 2
54790 27100 55290 35060 0 2
54790 27100 55290 35060 1 2
54790 38860 55290 46820 0 2
54790 38860 55290 46820 1 2
54980 14000 56820 14560 1 2
54980 14000 56820 14560 2 2
54960 14000 56840 14560 0 2
54960 14000 56840 14560 1 2
55620 13310 56180 15250 2 2
55620 13310 56180 15250 3 2
55620 13360 56180 15200 1 2
55620 13360 56180 15200 2 2
55620 13630 56180 16610 2 2
55620 13630 56180 16610 3 2
55620 13680 56180 16560 1 2
55620 13680 56180 16560 2 2
55620 14990 56180 48850 2 2
55620 14990 56180 48850 3 2
55620 15040 56180 48800 1 2
55620 15040 56180 48800 2 2
55650 15340 56150 23300 0 2
55650 15340 56150 23300 1 2
55650 22900 56150 25820 0 2
55650 22900 56150 25820 1 2
55650 27100 56150 35060 0 2
55650 27100 56150 35060 1 2
55650 34660 56150 37580 0 2
55650 34660 56150 37580 1 2
55650 38860 56150 46820 0 2
55650 38860 56150 46820 1 2
55650 46420 56150 49340 0 2
55650 46420 56150 49340 1 2
55650 50620 56150 53540 0 2
55650 50620 56150 53540 1 2
55300 14000 58220 14560 1 2
55300 14000 58220 14560 2 2
55280 14000 58240 14560 0 2
55280 14000 58240 14560 1 2
55820 12320 81780 12880 1 2
55820 12320 81780 12880 2 2
55800 12320 81800 12880 0 2
55800 12320 81800 12880 1 2
56510 6940 57010 14900 0 2
56510 6940 57010 14900 1 2
56510 15340 57010 23300 0 2
56510 15340 57010 23300 1 2
56510 27100 57010 35060 0 2
56510 27100 57010 35060 1 2
56510 38860 57010 46820 0 2
56510 38860 57010 46820 1 2
56680 1400 80920 1960 1 2
56680 1400 80920 1960 2 2
56660 1400 80940 1960 0 2
56660 1400 80940 1960 1 2
56680 5600 79200 6160 1 2
56680 5600 79200 6160 2 2
56660 5600 79220 6160 0 2
56660 5600 79220 6160 1 2
56680 14000 79200 14560 1 2
56680 14000 79200 14560 2 2
56660 14000 79220 14560 0 2
56660 14000 79220 14560 1 2
57370 220 57870 3140 0 2
57370 220 57870 3140 1 2
57370 4420 57870 7340 0 2
57370 4420 57870 7340 1 2
57370 6940 57870 14900 0 2
57370 6940 57870 14900 1 2
57370 15340 57870 23300 0 2
57370 15340 57870 23300 1 2
57370 22900 57870 25820 0 2
57370 22900 57870 25820 1 2
57370 27100 57870 35060 0 2
57370 27100 57870 35060 1 2
57370 34660 57870 37580 0 2
57370 34660 57870 37580 1 2
57370 38860 57870 46820 0 2
57370 38860 57870 46820 1 2
57370 46420 57870 49340 0 2
57370 46420 57870 49340 1 2
57370 50620 57870 53540 0 2
57370 50620 57870 53540 1 2
58230 6940 58730 14900 0 2
58230 6940 58730 14900 1 2
58230 15340 58730 23300 0 2
58230 15340 58730 23300 1 2
58230 27100 58730 35060 0 2
58230 27100 58730 35060 1 2
58230 38860 58730 46820 0 2
58230 38860 58730 46820 1 2
58400 4760 80920 5320 1 2
58400 4760 80920 5320 2 2
58380 4760 80940 5320 0 2
58380 4760 80940 5320 1 2
58400 13160 80920 13720 1 2
58400 13160 80920 13720 2 2
58380 13160 80940 13720 0 2
58380 13160 80940 13720 1 2
59090 220 59590 3140 0 2
59090 220 59590 3140 1 2
59090 4420 59590 7340 0 2
59090 4420 59590 7340 1 2
59090 6940 59590 14900 0 2
59090 6940 59590 14900 1 2
59090 15340 59590 23300 0 2
59090 15340 59590 23300 1 2
59090 22900 59590 25820 0 2
59090 22900 59590 25820 1 2
59090 27100 59590 35060 0 2
59090 27100 59590 35060 1 2
59090 34660 59590 37580 0 2
59090 34660 59590 37580 1 2
59090 38860 59590 46820 0 2
59090 38860 59590 46820 1 2
59090 46420 59590 49340 0 2
59090 46420 59590 49340 1 2
59090 50620 59590 53540 0 2
59090 50620 59590 53540 1 2
59950 6940 60450 14900 0 2
59950 6940 60450 14900 1 2
59950 15340 60450 23300 0 2
59950 15340 60450 23300 1 2
59950 27100 60450 35060 0 2
59950 27100 60450 35060 1 2
59950 38860 60450 46820 0 2
59950 38860 60450 46820 1 2
60810 220 61310 3140 0 2
60810 220 61310 3140 1 2
60810 4420 61310 7340 0 2
60810 4420 61310 7340 1 2
60810 6940 61310 14900 0 2
60810 6940 61310 14900 1 2
60810 15340 61310 23300 0 2
60810 15340 61310 23300 1 2
60810 22900 61310 25820 0 2
60810 22900 61310 25820 1 2
60810 27100 61310 35060 0 2
60810 27100 61310 35060 1 2
60810 34660 61310 37580 0 2
60810 34660 61310 37580 1 2
60810 38860 61310 46820 0 2
60810 38860 61310 46820 1 2
60810 46420 61310 49340 0 2
60810 46420 61310 49340 1 2
60810 50620 61310 53540 0 2
60810 50620 61310 53540 1 2
61670 6940 62170 14900 0 2
61670 6940 62170 14900 1 2
61670 15340 62170 23300 0 2
61670 15340 62170 23300 1 2
61670 27100 62170 35060 0 2
61670 27100 62170 35060 1 2
61670 38860 62170 46820 0 2
61670 38860 62170 46820 1 2
62530 220 63030 3140 0 2
62530 220 63030 3140 1 2
62530 4420 63030 7340 0 2
62530 4420 63030 7340 1 2
62530 6940 63030 14900 0 2
62530 6940 63030 14900 1 2
62530 15340 63030 23300 0 2
62530 15340 63030 23300 1 2
62530 22900 63030 25820 0 2
62530 22900 63030 25820 1 2
62530 27100 63030 35060 0 2
62530 27100 63030 35060 1 2
62530 34660 63030 37580 0 2
62530 34660 63030 37580 1 2
62530 38860 63030 46820 0 2
62530 38860 63030 46820 1 2
62530 46420 63030 49340 0 2
62530 46420 63030 49340 1 2
62530 50620 63030 53540 0 2
62530 50620 63030 53540 1 2
63390 6940 63890 14900 0 2
63390 6940 63890 14900 1 2
63390 15340 63890 23300 0 2
63390 15340 63890 23300 1 2
63390 27100 63890 35060 0 2
63390 27100 63890 35060 1 2
63390 38860 63890 46820 0 2
63390 38860 63890 46820 1 2
64250 220 64750 3140 0 2
64250 220 64750 3140 1 2
64250 4420 64750 7340 0 2
64250 4420 64750 7340 1 2
64250 6940 64750 14900 0 2
64250 6940 64750 14900 1 2
64250 15340 64750 23300 0 2
64250 15340 64750 23300 1 2
64250 22900 64750 25820 0 2
64250 22900 64750 25820 1 2
64250 27100 64750 35060 0 2
64250 27100 64750 35060 1 2
64250 34660 64750 37580 0 2
64250 34660 64750 37580 1 2
64250 38860 64750 46820 0 2
64250 38860 64750 46820 1 2
64250 46420 64750 49340 0 2
64250 46420 64750 49340 1 2
64250 50620 64750 53540 0 2
64250 50620 64750 53540 1 2
65110 6940 65610 14900 0 2
65110 6940 65610 14900 1 2
65110 15340 65610 23300 0 2
65110 15340 65610 23300 1 2
65110 27100 65610 35060 0 2
65110 27100 65610 35060 1 2
65110 38860 65610 46820 0 2
65110 38860 65610 46820 1 2
65970 220 66470 3140 0 2
65970 220 66470 3140 1 2
65970 4420 66470 7340 0 2
65970 4420 66470 7340 1 2
65970 6940 66470 14900 0 2
65970 6940 66470 14900 1 2
65970 15340 66470 23300 0 2
65970 15340 66470 23300 1 2
65970 22900 66470 25820 0 2
65970 22900 66470 25820 1 2
65970 27100 66470 35060 0 2
65970 27100 66470 35060 1 2
65970 34660 66470 37580 0 2
65970 34660 66470 37580 1 2
65970 38860 66470 46820 0 2
65970 38860 66470 46820 1 2
65970 46420 66470 49340 0 2
65970 46420 66470 49340 1 2
65970 50620 66470 53540 0 2
65970 50620 66470 53540 1 2
66830 6940 67330 14900 0 2
66830 6940 67330 14900 1 2
66830 15340 67330 23300 0 2
66830 15340 67330 23300 1 2
66830 27100 67330 35060 0 2
66830 27100 67330 35060 1 2
66830 38860 67330 46820 0 2
66830 38860 67330 46820 1 2
67690 220 68190 3140 0 2
67690 220 68190 3140 1 2
67690 4420 68190 7340 0 2
67690 4420 68190 7340 1 2
67690 6940 68190 14900 0 2
67690 6940 68190 14900 1 2
68550 6940 69050 14900 0 2
68550 6940 69050 14900 1 2
69410 220 69910 3140 0 2
69410 220 69910 3140 1 2
69410 4420 69910 7340 0 2
69410 4420 69910 7340 1 2
69410 6940 69910 14900 0 2
69410 6940 69910 14900 1 2
69580 17360 95540 17920 1 2
69580 17360 95540 17920 2 2
69560 17360 95560 17920 0 2
69560 17360 95560 17920 1 2
69580 29120 95540 29680 1 2
69580 29120 95540 29680 2 2
69560 29120 95560 29680 0 2
69560 29120 95560 29680 1 2
69580 40880 95540 41440 1 2
69580 40880 95540 41440 2 2
69560 40880 95560 41440 0 2
69560 40880 95560 41440 1 2
70270 6940 70770 14900 0 2
70270 6940 70770 14900 1 2
70270 15340 70770 23300 0 2
70270 15340 70770 23300 1 2
70270 27100 70770 35060 0 2
70270 27100 70770 35060 1 2
70270 38860 70770 46820 0 2
70270 38860 70770 46820 1 2
70440 15680 92960 16240 1 2
70440 15680 92960 16240 2 2
70420 15680 92980 16240 0 2
70420 15680 92980 16240 1 2
70440 24080 94680 24640 1 2
70440 24080 94680 24640 2 2
70420 24080 94700 24640 0 2
70420 24080 94700 24640 1 2
70440 28280 92960 28840 1 2
70440 28280 92960 28840 2 2
70420 28280 92980 28840 0 2
70420 28280 92980 28840 1 2
70440 35840 94680 36400 1 2
70440 35840 94680 36400 2 2
70420 35840 94700 36400 0 2
70420 35840 94700 36400 1 2
70440 39200 92960 39760 1 2
70440 39200 92960 39760 2 2
70420 39200 92980 39760 0 2
70420 39200 92980 39760 1 2
70440 47600 94680 48160 1 2
70440 47600 94680 48160 2 2
70420 47600 94700 48160 0 2
70420 47600 94700 48160 1 2
70440 51800 94680 52360 1 2
70440 51800 94680 52360 2 2
70420 51800 94700 52360 0 2
70420 51800 94700 52360 1 2
71130 220 71630 3140 0 2
71130 220 71630 3140 1 2
71130 4420 71630 7340 0 2
71130 4420 71630 7340 1 2
71130 6940 71630 14900 0 2
71130 6940 71630 14900 1 2
71130 15340 71630 23300 0 2
71130 15340 71630 23300 1 2
71130 22900 71630 25820 0 2
71130 22900 71630 25820 1 2
71130 27100 71630 35060 0 2
71130 27100 71630 35060 1 2
71130 34660 71630 37580 0 2
71130 34660 71630 37580 1 2
71130 38860 71630 46820 0 2
71130 38860 71630 46820 1 2
71130 46420 71630 49340 0 2
71130 46420 71630 49340 1 2
71130 50620 71630 53540 0 2
71130 50620 71630 53540 1 2
71990 6940 72490 14900 0 2
71990 6940 72490 14900 1 2
71990 15340 72490 23300 0 2
71990 15340 72490 23300 1 2
71990 27100 72490 35060 0 2
71990 27100 72490 35060 1 2
71990 38860 72490 46820 0 2
71990 38860 72490 46820 1 2
72160 16520 94680 17080 1 2
72160 16520 94680 17080 2 2
72140 16520 94700 17080 0 2
72140 16520 94700 17080 1 2
72160 27440 94680 28000 1 2
72160 27440 94680 28000 2 2
72140 27440 94700 28000 0 2
72140 27440 94700 28000 1 2
72160 40040 94680 40600 1 2
72160 40040 94680 40600 2 2
72140 40040 94700 40600 0 2
72140 40040 94700 40600 1 2
72850 220 73350 3140 0 2
72850 220 73350 3140 1 2
72850 4420 73350 7340 0 2
72850 4420 73350 7340 1 2
72850 6940 73350 14900 0 2
72850 6940 73350 14900 1 2
72850 15340 73350 23300 0 2
72850 15340 73350 23300 1 2
72850 22900 73350 25820 0 2
72850 22900 73350 25820 1 2
72850 27100 73350 35060 0 2
72850 27100 73350 35060 1 2
72850 34660 73350 37580 0 2
72850 34660 73350 37580 1 2
72850 38860 73350 46820 0 2
72850 38860 73350 46820 1 2
72850 46420 73350 49340 0 2
72850 46420 73350 49340 1 2
72850 50620 73350 53540 0 2
72850 50620 73350 53540 1 2
73710 6940 74210 14900 0 2
73710 6940 74210 14900 1 2
73710 15340 74210 23300 0 2
73710 15340 74210 23300 1 2
73710 27100 74210 35060 0 2
73710 27100 74210 35060 1 2
73710 38860 74210 46820 0 2
73710 38860 74210 46820 1 2
74570 220 75070 3140 0 2
74570 220 75070 3140 1 2
74570 4420 75070 7340 0 2
74570 4420 75070 7340 1 2
74570 6940 75070 14900 0 2
74570 6940 75070 14900 1 2
74570 15340 75070 23300 0 2
74570 15340 75070 23300 1 2
74570 22900 75070 25820 0 2
74570 22900 75070 25820 1 2
74570 27100 75070 35060 0 2
74570 27100 75070 35060 1 2
74570 34660 75070 37580 0 2
74570 34660 75070 37580 1 2
74570 38860 75070 46820 0 2
74570 38860 75070 46820 1 2
74570 46420 75070 49340 0 2
74570 46420 75070 49340 1 2
74570 50620 75070 53540 0 2
74570 50620 75070 53540 1 2
75430 6940 75930 14900 0 2
75430 6940 75930 14900 1 2
75430 15340 75930 23300 0 2
75430 15340 75930 23300 1 2
75430 27100 75930 35060 0 2
75430 27100 75930 35060 1 2
75430 38860 75930 46820 0 2
75430 38860 75930 46820 1 2
76290 220 76790 3140 0 2
76290 220 76790 3140 1 2
76290 4420 76790 7340 0 2
76290 4420 76790 7340 1 2
76290 6940 76790 14900 0 2
76290 6940 76790 14900 1 2
76290 15340 76790 23300 0 2
76290 15340 76790 23300 1 2
76290 22900 76790 25820 0 2
76290 22900 76790 25820 1 2
76290 27100 76790 35060 0 2
76290 27100 76790 35060 1 2
76290 34660 76790 37580 0 2
76290 34660 76790 37580 1 2
76290 38860 76790 46820 0 2
76290 38860 76790 46820 1 2
76290 46420 76790 49340 0 2
76290 46420 76790 49340 1 2
76290 50620 76790 53540 0 2
76290 50620 76790 53540 1 2
77150 6940 77650 14900 0 2
77150 6940 77650 14900 1 2
77150 15340 77650 23300 0 2
77150 15340 77650 23300 1 2
77150 27100 77650 35060 0 2
77150 27100 77650 35060 1 2
77150 38860 77650 46820 0 2
77150 38860 77650 46820 1 2
78010 220 78510 3140 0 2
78010 220 78510 3140 1 2
78010 4420 78510 7340 0 2
78010 4420 78510 7340 1 2
78010 6940 78510 14900 0 2
78010 6940 78510 14900 1 2
78010 15340 78510 23300 0 2
78010 15340 78510 23300 1 2
78010 22900 78510 25820 0 2
78010 22900 78510 25820 1 2
78010 27100 78510 35060 0 2
78010 27100 78510 35060 1 2
78010 34660 78510 37580 0 2
78010 34660 78510 37580 1 2
78010 38860 78510 46820 0 2
78010 38860 78510 46820 1 2
78010 46420 78510 49340 0 2
78010 46420 78510 49340 1 2
78010 50620 78510 53540 0 2
78010 50620 78510 53540 1 2
78870 6940 79370 14900 0 2
78870 6940 79370 14900 1 2
78870 15340 79370 23300 0 2
78870 15340 79370 23300 1 2
78870 27100 79370 35060 0 2
78870 27100 79370 35060 1 2
78870 38860 79370 46820 0 2
78870 38860 79370 46820 1 2
79060 13160 80900 13720 1 2
79060 13160 80900 13720 2 2
79040 13160 80920 13720 0 2
79040 13160 80920 13720 1 2
79060 14000 80900 14560 1 2
79060 14000 80900 14560 2 2
79040 14000 80920 14560 0 2
79040 14000 80920 14560 1 2
79700 12470 80260 14410 2 2
79700 12470 80260 14410 3 2
79700 12520 80260 14360 1 2
79700 12520 80260 14360 2 2
79700 12790 80260 14930 2 2
79700 12790 80260 14930 3 2
79700 12840 80260 14880 1 2
79700 12840 80260 14880 2 2
79700 13310 80260 15250 2 2
79700 13310 80260 15250 3 2
79700 13360 80260 15200 1 2
79700 13360 80260 15200 2 2
79730 220 80230 3140 0 2
79730 220 80230 3140 1 2
79730 4420 80230 7340 0 2
79730 4420 80230 7340 1 2
79730 6940 80230 14900 0 2
79730 6940 80230 14900 1 2
79730 15340 80230 23300 0 2
79730 15340 80230 23300 1 2
79730 22900 80230 25820 0 2
79730 22900 80230 25820 1 2
79730 27100 80230 35060 0 2
79730 27100 80230 35060 1 2
79730 34660 80230 37580 0 2
79730 34660 80230 37580 1 2
79730 38860 80230 46820 0 2
79730 38860 80230 46820 1 2
79730 46420 80230 49340 0 2
79730 46420 80230 49340 1 2
79730 50620 80230 53540 0 2
79730 50620 80230 53540 1 2
79380 14000 82300 14560 1 2
79380 14000 82300 14560 2 2
79360 14000 82320 14560 0 2
79360 14000 82320 14560 1 2
80590 6940 81090 14900 0 2
80590 6940 81090 14900 1 2
80590 15340 81090 23300 0 2
80590 15340 81090 23300 1 2
80590 27100 81090 35060 0 2
80590 27100 81090 35060 1 2
80590 38860 81090 46820 0 2
80590 38860 81090 46820 1 2
80780 14000 82620 14560 1 2
80780 14000 82620 14560 2 2
80760 14000 82640 14560 0 2
80760 14000 82640 14560 1 2
81420 13310 81980 15250 2 2
81420 13310 81980 15250 3 2
81420 13360 81980 15200 1 2
81420 13360 81980 15200 2 2
81420 13630 81980 16610 2 2
81420 13630 81980 16610 3 2
81420 13680 81980 16560 1 2
81420 13680 81980 16560 2 2
81420 14990 81980 48850 2 2
81420 14990 81980 48850 3 2
81420 15040 81980 48800 1 2
81420 15040 81980 48800 2 2
81450 15340 81950 23300 0 2
81450 15340 81950 23300 1 2
81450 22900 81950 25820 0 2
81450 22900 81950 25820 1 2
81450 27100 81950 35060 0 2
81450 27100 81950 35060 1 2
81450 34660 81950 37580 0 2
81450 34660 81950 37580 1 2
81450 38860 81950 46820 0 2
81450 38860 81950 46820 1 2
81450 46420 81950 49340 0 2
81450 46420 81950 49340 1 2
81450 50620 81950 53540 0 2
81450 50620 81950 53540 1 2
82310 15340 82810 23300 0 2
82310 15340 82810 23300 1 2
82310 27100 82810 35060 0 2
82310 27100 82810 35060 1 2
82310 38860 82810 46820 0 2
82310 38860 82810 46820 1 2
83140 16670 83700 53050 2 2
83140 16670 83700 53050 3 2
83140 16720 83700 53000 1 2
83140 16720 83700 53000 2 2
83170 15340 83670 23300 0 2
83170 15340 83670 23300 1 2
83170 22900 83670 25820 0 2
83170 22900 83670 25820 1 2
83170 27100 83670 35060 0 2
83170 27100 83670 35060 1 2
83170 34660 83670 37580 0 2
83170 34660 83670 37580 1 2
83170 38860 83670 46820 0 2
83170 38860 83670 46820 1 2
83170 46420 83670 49340 0 2
83170 46420 83670 49340 1 2
83170 50620 83670 53540 0 2
83170 50620 83670 53540 1 2
84030 15340 84530 23300 0 2
84030 15340 84530 23300 1 2
84030 27100 84530 35060 0 2
84030 27100 84530 35060 1 2
84030 38860 84530 46820 0 2
84030 38860 84530 46820 1 2
84890 15340 85390 23300 0 2
84890 15340 85390 23300 1 2
84890 22900 85390 25820 0 2
84890 22900 85390 25820 1 2
84890 27100 85390 35060 0 2
84890 27100 85390 35060 1 2
84890 34660 85390 37580 0 2
84890 34660 85390 37580 1 2
84890 38860 85390 46820 0 2
84890 38860 85390 46820 1 2
84890 46420 85390 49340 0 2
84890 46420 85390 49340 1 2
84890 50620 85390 53540 0 2
84890 50620 85390 53540 1 2
85750 15340 86250 23300 0 2
85750 15340 86250 23300 1 2
85750 27100 86250 35060 0 2
85750 27100 86250 35060 1 2
85750 38860 86250 46820 0 2
85750 38860 86250 46820 1 2
