59090 11980 59590 19940 0 2
59090 11980 59590 19940 1 2
59090 19540 59590 22460 0 2
59090 19540 59590 22460 1 2
59090 23740 59590 31700 0 2
59090 23740 59590 31700 1 2
59090 31300 59590 34220 0 2
59090 31300 59590 34220 1 2
59090 35500 59590 43460 0 2
59090 35500 59590 43460 1 2
59090 43060 59590 45980 0 2
59090 43060 59590 45980 1 2
59090 47260 59590 55220 0 2
59090 47260 59590 55220 1 2
59090 54820 59590 57740 0 2
59090 54820 59590 57740 1 2
59090 59020 59590 61940 0 2
59090 59020 59590 61940 1 2
59090 62380 59590 70340 0 2
59090 62380 59590 70340 1 2
59090 69940 59590 72860 0 2
59090 69940 59590 72860 1 2
59090 74140 59590 82100 0 2
59090 74140 59590 82100 1 2
59090 81700 59590 84620 0 2
59090 81700 59590 84620 1 2
59090 85900 59590 93860 0 2
59090 85900 59590 93860 1 2
59090 93460 59590 96380 0 2
59090 93460 59590 96380 1 2
59950 11980 60450 19940 0 2
59950 11980 60450 19940 1 2
59950 23740 60450 31700 0 2
59950 23740 60450 31700 1 2
59950 35500 60450 43460 0 2
59950 35500 60450 43460 1 2
59950 47260 60450 55220 0 2
59950 47260 60450 55220 1 2
59950 62380 60450 70340 0 2
59950 62380 60450 70340 1 2
59950 74140 60450 82100 0 2
59950 74140 60450 82100 1 2
59950 85900 60450 93860 0 2
59950 85900 60450 93860 1 2
60810 11980 61310 19940 0 2
60810 11980 61310 19940 1 2
60810 19540 61310 22460 0 2
60810 19540 61310 22460 1 2
60810 23740 61310 31700 0 2
60810 23740 61310 31700 1 2
60810 31300 61310 34220 0 2
60810 31300 61310 34220 1 2
60810 35500 61310 43460 0 2
60810 35500 61310 43460 1 2
60810 43060 61310 45980 0 2
60810 43060 61310 45980 1 2
60810 47260 61310 55220 0 2
60810 47260 61310 55220 1 2
60810 54820 61310 57740 0 2
60810 54820 61310 57740 1 2
60810 59020 61310 61940 0 2
60810 59020 61310 61940 1 2
60810 62380 61310 70340 0 2
60810 62380 61310 70340 1 2
60810 69940 61310 72860 0 2
60810 69940 61310 72860 1 2
60810 74140 61310 82100 0 2
60810 74140 61310 82100 1 2
60810 81700 61310 84620 0 2
60810 81700 61310 84620 1 2
60810 85900 61310 93860 0 2
60810 85900 61310 93860 1 2
60810 93460 61310 96380 0 2
60810 93460 61310 96380 1 2
61670 11980 62170 19940 0 2
61670 11980 62170 19940 1 2
61670 23740 62170 31700 0 2
61670 23740 62170 31700 1 2
61670 35500 62170 43460 0 2
61670 35500 62170 43460 1 2
61670 47260 62170 55220 0 2
61670 47260 62170 55220 1 2
61670 62380 62170 70340 0 2
61670 62380 62170 70340 1 2
61670 74140 62170 82100 0 2
61670 74140 62170 82100 1 2
61670 85900 62170 93860 0 2
61670 85900 62170 93860 1 2
62530 11980 63030 19940 0 2
62530 11980 63030 19940 1 2
62530 19540 63030 22460 0 2
62530 19540 63030 22460 1 2
62530 23740 63030 31700 0 2
62530 23740 63030 31700 1 2
62530 31300 63030 34220 0 2
62530 31300 63030 34220 1 2
62530 35500 63030 43460 0 2
62530 35500 63030 43460 1 2
62530 43060 63030 45980 0 2
62530 43060 63030 45980 1 2
62530 47260 63030 55220 0 2
62530 47260 63030 55220 1 2
62530 54820 63030 57740 0 2
62530 54820 63030 57740 1 2
62530 59020 63030 61940 0 2
62530 59020 63030 61940 1 2
62530 62380 63030 70340 0 2
62530 62380 63030 70340 1 2
62530 69940 63030 72860 0 2
62530 69940 63030 72860 1 2
62530 74140 63030 82100 0 2
62530 74140 63030 82100 1 2
62530 81700 63030 84620 0 2
62530 81700 63030 84620 1 2
62530 85900 63030 93860 0 2
62530 85900 63030 93860 1 2
62530 93460 63030 96380 0 2
62530 93460 63030 96380 1 2
63390 11980 63890 19940 0 2
63390 11980 63890 19940 1 2
63390 23740 63890 31700 0 2
63390 23740 63890 31700 1 2
63390 35500 63890 43460 0 2
63390 35500 63890 43460 1 2
63390 47260 63890 55220 0 2
63390 47260 63890 55220 1 2
63390 62380 63890 70340 0 2
63390 62380 63890 70340 1 2
63390 74140 63890 82100 0 2
63390 74140 63890 82100 1 2
63390 85900 63890 93860 0 2
63390 85900 63890 93860 1 2
64250 11980 64750 19940 0 2
64250 11980 64750 19940 1 2
64250 19540 64750 22460 0 2
64250 19540 64750 22460 1 2
64250 23740 64750 31700 0 2
64250 23740 64750 31700 1 2
64250 31300 64750 34220 0 2
64250 31300 64750 34220 1 2
64250 35500 64750 43460 0 2
64250 35500 64750 43460 1 2
64250 43060 64750 45980 0 2
64250 43060 64750 45980 1 2
64250 47260 64750 55220 0 2
64250 47260 64750 55220 1 2
64250 54820 64750 57740 0 2
64250 54820 64750 57740 1 2
64250 59020 64750 61940 0 2
64250 59020 64750 61940 1 2
64250 62380 64750 70340 0 2
64250 62380 64750 70340 1 2
64250 69940 64750 72860 0 2
64250 69940 64750 72860 1 2
64250 74140 64750 82100 0 2
64250 74140 64750 82100 1 2
64250 81700 64750 84620 0 2
64250 81700 64750 84620 1 2
64250 85900 64750 93860 0 2
64250 85900 64750 93860 1 2
64250 93460 64750 96380 0 2
64250 93460 64750 96380 1 2
65110 11980 65610 19940 0 2
65110 11980 65610 19940 1 2
65110 23740 65610 31700 0 2
65110 23740 65610 31700 1 2
65110 35500 65610 43460 0 2
65110 35500 65610 43460 1 2
65110 47260 65610 55220 0 2
65110 47260 65610 55220 1 2
65110 62380 65610 70340 0 2
65110 62380 65610 70340 1 2
65110 74140 65610 82100 0 2
65110 74140 65610 82100 1 2
65110 85900 65610 93860 0 2
65110 85900 65610 93860 1 2
67860 13160 86940 13720 1 2
67860 13160 86940 13720 2 2
67840 13160 86960 13720 0 2
67840 13160 86960 13720 1 2
67860 24920 86940 25480 1 2
67860 24920 86940 25480 2 2
67840 24920 86960 25480 0 2
67840 24920 86960 25480 1 2
67860 36680 86940 37240 1 2
67860 36680 86940 37240 2 2
67840 36680 86960 37240 0 2
67840 36680 86960 37240 1 2
67860 48440 86940 49000 1 2
67860 48440 86940 49000 2 2
67840 48440 86960 49000 0 2
67840 48440 86960 49000 1 2
67860 63560 133380 64120 1 2
67860 63560 133380 64120 2 2
67840 63560 133400 64120 0 2
67840 63560 133400 64120 1 2
67860 75320 133380 75880 1 2
67860 75320 133380 75880 2 2
67840 75320 133400 75880 0 2
67840 75320 133400 75880 1 2
67860 87080 133380 87640 1 2
67860 87080 133380 87640 2 2
67840 87080 133400 87640 0 2
67840 87080 133400 87640 1 2
68550 11980 69050 19940 0 2
68550 11980 69050 19940 1 2
68550 23740 69050 31700 0 2
68550 23740 69050 31700 1 2
68550 35500 69050 43460 0 2
68550 35500 69050 43460 1 2
68550 47260 69050 55220 0 2
68550 47260 69050 55220 1 2
68550 62380 69050 70340 0 2
68550 62380 69050 70340 1 2
68550 74140 69050 82100 0 2
68550 74140 69050 82100 1 2
68550 85900 69050 93860 0 2
68550 85900 69050 93860 1 2
68720 12320 86080 12880 1 2
68720 12320 86080 12880 2 2
68700 12320 86100 12880 0 2
68700 12320 86100 12880 1 2
68720 20720 86080 21280 1 2
68720 20720 86080 21280 2 2
68700 20720 86100 21280 0 2
68700 20720 86100 21280 1 2
68720 24080 86080 24640 1 2
68720 24080 86080 24640 2 2
68700 24080 86100 24640 0 2
68700 24080 86100 24640 1 2
68720 32480 86080 33040 1 2
68720 32480 86080 33040 2 2
68700 32480 86100 33040 0 2
68700 32480 86100 33040 1 2
68720 35840 86080 36400 1 2
68720 35840 86080 36400 2 2
68700 35840 86100 36400 0 2
68700 35840 86100 36400 1 2
68720 44240 86080 44800 1 2
68720 44240 86080 44800 2 2
68700 44240 86100 44800 0 2
68700 44240 86100 44800 1 2
68720 47600 86080 48160 1 2
68720 47600 86080 48160 2 2
68700 47600 86100 48160 0 2
68700 47600 86100 48160 1 2
68720 56000 86080 56560 1 2
68720 56000 86080 56560 2 2
68700 56000 86100 56560 0 2
68700 56000 86100 56560 1 2
68720 60200 86080 60760 1 2
68720 60200 86080 60760 2 2
68700 60200 86100 60760 0 2
68700 60200 86100 60760 1 2
68720 62720 132520 63280 1 2
68720 62720 132520 63280 2 2
68700 62720 132540 63280 0 2
68700 62720 132540 63280 1 2
68720 71120 132520 71680 1 2
68720 71120 132520 71680 2 2
68700 71120 132540 71680 0 2
68700 71120 132540 71680 1 2
68720 74480 132520 75040 1 2
68720 74480 132520 75040 2 2
68700 74480 132540 75040 0 2
68700 74480 132540 75040 1 2
68720 82880 132520 83440 1 2
68720 82880 132520 83440 2 2
68700 82880 132540 83440 0 2
68700 82880 132540 83440 1 2
68720 86240 132520 86800 1 2
68720 86240 132520 86800 2 2
68700 86240 132540 86800 0 2
68700 86240 132540 86800 1 2
68720 94640 132520 95200 1 2
68720 94640 132520 95200 2 2
68700 94640 132540 95200 0 2
68700 94640 132540 95200 1 2
69410 11980 69910 19940 0 2
69410 11980 69910 19940 1 2
69410 19540 69910 22460 0 2
69410 19540 69910 22460 1 2
69410 23740 69910 31700 0 2
69410 23740 69910 31700 1 2
69410 31300 69910 34220 0 2
69410 31300 69910 34220 1 2
69410 35500 69910 43460 0 2
69410 35500 69910 43460 1 2
69410 43060 69910 45980 0 2
69410 43060 69910 45980 1 2
69410 47260 69910 55220 0 2
69410 47260 69910 55220 1 2
69410 54820 69910 57740 0 2
69410 54820 69910 57740 1 2
69410 59020 69910 61940 0 2
69410 59020 69910 61940 1 2
69410 62380 69910 70340 0 2
69410 62380 69910 70340 1 2
69410 69940 69910 72860 0 2
69410 69940 69910 72860 1 2
69410 74140 69910 82100 0 2
69410 74140 69910 82100 1 2
69410 81700 69910 84620 0 2
69410 81700 69910 84620 1 2
69410 85900 69910 93860 0 2
69410 85900 69910 93860 1 2
69410 93460 69910 96380 0 2
69410 93460 69910 96380 1 2
70270 11980 70770 19940 0 2
70270 11980 70770 19940 1 2
70270 23740 70770 31700 0 2
70270 23740 70770 31700 1 2
70270 35500 70770 43460 0 2
70270 35500 70770 43460 1 2
70270 47260 70770 55220 0 2
70270 47260 70770 55220 1 2
70270 62380 70770 70340 0 2
70270 62380 70770 70340 1 2
70270 74140 70770 82100 0 2
70270 74140 70770 82100 1 2
70270 85900 70770 93860 0 2
70270 85900 70770 93860 1 2
71130 11980 71630 19940 0 2
71130 11980 71630 19940 1 2
71130 19540 71630 22460 0 2
71130 19540 71630 22460 1 2
71130 23740 71630 31700 0 2
71130 23740 71630 31700 1 2
71130 31300 71630 34220 0 2
71130 31300 71630 34220 1 2
71130 35500 71630 43460 0 2
71130 35500 71630 43460 1 2
71130 43060 71630 45980 0 2
71130 43060 71630 45980 1 2
71130 47260 71630 55220 0 2
71130 47260 71630 55220 1 2
71130 54820 71630 57740 0 2
71130 54820 71630 57740 1 2
71130 59020 71630 61940 0 2
71130 59020 71630 61940 1 2
71130 62380 71630 70340 0 2
71130 62380 71630 70340 1 2
71130 69940 71630 72860 0 2
71130 69940 71630 72860 1 2
71130 74140 71630 82100 0 2
71130 74140 71630 82100 1 2
71130 81700 71630 84620 0 2
71130 81700 71630 84620 1 2
71130 85900 71630 93860 0 2
71130 85900 71630 93860 1 2
71130 93460 71630 96380 0 2
71130 93460 71630 96380 1 2
71990 11980 72490 19940 0 2
71990 11980 72490 19940 1 2
71990 23740 72490 31700 0 2
71990 23740 72490 31700 1 2
71990 35500 72490 43460 0 2
71990 35500 72490 43460 1 2
71990 47260 72490 55220 0 2
71990 47260 72490 55220 1 2
71990 62380 72490 70340 0 2
71990 62380 72490 70340 1 2
71990 74140 72490 82100 0 2
71990 74140 72490 82100 1 2
71990 85900 72490 93860 0 2
71990 85900 72490 93860 1 2
72850 11980 73350 19940 0 2
72850 11980 73350 19940 1 2
72850 19540 73350 22460 0 2
72850 19540 73350 22460 1 2
72850 23740 73350 31700 0 2
72850 23740 73350 31700 1 2
72850 31300 73350 34220 0 2
72850 31300 73350 34220 1 2
72850 35500 73350 43460 0 2
72850 35500 73350 43460 1 2
72850 43060 73350 45980 0 2
72850 43060 73350 45980 1 2
72850 47260 73350 55220 0 2
72850 47260 73350 55220 1 2
72850 54820 73350 57740 0 2
72850 54820 73350 57740 1 2
72850 59020 73350 61940 0 2
72850 59020 73350 61940 1 2
72850 62380 73350 70340 0 2
72850 62380 73350 70340 1 2
72850 69940 73350 72860 0 2
72850 69940 73350 72860 1 2
72850 74140 73350 82100 0 2
72850 74140 73350 82100 1 2
72850 81700 73350 84620 0 2
72850 81700 73350 84620 1 2
72850 85900 73350 93860 0 2
72850 85900 73350 93860 1 2
72850 93460 73350 96380 0 2
72850 93460 73350 96380 1 2
73710 11980 74210 19940 0 2
73710 11980 74210 19940 1 2
73710 23740 74210 31700 0 2
73710 23740 74210 31700 1 2
73710 35500 74210 43460 0 2
73710 35500 74210 43460 1 2
73710 47260 74210 55220 0 2
73710 47260 74210 55220 1 2
73710 62380 74210 70340 0 2
73710 62380 74210 70340 1 2
73710 74140 74210 82100 0 2
73710 74140 74210 82100 1 2
73710 85900 74210 93860 0 2
73710 85900 74210 93860 1 2
74570 11980 75070 19940 0 2
74570 11980 75070 19940 1 2
74570 19540 75070 22460 0 2
74570 19540 75070 22460 1 2
74570 23740 75070 31700 0 2
74570 23740 75070 31700 1 2
74570 31300 75070 34220 0 2
74570 31300 75070 34220 1 2
74570 35500 75070 43460 0 2
74570 35500 75070 43460 1 2
74570 43060 75070 45980 0 2
74570 43060 75070 45980 1 2
74570 47260 75070 55220 0 2
74570 47260 75070 55220 1 2
74570 54820 75070 57740 0 2
74570 54820 75070 57740 1 2
74570 59020 75070 61940 0 2
74570 59020 75070 61940 1 2
74570 62380 75070 70340 0 2
74570 62380 75070 70340 1 2
74570 69940 75070 72860 0 2
74570 69940 75070 72860 1 2
74570 74140 75070 82100 0 2
74570 74140 75070 82100 1 2
74570 81700 75070 84620 0 2
74570 81700 75070 84620 1 2
74570 85900 75070 93860 0 2
74570 85900 75070 93860 1 2
74570 93460 75070 96380 0 2
74570 93460 75070 96380 1 2
75430 11980 75930 19940 0 2
75430 11980 75930 19940 1 2
75430 23740 75930 31700 0 2
75430 23740 75930 31700 1 2
75430 35500 75930 43460 0 2
75430 35500 75930 43460 1 2
75430 47260 75930 55220 0 2
75430 47260 75930 55220 1 2
75430 62380 75930 70340 0 2
75430 62380 75930 70340 1 2
75430 74140 75930 82100 0 2
75430 74140 75930 82100 1 2
75430 85900 75930 93860 0 2
75430 85900 75930 93860 1 2
75600 29440 77480 31040 3 2
75600 29440 77480 31040 4 2
75600 29440 77480 31040 2 2
75600 29440 77480 31040 3 2
75620 29120 77460 29680 1 2
75620 29120 77460 29680 2 2
75600 29120 77480 29680 0 2
75600 29120 77480 29680 1 2
76260 28380 76820 30420 2 2
76260 28380 76820 30420 3 2
76260 28430 76820 30370 1 2
76260 28430 76820 30370 2 2
76260 28430 76820 30370 2 2
76260 28430 76820 30370 3 2
76260 28480 76820 30320 1 2
76260 28480 76820 30320 2 2
76260 29220 76820 31260 2 2
76260 29220 76820 31260 3 2
76260 29270 76820 31210 1 2
76260 29270 76820 31210 2 2
76290 11980 76790 19940 0 2
76290 11980 76790 19940 1 2
76290 19540 76790 22460 0 2
76290 19540 76790 22460 1 2
76290 23740 76790 31700 0 2
76290 23740 76790 31700 1 2
76290 31300 76790 34220 0 2
76290 31300 76790 34220 1 2
76290 35500 76790 43460 0 2
76290 35500 76790 43460 1 2
76290 43060 76790 45980 0 2
76290 43060 76790 45980 1 2
76290 47260 76790 55220 0 2
76290 47260 76790 55220 1 2
76290 54820 76790 57740 0 2
76290 54820 76790 57740 1 2
76290 59020 76790 61940 0 2
76290 59020 76790 61940 1 2
76290 62380 76790 70340 0 2
76290 62380 76790 70340 1 2
76290 69940 76790 72860 0 2
76290 69940 76790 72860 1 2
76290 74140 76790 82100 0 2
76290 74140 76790 82100 1 2
76290 81700 76790 84620 0 2
76290 81700 76790 84620 1 2
76290 85900 76790 93860 0 2
76290 85900 76790 93860 1 2
76290 93460 76790 96380 0 2
76290 93460 76790 96380 1 2
75930 29440 79730 31040 3 2
75930 29440 79730 31040 4 2
75930 29440 79730 31040 2 2
75930 29440 79730 31040 3 2
76480 29960 78320 30520 1 2
76480 29960 78320 30520 2 2
76460 29960 78340 30520 0 2
76460 29960 78340 30520 1 2
77120 29220 77680 31260 2 2
77120 29220 77680 31260 3 2
77120 29270 77680 31210 1 2
77120 29270 77680 31210 2 2
77120 29270 77680 31210 2 2
77120 29270 77680 31210 3 2
77120 29320 77680 31160 1 2
77120 29320 77680 31160 2 2
77150 11980 77650 19940 0 2
77150 11980 77650 19940 1 2
77150 23740 77650 31700 0 2
77150 23740 77650 31700 1 2
77150 35500 77650 43460 0 2
77150 35500 77650 43460 1 2
77150 47260 77650 55220 0 2
77150 47260 77650 55220 1 2
77150 62380 77650 70340 0 2
77150 62380 77650 70340 1 2
77150 74140 77650 82100 0 2
77150 74140 77650 82100 1 2
77150 85900 77650 93860 0 2
77150 85900 77650 93860 1 2
76850 16840 79670 18440 3 2
76850 16840 79670 18440 4 2
76850 16840 79670 18440 2 2
76850 16840 79670 18440 3 2
77980 16620 78540 18660 2 2
77980 16620 78540 18660 3 2
77980 16670 78540 18610 1 2
77980 16670 78540 18610 2 2
77980 16710 78540 18570 2 2
77980 16710 78540 18570 3 2
77980 16760 78540 18520 1 2
77980 16760 78540 18520 2 2
78010 11980 78510 19940 0 2
78010 11980 78510 19940 1 2
78010 19540 78510 22460 0 2
78010 19540 78510 22460 1 2
78010 23740 78510 31700 0 2
78010 23740 78510 31700 1 2
78010 31300 78510 34220 0 2
78010 31300 78510 34220 1 2
78010 35500 78510 43460 0 2
78010 35500 78510 43460 1 2
78010 43060 78510 45980 0 2
78010 43060 78510 45980 1 2
78010 47260 78510 55220 0 2
78010 47260 78510 55220 1 2
78010 54820 78510 57740 0 2
78010 54820 78510 57740 1 2
78010 59020 78510 61940 0 2
78010 59020 78510 61940 1 2
78010 62380 78510 70340 0 2
78010 62380 78510 70340 1 2
78010 69940 78510 72860 0 2
78010 69940 78510 72860 1 2
78010 74140 78510 82100 0 2
78010 74140 78510 82100 1 2
78010 81700 78510 84620 0 2
78010 81700 78510 84620 1 2
78010 85900 78510 93860 0 2
78010 85900 78510 93860 1 2
78010 93460 78510 96380 0 2
78010 93460 78510 96380 1 2
78180 29440 80060 31040 3 2
78180 29440 80060 31040 4 2
78180 29440 80060 31040 2 2
78180 29440 80060 31040 3 2
78200 29960 80040 30520 1 2
78200 29960 80040 30520 2 2
78180 29960 80060 30520 0 2
78180 29960 80060 30520 1 2
78840 29220 79400 31260 2 2
78840 29220 79400 31260 3 2
78840 29270 79400 31210 1 2
78840 29270 79400 31210 2 2
78840 29270 79400 31210 2 2
78840 29270 79400 31210 3 2
78840 29320 79400 31160 1 2
78840 29320 79400 31160 2 2
78840 29348 79400 31132 2 2
78840 29348 79400 31132 3 2
78840 29398 79400 31082 1 2
78840 29398 79400 31082 2 2
78870 11980 79370 19940 0 2
78870 11980 79370 19940 1 2
78870 23740 79370 31700 0 2
78870 23740 79370 31700 1 2
78870 35500 79370 43460 0 2
78870 35500 79370 43460 1 2
78870 47260 79370 55220 0 2
78870 47260 79370 55220 1 2
78870 62380 79370 70340 0 2
78870 62380 79370 70340 1 2
78870 74140 79370 82100 0 2
78870 74140 79370 82100 1 2
78870 85900 79370 93860 0 2
78870 85900 79370 93860 1 2
78520 29960 90040 30520 1 2
78520 29960 90040 30520 2 2
78500 29960 90060 30520 0 2
78500 29960 90060 30520 1 2
79730 11980 80230 19940 0 2
79730 11980 80230 19940 1 2
79730 19540 80230 22460 0 2
79730 19540 80230 22460 1 2
79730 23740 80230 31700 0 2
79730 23740 80230 31700 1 2
79730 31300 80230 34220 0 2
79730 31300 80230 34220 1 2
79730 35500 80230 43460 0 2
79730 35500 80230 43460 1 2
79730 43060 80230 45980 0 2
79730 43060 80230 45980 1 2
79730 47260 80230 55220 0 2
79730 47260 80230 55220 1 2
79730 54820 80230 57740 0 2
79730 54820 80230 57740 1 2
79730 59020 80230 61940 0 2
79730 59020 80230 61940 1 2
79730 62380 80230 70340 0 2
79730 62380 80230 70340 1 2
79730 69940 80230 72860 0 2
79730 69940 80230 72860 1 2
79730 74140 80230 82100 0 2
79730 74140 80230 82100 1 2
79730 81700 80230 84620 0 2
79730 81700 80230 84620 1 2
79730 85900 80230 93860 0 2
79730 85900 80230 93860 1 2
79730 93460 80230 96380 0 2
79730 93460 80230 96380 1 2
80590 11980 81090 19940 0 2
80590 11980 81090 19940 1 2
80590 23740 81090 31700 0 2
80590 23740 81090 31700 1 2
80590 35500 81090 43460 0 2
80590 35500 81090 43460 1 2
80590 47260 81090 55220 0 2
80590 47260 81090 55220 1 2
80590 62380 81090 70340 0 2
80590 62380 81090 70340 1 2
80590 74140 81090 82100 0 2
80590 74140 81090 82100 1 2
80590 85900 81090 93860 0 2
80590 85900 81090 93860 1 2
81450 11980 81950 19940 0 2
81450 11980 81950 19940 1 2
81450 19540 81950 22460 0 2
81450 19540 81950 22460 1 2
81450 23740 81950 31700 0 2
81450 23740 81950 31700 1 2
81450 31300 81950 34220 0 2
81450 31300 81950 34220 1 2
81450 35500 81950 43460 0 2
81450 35500 81950 43460 1 2
81450 43060 81950 45980 0 2
81450 43060 81950 45980 1 2
81450 47260 81950 55220 0 2
81450 47260 81950 55220 1 2
81450 54820 81950 57740 0 2
81450 54820 81950 57740 1 2
81450 59020 81950 61940 0 2
81450 59020 81950 61940 1 2
81450 62380 81950 70340 0 2
81450 62380 81950 70340 1 2
81450 69940 81950 72860 0 2
81450 69940 81950 72860 1 2
81450 74140 81950 82100 0 2
81450 74140 81950 82100 1 2
81450 81700 81950 84620 0 2
81450 81700 81950 84620 1 2
81450 85900 81950 93860 0 2
81450 85900 81950 93860 1 2
81450 93460 81950 96380 0 2
81450 93460 81950 96380 1 2
82310 11980 82810 19940 0 2
82310 11980 82810 19940 1 2
82310 23740 82810 31700 0 2
82310 23740 82810 31700 1 2
82310 35500 82810 43460 0 2
82310 35500 82810 43460 1 2
82310 47260 82810 55220 0 2
82310 47260 82810 55220 1 2
82310 62380 82810 70340 0 2
82310 62380 82810 70340 1 2
82310 74140 82810 82100 0 2
82310 74140 82810 82100 1 2
82310 85900 82810 93860 0 2
82310 85900 82810 93860 1 2
83170 11980 83670 19940 0 2
83170 11980 83670 19940 1 2
83170 19540 83670 22460 0 2
83170 19540 83670 22460 1 2
83170 23740 83670 31700 0 2
83170 23740 83670 31700 1 2
83170 31300 83670 34220 0 2
83170 31300 83670 34220 1 2
83170 35500 83670 43460 0 2
83170 35500 83670 43460 1 2
83170 43060 83670 45980 0 2
83170 43060 83670 45980 1 2
83170 47260 83670 55220 0 2
83170 47260 83670 55220 1 2
83170 54820 83670 57740 0 2
83170 54820 83670 57740 1 2
83170 59020 83670 61940 0 2
83170 59020 83670 61940 1 2
83170 62380 83670 70340 0 2
83170 62380 83670 70340 1 2
83170 69940 83670 72860 0 2
83170 69940 83670 72860 1 2
83170 74140 83670 82100 0 2
83170 74140 83670 82100 1 2
83170 81700 83670 84620 0 2
83170 81700 83670 84620 1 2
83170 85900 83670 93860 0 2
83170 85900 83670 93860 1 2
83170 93460 83670 96380 0 2
83170 93460 83670 96380 1 2
84030 11980 84530 19940 0 2
84030 11980 84530 19940 1 2
84030 23740 84530 31700 0 2
84030 23740 84530 31700 1 2
84030 35500 84530 43460 0 2
84030 35500 84530 43460 1 2
84030 47260 84530 55220 0 2
84030 47260 84530 55220 1 2
84030 62380 84530 70340 0 2
84030 62380 84530 70340 1 2
84030 74140 84530 82100 0 2
84030 74140 84530 82100 1 2
84030 85900 84530 93860 0 2
84030 85900 84530 93860 1 2
84890 11980 85390 19940 0 2
84890 11980 85390 19940 1 2
84890 19540 85390 22460 0 2
84890 19540 85390 22460 1 2
84890 23740 85390 31700 0 2
84890 23740 85390 31700 1 2
84890 31300 85390 34220 0 2
84890 31300 85390 34220 1 2
84890 35500 85390 43460 0 2
84890 35500 85390 43460 1 2
84890 43060 85390 45980 0 2
84890 43060 85390 45980 1 2
84890 47260 85390 55220 0 2
84890 47260 85390 55220 1 2
84890 54820 85390 57740 0 2
84890 54820 85390 57740 1 2
84890 59020 85390 61940 0 2
84890 59020 85390 61940 1 2
84890 62380 85390 70340 0 2
84890 62380 85390 70340 1 2
84890 69940 85390 72860 0 2
84890 69940 85390 72860 1 2
84890 74140 85390 82100 0 2
84890 74140 85390 82100 1 2
84890 81700 85390 84620 0 2
84890 81700 85390 84620 1 2
84890 85900 85390 93860 0 2
84890 85900 85390 93860 1 2
84890 93460 85390 96380 0 2
84890 93460 85390 96380 1 2
85750 11980 86250 19940 0 2
85750 11980 86250 19940 1 2
85750 23740 86250 31700 0 2
85750 23740 86250 31700 1 2
85750 35500 86250 43460 0 2
85750 35500 86250 43460 1 2
85750 47260 86250 55220 0 2
85750 47260 86250 55220 1 2
85750 62380 86250 70340 0 2
85750 62380 86250 70340 1 2
85750 74140 86250 82100 0 2
85750 74140 86250 82100 1 2
85750 85900 86250 93860 0 2
85750 85900 86250 93860 1 2
86610 62380 87110 70340 0 2
86610 62380 87110 70340 1 2
86610 69940 87110 72860 0 2
86610 69940 87110 72860 1 2
86610 74140 87110 82100 0 2
86610 74140 87110 82100 1 2
86610 81700 87110 84620 0 2
86610 81700 87110 84620 1 2
86610 85900 87110 93860 0 2
86610 85900 87110 93860 1 2
86610 93460 87110 96380 0 2
86610 93460 87110 96380 1 2
87470 62380 87970 70340 0 2
87470 62380 87970 70340 1 2
87470 74140 87970 82100 0 2
87470 74140 87970 82100 1 2
87470 85900 87970 93860 0 2
87470 85900 87970 93860 1 2
88330 62380 88830 70340 0 2
88330 62380 88830 70340 1 2
88330 69940 88830 72860 0 2
88330 69940 88830 72860 1 2
88330 74140 88830 82100 0 2
88330 74140 88830 82100 1 2
88330 81700 88830 84620 0 2
88330 81700 88830 84620 1 2
88330 85900 88830 93860 0 2
88330 85900 88830 93860 1 2
88330 93460 88830 96380 0 2
88330 93460 88830 96380 1 2
88500 29960 133380 30520 1 2
88500 29960 133380 30520 2 2
88480 29960 133400 30520 0 2
88480 29960 133400 30520 1 2
88500 48440 121340 49000 1 2
88500 48440 121340 49000 2 2
88480 48440 121360 49000 0 2
88480 48440 121360 49000 1 2
88500 60200 121340 60760 1 2
88500 60200 121340 60760 2 2
88480 60200 121360 60760 0 2
88480 60200 121360 60760 1 2
89190 23740 89690 31700 0 2
89190 23740 89690 31700 1 2
89190 42220 89690 50180 0 2
89190 42220 89690 50180 1 2
89190 53980 89690 61940 0 2
89190 53980 89690 61940 1 2
89190 62380 89690 70340 0 2
89190 62380 89690 70340 1 2
89190 74140 89690 82100 0 2
89190 74140 89690 82100 1 2
89190 85900 89690 93860 0 2
89190 85900 89690 93860 1 2
89360 18200 132520 18760 1 2
89360 18200 132520 18760 2 2
89340 18200 132540 18760 0 2
89340 18200 132540 18760 1 2
89360 22400 132520 22960 1 2
89360 22400 132520 22960 2 2
89340 22400 132540 22960 0 2
89340 22400 132540 22960 1 2
89360 30800 132520 31360 1 2
89360 30800 132520 31360 2 2
89340 30800 132540 31360 0 2
89340 30800 132540 31360 1 2
89360 36680 120480 37240 1 2
89360 36680 120480 37240 2 2
89340 36680 120500 37240 0 2
89340 36680 120500 37240 1 2
89360 40880 120480 41440 1 2
89360 40880 120480 41440 2 2
89340 40880 120500 41440 0 2
89340 40880 120500 41440 1 2
89360 49280 120480 49840 1 2
89360 49280 120480 49840 2 2
89340 49280 120500 49840 0 2
89340 49280 120500 49840 1 2
89360 52640 120480 53200 1 2
89360 52640 120480 53200 2 2
89340 52640 120500 53200 0 2
89340 52640 120500 53200 1 2
89360 61040 120480 61600 1 2
89360 61040 120480 61600 2 2
89340 61040 120500 61600 0 2
89340 61040 120500 61600 1 2
90050 17020 90550 19940 0 2
90050 17020 90550 19940 1 2
90050 21220 90550 24140 0 2
90050 21220 90550 24140 1 2
90050 23740 90550 31700 0 2
90050 23740 90550 31700 1 2
90050 35500 90550 38420 0 2
90050 35500 90550 38420 1 2
90050 39700 90550 42620 0 2
90050 39700 90550 42620 1 2
90050 42220 90550 50180 0 2
90050 42220 90550 50180 1 2
90050 51460 90550 54380 0 2
90050 51460 90550 54380 1 2
90050 53980 90550 61940 0 2
90050 53980 90550 61940 1 2
90050 62380 90550 70340 0 2
90050 62380 90550 70340 1 2
90050 69940 90550 72860 0 2
90050 69940 90550 72860 1 2
90050 74140 90550 82100 0 2
90050 74140 90550 82100 1 2
90050 81700 90550 84620 0 2
90050 81700 90550 84620 1 2
90050 85900 90550 93860 0 2
90050 85900 90550 93860 1 2
90050 93460 90550 96380 0 2
90050 93460 90550 96380 1 2
90910 23740 91410 31700 0 2
90910 23740 91410 31700 1 2
90910 42220 91410 50180 0 2
90910 42220 91410 50180 1 2
90910 53980 91410 61940 0 2
90910 53980 91410 61940 1 2
90910 62380 91410 70340 0 2
90910 62380 91410 70340 1 2
90910 74140 91410 82100 0 2
90910 74140 91410 82100 1 2
90910 85900 91410 93860 0 2
90910 85900 91410 93860 1 2
91770 17020 92270 19940 0 2
91770 17020 92270 19940 1 2
91770 21220 92270 24140 0 2
91770 21220 92270 24140 1 2
91770 23740 92270 31700 0 2
91770 23740 92270 31700 1 2
91770 35500 92270 38420 0 2
91770 35500 92270 38420 1 2
91770 39700 92270 42620 0 2
91770 39700 92270 42620 1 2
91770 42220 92270 50180 0 2
91770 42220 92270 50180 1 2
91770 51460 92270 54380 0 2
91770 51460 92270 54380 1 2
91770 53980 92270 61940 0 2
91770 53980 92270 61940 1 2
91770 62380 92270 70340 0 2
91770 62380 92270 70340 1 2
91770 69940 92270 72860 0 2
91770 69940 92270 72860 1 2
91770 74140 92270 82100 0 2
91770 74140 92270 82100 1 2
91770 81700 92270 84620 0 2
91770 81700 92270 84620 1 2
91770 85900 92270 93860 0 2
91770 85900 92270 93860 1 2
91770 93460 92270 96380 0 2
91770 93460 92270 96380 1 2
92630 23740 93130 31700 0 2
92630 23740 93130 31700 1 2
92630 42220 93130 50180 0 2
92630 42220 93130 50180 1 2
92630 53980 93130 61940 0 2
92630 53980 93130 61940 1 2
92630 62380 93130 70340 0 2
92630 62380 93130 70340 1 2
92630 74140 93130 82100 0 2
92630 74140 93130 82100 1 2
92630 85900 93130 93860 0 2
92630 85900 93130 93860 1 2
93490 17020 93990 19940 0 2
93490 17020 93990 19940 1 2
93490 21220 93990 24140 0 2
93490 21220 93990 24140 1 2
93490 23740 93990 31700 0 2
93490 23740 93990 31700 1 2
93490 35500 93990 38420 0 2
93490 35500 93990 38420 1 2
93490 39700 93990 42620 0 2
93490 39700 93990 42620 1 2
93490 42220 93990 50180 0 2
93490 42220 93990 50180 1 2
93490 51460 93990 54380 0 2
93490 51460 93990 54380 1 2
93490 53980 93990 61940 0 2
93490 53980 93990 61940 1 2
93490 62380 93990 70340 0 2
93490 62380 93990 70340 1 2
93490 69940 93990 72860 0 2
93490 69940 93990 72860 1 2
93490 74140 93990 82100 0 2
93490 74140 93990 82100 1 2
93490 81700 93990 84620 0 2
93490 81700 93990 84620 1 2
93490 85900 93990 93860 0 2
93490 85900 93990 93860 1 2
93490 93460 93990 96380 0 2
93490 93460 93990 96380 1 2
93190 16840 96010 18440 3 2
93190 16840 96010 18440 4 2
93190 16840 96010 18440 2 2
93190 16840 96010 18440 3 2
93680 18200 95520 18760 1 2
93680 18200 95520 18760 2 2
93660 18200 95540 18760 0 2
93660 18200 95540 18760 1 2
94320 16620 94880 18660 2 2
94320 16620 94880 18660 3 2
94320 16670 94880 18610 1 2
94320 16670 94880 18610 2 2
94320 16990 94880 19130 2 2
94320 16990 94880 19130 3 2
94320 17040 94880 19080 1 2
94320 17040 94880 19080 2 2
94320 17510 94880 19450 2 2
94320 17510 94880 19450 3 2
94320 17560 94880 19400 1 2
94320 17560 94880 19400 2 2
93720 18200 95480 18760 1 2
93720 18200 95480 18760 2 2
93700 18200 95500 18760 0 2
93700 18200 95500 18760 1 2
94350 23740 94850 31700 0 2
94350 23740 94850 31700 1 2
94350 42220 94850 50180 0 2
94350 42220 94850 50180 1 2
94350 53980 94850 61940 0 2
94350 53980 94850 61940 1 2
94350 62380 94850 70340 0 2
94350 62380 94850 70340 1 2
94350 74140 94850 82100 0 2
94350 74140 94850 82100 1 2
94350 85900 94850 93860 0 2
94350 85900 94850 93860 1 2
95210 17020 95710 19940 0 2
95210 17020 95710 19940 1 2
95210 21220 95710 24140 0 2
95210 21220 95710 24140 1 2
95210 23740 95710 31700 0 2
95210 23740 95710 31700 1 2
95210 35500 95710 38420 0 2
95210 35500 95710 38420 1 2
95210 39700 95710 42620 0 2
95210 39700 95710 42620 1 2
95210 42220 95710 50180 0 2
95210 42220 95710 50180 1 2
95210 51460 95710 54380 0 2
95210 51460 95710 54380 1 2
95210 53980 95710 61940 0 2
95210 53980 95710 61940 1 2
95210 62380 95710 70340 0 2
95210 62380 95710 70340 1 2
95210 69940 95710 72860 0 2
95210 69940 95710 72860 1 2
95210 74140 95710 82100 0 2
95210 74140 95710 82100 1 2
95210 81700 95710 84620 0 2
95210 81700 95710 84620 1 2
95210 85900 95710 93860 0 2
95210 85900 95710 93860 1 2
95210 93460 95710 96380 0 2
95210 93460 95710 96380 1 2
96070 23740 96570 31700 0 2
96070 23740 96570 31700 1 2
96070 42220 96570 50180 0 2
96070 42220 96570 50180 1 2
96070 53980 96570 61940 0 2
96070 53980 96570 61940 1 2
96070 62380 96570 70340 0 2
96070 62380 96570 70340 1 2
96070 74140 96570 82100 0 2
96070 74140 96570 82100 1 2
96070 85900 96570 93860 0 2
96070 85900 96570 93860 1 2
96930 17020 97430 19940 0 2
96930 17020 97430 19940 1 2
96930 21220 97430 24140 0 2
96930 21220 97430 24140 1 2
96930 23740 97430 31700 0 2
96930 23740 97430 31700 1 2
96930 35500 97430 38420 0 2
96930 35500 97430 38420 1 2
96930 39700 97430 42620 0 2
96930 39700 97430 42620 1 2
96930 42220 97430 50180 0 2
96930 42220 97430 50180 1 2
96930 51460 97430 54380 0 2
96930 51460 97430 54380 1 2
96930 53980 97430 61940 0 2
96930 53980 97430 61940 1 2
96930 62380 97430 70340 0 2
96930 62380 97430 70340 1 2
96930 69940 97430 72860 0 2
96930 69940 97430 72860 1 2
96930 74140 97430 82100 0 2
96930 74140 97430 82100 1 2
96930 81700 97430 84620 0 2
96930 81700 97430 84620 1 2
96930 85900 97430 93860 0 2
96930 85900 97430 93860 1 2
96930 93460 97430 96380 0 2
96930 93460 97430 96380 1 2
97790 23740 98290 31700 0 2
97790 23740 98290 31700 1 2
97790 42220 98290 50180 0 2
97790 42220 98290 50180 1 2
97790 53980 98290 61940 0 2
97790 53980 98290 61940 1 2
97790 62380 98290 70340 0 2
97790 62380 98290 70340 1 2
97790 74140 98290 82100 0 2
97790 74140 98290 82100 1 2
97790 85900 98290 93860 0 2
97790 85900 98290 93860 1 2
98650 17020 99150 19940 0 2
98650 17020 99150 19940 1 2
98650 21220 99150 24140 0 2
98650 21220 99150 24140 1 2
98650 23740 99150 31700 0 2
98650 23740 99150 31700 1 2
98650 35500 99150 38420 0 2
98650 35500 99150 38420 1 2
98650 39700 99150 42620 0 2
98650 39700 99150 42620 1 2
98650 42220 99150 50180 0 2
98650 42220 99150 50180 1 2
98650 51460 99150 54380 0 2
98650 51460 99150 54380 1 2
98650 53980 99150 61940 0 2
98650 53980 99150 61940 1 2
98650 62380 99150 70340 0 2
98650 62380 99150 70340 1 2
98650 69940 99150 72860 0 2
98650 69940 99150 72860 1 2
98650 74140 99150 82100 0 2
98650 74140 99150 82100 1 2
98650 81700 99150 84620 0 2
98650 81700 99150 84620 1 2
98650 85900 99150 93860 0 2
98650 85900 99150 93860 1 2
98650 93460 99150 96380 0 2
98650 93460 99150 96380 1 2
98350 87400 101170 89000 3 2
98350 87400 101170 89000 4 2
98350 87400 101170 89000 2 2
98350 87400 101170 89000 3 2
99480 62870 100040 111850 2 2
99480 62870 100040 111850 3 2
99480 62920 100040 111800 1 2
99480 62920 100040 111800 2 2
99480 87180 100040 89220 2 2
99480 87180 100040 89220 3 2
99480 87230 100040 89170 1 2
99480 87230 100040 89170 2 2
99480 87270 100040 89130 2 2
99480 87270 100040 89130 3 2
99480 87320 100040 89080 1 2
99480 87320 100040 89080 2 2
99510 23740 100010 31700 0 2
99510 23740 100010 31700 1 2
99510 42220 100010 50180 0 2
99510 42220 100010 50180 1 2
99510 53980 100010 61940 0 2
99510 53980 100010 61940 1 2
99510 62380 100010 70340 0 2
99510 62380 100010 70340 1 2
99510 74140 100010 82100 0 2
99510 74140 100010 82100 1 2
99510 85900 100010 93860 0 2
99510 85900 100010 93860 1 2
99680 74800 101560 76400 3 2
99680 74800 101560 76400 4 2
99680 74800 101560 76400 2 2
99680 74800 101560 76400 3 2
100340 70430 100900 107650 2 2
100340 70430 100900 107650 3 2
100340 70480 100900 107600 1 2
100340 70480 100900 107600 2 2
100340 74580 100900 76620 2 2
100340 74580 100900 76620 3 2
100340 74630 100900 76570 1 2
100340 74630 100900 76570 2 2
100370 17020 100870 19940 0 2
100370 17020 100870 19940 1 2
100370 21220 100870 24140 0 2
100370 21220 100870 24140 1 2
100370 23740 100870 31700 0 2
100370 23740 100870 31700 1 2
100370 35500 100870 38420 0 2
100370 35500 100870 38420 1 2
100370 39700 100870 42620 0 2
100370 39700 100870 42620 1 2
100370 42220 100870 50180 0 2
100370 42220 100870 50180 1 2
100370 51460 100870 54380 0 2
100370 51460 100870 54380 1 2
100370 53980 100870 61940 0 2
100370 53980 100870 61940 1 2
100370 62380 100870 70340 0 2
100370 62380 100870 70340 1 2
100370 69940 100870 72860 0 2
100370 69940 100870 72860 1 2
100370 74140 100870 82100 0 2
100370 74140 100870 82100 1 2
100370 81700 100870 84620 0 2
100370 81700 100870 84620 1 2
100370 85900 100870 93860 0 2
100370 85900 100870 93860 1 2
100370 93460 100870 96380 0 2
100370 93460 100870 96380 1 2
100540 62200 102420 63800 3 2
100540 62200 102420 63800 4 2
100540 62200 102420 63800 2 2
100540 62200 102420 63800 3 2
101200 61980 101760 64020 2 2
101200 61980 101760 64020 3 2
101200 62030 101760 63970 1 2
101200 62030 101760 63970 2 2
101200 62030 101760 99250 2 2
101200 62030 101760 99250 3 2
101200 62080 101760 99200 1 2
101200 62080 101760 99200 2 2
101230 23740 101730 31700 0 2
101230 23740 101730 31700 1 2
101230 42220 101730 50180 0 2
101230 42220 101730 50180 1 2
101230 53980 101730 61940 0 2
101230 53980 101730 61940 1 2
101230 62380 101730 70340 0 2
101230 62380 101730 70340 1 2
101230 74140 101730 82100 0 2
101230 74140 101730 82100 1 2
101230 85900 101730 93860 0 2
101230 85900 101730 93860 1 2
100870 62200 104670 63800 3 2
100870 62200 104670 63800 4 2
100870 62200 104670 63800 2 2
100870 62200 104670 63800 3 2
102090 17020 102590 19940 0 2
102090 17020 102590 19940 1 2
102090 21220 102590 24140 0 2
102090 21220 102590 24140 1 2
102090 23740 102590 31700 0 2
102090 23740 102590 31700 1 2
102090 35500 102590 38420 0 2
102090 35500 102590 38420 1 2
102090 39700 102590 42620 0 2
102090 39700 102590 42620 1 2
102090 42220 102590 50180 0 2
102090 42220 102590 50180 1 2
102090 51460 102590 54380 0 2
102090 51460 102590 54380 1 2
102090 53980 102590 61940 0 2
102090 53980 102590 61940 1 2
102090 62380 102590 70340 0 2
102090 62380 102590 70340 1 2
102090 69940 102590 72860 0 2
102090 69940 102590 72860 1 2
102090 74140 102590 82100 0 2
102090 74140 102590 82100 1 2
102090 81700 102590 84620 0 2
102090 81700 102590 84620 1 2
102090 85900 102590 93860 0 2
102090 85900 102590 93860 1 2
102090 93460 102590 96380 0 2
102090 93460 102590 96380 1 2
102950 23740 103450 31700 0 2
102950 23740 103450 31700 1 2
102950 42220 103450 50180 0 2
102950 42220 103450 50180 1 2
102950 53980 103450 61940 0 2
102950 53980 103450 61940 1 2
102950 62380 103450 70340 0 2
102950 62380 103450 70340 1 2
102950 74140 103450 82100 0 2
102950 74140 103450 82100 1 2
102950 85900 103450 93860 0 2
102950 85900 103450 93860 1 2
103120 62200 105000 63800 3 2
103120 62200 105000 63800 4 2
103120 62200 105000 63800 2 2
103120 62200 105000 63800 3 2
103780 48590 104340 62290 2 2
103780 48590 104340 62290 3 2
103780 48640 104340 62240 1 2
103780 48640 104340 62240 2 2
103780 60670 104340 63650 2 2
103780 60670 104340 63650 3 2
103780 60720 104340 63600 1 2
103780 60720 104340 63600 2 2
103780 61980 104340 64020 2 2
103780 61980 104340 64020 3 2
103780 62030 104340 63970 1 2
103780 62030 104340 63970 2 2
103810 17020 104310 19940 0 2
103810 17020 104310 19940 1 2
103810 21220 104310 24140 0 2
103810 21220 104310 24140 1 2
103810 23740 104310 31700 0 2
103810 23740 104310 31700 1 2
103810 35500 104310 38420 0 2
103810 35500 104310 38420 1 2
103810 39700 104310 42620 0 2
103810 39700 104310 42620 1 2
103810 42220 104310 50180 0 2
103810 42220 104310 50180 1 2
103810 51460 104310 54380 0 2
103810 51460 104310 54380 1 2
103810 53980 104310 61940 0 2
103810 53980 104310 61940 1 2
103810 62380 104310 70340 0 2
103810 62380 104310 70340 1 2
103810 69940 104310 72860 0 2
103810 69940 104310 72860 1 2
103810 74140 104310 82100 0 2
103810 74140 104310 82100 1 2
103810 81700 104310 84620 0 2
103810 81700 104310 84620 1 2
103810 85900 104310 93860 0 2
103810 85900 104310 93860 1 2
103810 93460 104310 96380 0 2
103810 93460 104310 96380 1 2
104000 30800 105840 31360 1 2
104000 30800 105840 31360 2 2
103980 30800 105860 31360 0 2
103980 30800 105860 31360 1 2
104640 30110 105200 32050 2 2
104640 30110 105200 32050 3 2
104640 30160 105200 32000 1 2
104640 30160 105200 32000 2 2
104640 30430 105200 41810 2 2
104640 30430 105200 41810 3 2
104640 30480 105200 41760 1 2
104640 30480 105200 41760 2 2
104640 40190 105200 53890 2 2
104640 40190 105200 53890 3 2
104640 40240 105200 53840 1 2
104640 40240 105200 53840 2 2
104670 23740 105170 31700 0 2
104670 23740 105170 31700 1 2
104670 42220 105170 50180 0 2
104670 42220 105170 50180 1 2
104670 53980 105170 61940 0 2
104670 53980 105170 61940 1 2
104670 62380 105170 70340 0 2
104670 62380 105170 70340 1 2
104670 74140 105170 82100 0 2
104670 74140 105170 82100 1 2
104670 85900 105170 93860 0 2
104670 85900 105170 93860 1 2
105530 17020 106030 19940 0 2
105530 17020 106030 19940 1 2
105530 21220 106030 24140 0 2
105530 21220 106030 24140 1 2
105530 23740 106030 31700 0 2
105530 23740 106030 31700 1 2
105530 35500 106030 38420 0 2
105530 35500 106030 38420 1 2
105530 39700 106030 42620 0 2
105530 39700 106030 42620 1 2
105530 42220 106030 50180 0 2
105530 42220 106030 50180 1 2
105530 51460 106030 54380 0 2
105530 51460 106030 54380 1 2
105530 53980 106030 61940 0 2
105530 53980 106030 61940 1 2
105530 62380 106030 70340 0 2
105530 62380 106030 70340 1 2
105530 69940 106030 72860 0 2
105530 69940 106030 72860 1 2
105530 74140 106030 82100 0 2
105530 74140 106030 82100 1 2
105530 81700 106030 84620 0 2
105530 81700 106030 84620 1 2
105530 85900 106030 93860 0 2
105530 85900 106030 93860 1 2
105530 93460 106030 96380 0 2
105530 93460 106030 96380 1 2
106390 23740 106890 31700 0 2
106390 23740 106890 31700 1 2
106390 42220 106890 50180 0 2
106390 42220 106890 50180 1 2
106390 53980 106890 61940 0 2
106390 53980 106890 61940 1 2
106390 62380 106890 70340 0 2
106390 62380 106890 70340 1 2
106390 74140 106890 82100 0 2
106390 74140 106890 82100 1 2
106390 85900 106890 93860 0 2
106390 85900 106890 93860 1 2
107250 17020 107750 19940 0 2
107250 17020 107750 19940 1 2
107250 21220 107750 24140 0 2
107250 21220 107750 24140 1 2
107250 23740 107750 31700 0 2
107250 23740 107750 31700 1 2
107250 35500 107750 38420 0 2
107250 35500 107750 38420 1 2
107250 39700 107750 42620 0 2
107250 39700 107750 42620 1 2
107250 42220 107750 50180 0 2
107250 42220 107750 50180 1 2
107250 51460 107750 54380 0 2
107250 51460 107750 54380 1 2
107250 53980 107750 61940 0 2
107250 53980 107750 61940 1 2
107250 62380 107750 70340 0 2
107250 62380 107750 70340 1 2
107250 69940 107750 72860 0 2
107250 69940 107750 72860 1 2
107250 74140 107750 82100 0 2
107250 74140 107750 82100 1 2
107250 81700 107750 84620 0 2
107250 81700 107750 84620 1 2
107250 85900 107750 93860 0 2
107250 85900 107750 93860 1 2
107250 93460 107750 96380 0 2
107250 93460 107750 96380 1 2
108110 23740 108610 31700 0 2
108110 23740 108610 31700 1 2
108110 42220 108610 50180 0 2
108110 42220 108610 50180 1 2
108110 53980 108610 61940 0 2
108110 53980 108610 61940 1 2
108110 62380 108610 70340 0 2
108110 62380 108610 70340 1 2
108110 74140 108610 82100 0 2
108110 74140 108610 82100 1 2
108110 85900 108610 93860 0 2
108110 85900 108610 93860 1 2
108970 17020 109470 19940 0 2
108970 17020 109470 19940 1 2
108970 21220 109470 24140 0 2
108970 21220 109470 24140 1 2
108970 23740 109470 31700 0 2
108970 23740 109470 31700 1 2
108970 35500 109470 38420 0 2
108970 35500 109470 38420 1 2
108970 39700 109470 42620 0 2
108970 39700 109470 42620 1 2
108970 42220 109470 50180 0 2
108970 42220 109470 50180 1 2
108970 51460 109470 54380 0 2
108970 51460 109470 54380 1 2
108970 53980 109470 61940 0 2
108970 53980 109470 61940 1 2
108970 62380 109470 70340 0 2
108970 62380 109470 70340 1 2
108970 69940 109470 72860 0 2
108970 69940 109470 72860 1 2
108970 74140 109470 82100 0 2
108970 74140 109470 82100 1 2
108970 81700 109470 84620 0 2
108970 81700 109470 84620 1 2
108970 85900 109470 93860 0 2
108970 85900 109470 93860 1 2
108970 93460 109470 96380 0 2
108970 93460 109470 96380 1 2
109830 23740 110330 31700 0 2
109830 23740 110330 31700 1 2
109830 42220 110330 50180 0 2
109830 42220 110330 50180 1 2
109830 53980 110330 61940 0 2
109830 53980 110330 61940 1 2
109830 62380 110330 70340 0 2
109830 62380 110330 70340 1 2
109830 74140 110330 82100 0 2
109830 74140 110330 82100 1 2
109830 85900 110330 93860 0 2
109830 85900 110330 93860 1 2
110690 17020 111190 19940 0 2
110690 17020 111190 19940 1 2
110690 21220 111190 24140 0 2
110690 21220 111190 24140 1 2
110690 23740 111190 31700 0 2
110690 23740 111190 31700 1 2
110690 35500 111190 38420 0 2
110690 35500 111190 38420 1 2
110690 39700 111190 42620 0 2
110690 39700 111190 42620 1 2
110690 42220 111190 50180 0 2
110690 42220 111190 50180 1 2
110690 51460 111190 54380 0 2
110690 51460 111190 54380 1 2
110690 53980 111190 61940 0 2
110690 53980 111190 61940 1 2
110690 62380 111190 70340 0 2
110690 62380 111190 70340 1 2
110690 69940 111190 72860 0 2
110690 69940 111190 72860 1 2
110690 74140 111190 82100 0 2
110690 74140 111190 82100 1 2
110690 81700 111190 84620 0 2
110690 81700 111190 84620 1 2
110690 85900 111190 93860 0 2
110690 85900 111190 93860 1 2
110690 93460 111190 96380 0 2
110690 93460 111190 96380 1 2
111550 23740 112050 31700 0 2
111550 23740 112050 31700 1 2
111550 42220 112050 50180 0 2
111550 42220 112050 50180 1 2
111550 53980 112050 61940 0 2
111550 53980 112050 61940 1 2
111550 62380 112050 70340 0 2
111550 62380 112050 70340 1 2
111550 74140 112050 82100 0 2
111550 74140 112050 82100 1 2
111550 85900 112050 93860 0 2
111550 85900 112050 93860 1 2
112410 17020 112910 19940 0 2
112410 17020 112910 19940 1 2
112410 21220 112910 24140 0 2
112410 21220 112910 24140 1 2
112410 23740 112910 31700 0 2
112410 23740 112910 31700 1 2
112410 35500 112910 38420 0 2
112410 35500 112910 38420 1 2
112410 39700 112910 42620 0 2
112410 39700 112910 42620 1 2
112410 42220 112910 50180 0 2
112410 42220 112910 50180 1 2
112410 51460 112910 54380 0 2
112410 51460 112910 54380 1 2
112410 53980 112910 61940 0 2
112410 53980 112910 61940 1 2
112410 62380 112910 70340 0 2
112410 62380 112910 70340 1 2
112410 69940 112910 72860 0 2
112410 69940 112910 72860 1 2
112410 74140 112910 82100 0 2
112410 74140 112910 82100 1 2
112410 81700 112910 84620 0 2
112410 81700 112910 84620 1 2
112410 85900 112910 93860 0 2
112410 85900 112910 93860 1 2
112410 93460 112910 96380 0 2
112410 93460 112910 96380 1 2
113270 23740 113770 31700 0 2
113270 23740 113770 31700 1 2
113270 42220 113770 50180 0 2
113270 42220 113770 50180 1 2
113270 53980 113770 61940 0 2
113270 53980 113770 61940 1 2
113270 62380 113770 70340 0 2
113270 62380 113770 70340 1 2
113270 74140 113770 82100 0 2
113270 74140 113770 82100 1 2
113270 85900 113770 93860 0 2
113270 85900 113770 93860 1 2
114130 17020 114630 19940 0 2
114130 17020 114630 19940 1 2
114130 21220 114630 24140 0 2
114130 21220 114630 24140 1 2
114130 23740 114630 31700 0 2
114130 23740 114630 31700 1 2
114130 35500 114630 38420 0 2
114130 35500 114630 38420 1 2
114130 39700 114630 42620 0 2
114130 39700 114630 42620 1 2
114130 42220 114630 50180 0 2
114130 42220 114630 50180 1 2
114130 51460 114630 54380 0 2
114130 51460 114630 54380 1 2
114130 53980 114630 61940 0 2
114130 53980 114630 61940 1 2
114130 62380 114630 70340 0 2
114130 62380 114630 70340 1 2
114130 69940 114630 72860 0 2
114130 69940 114630 72860 1 2
114130 74140 114630 82100 0 2
114130 74140 114630 82100 1 2
114130 81700 114630 84620 0 2
114130 81700 114630 84620 1 2
114130 85900 114630 93860 0 2
114130 85900 114630 93860 1 2
114130 93460 114630 96380 0 2
114130 93460 114630 96380 1 2
114990 23740 115490 31700 0 2
114990 23740 115490 31700 1 2
114990 42220 115490 50180 0 2
114990 42220 115490 50180 1 2
114990 53980 115490 61940 0 2
114990 53980 115490 61940 1 2
114990 62380 115490 70340 0 2
114990 62380 115490 70340 1 2
114990 74140 115490 82100 0 2
114990 74140 115490 82100 1 2
114990 85900 115490 93860 0 2
114990 85900 115490 93860 1 2
115850 17020 116350 19940 0 2
115850 17020 116350 19940 1 2
115850 21220 116350 24140 0 2
115850 21220 116350 24140 1 2
115850 23740 116350 31700 0 2
115850 23740 116350 31700 1 2
115850 35500 116350 38420 0 2
115850 35500 116350 38420 1 2
115850 39700 116350 42620 0 2
115850 39700 116350 42620 1 2
115850 42220 116350 50180 0 2
115850 42220 116350 50180 1 2
115850 51460 116350 54380 0 2
115850 51460 116350 54380 1 2
115850 53980 116350 61940 0 2
115850 53980 116350 61940 1 2
115850 62380 116350 70340 0 2
115850 62380 116350 70340 1 2
115850 69940 116350 72860 0 2
115850 69940 116350 72860 1 2
115850 74140 116350 82100 0 2
115850 74140 116350 82100 1 2
115850 81700 116350 84620 0 2
115850 81700 116350 84620 1 2
115850 85900 116350 93860 0 2
115850 85900 116350 93860 1 2
115850 93460 116350 96380 0 2
115850 93460 116350 96380 1 2
116710 23740 117210 31700 0 2
116710 23740 117210 31700 1 2
116710 42220 117210 50180 0 2
116710 42220 117210 50180 1 2
116710 53980 117210 61940 0 2
116710 53980 117210 61940 1 2
116710 62380 117210 70340 0 2
116710 62380 117210 70340 1 2
116710 74140 117210 82100 0 2
116710 74140 117210 82100 1 2
116710 85900 117210 93860 0 2
116710 85900 117210 93860 1 2
117570 17020 118070 19940 0 2
117570 17020 118070 19940 1 2
117570 21220 118070 24140 0 2
117570 21220 118070 24140 1 2
117570 23740 118070 31700 0 2
117570 23740 118070 31700 1 2
117570 35500 118070 38420 0 2
117570 35500 118070 38420 1 2
117570 39700 118070 42620 0 2
117570 39700 118070 42620 1 2
117570 42220 118070 50180 0 2
117570 42220 118070 50180 1 2
117570 51460 118070 54380 0 2
117570 51460 118070 54380 1 2
117570 53980 118070 61940 0 2
117570 53980 118070 61940 1 2
117570 62380 118070 70340 0 2
117570 62380 118070 70340 1 2
117570 69940 118070 72860 0 2
117570 69940 118070 72860 1 2
117570 74140 118070 82100 0 2
117570 74140 118070 82100 1 2
117570 81700 118070 84620 0 2
117570 81700 118070 84620 1 2
117570 85900 118070 93860 0 2
117570 85900 118070 93860 1 2
117570 93460 118070 96380 0 2
117570 93460 118070 96380 1 2
118430 23740 118930 31700 0 2
118430 23740 118930 31700 1 2
118430 42220 118930 50180 0 2
118430 42220 118930 50180 1 2
118430 53980 118930 61940 0 2
118430 53980 118930 61940 1 2
118430 62380 118930 70340 0 2
118430 62380 118930 70340 1 2
118430 74140 118930 82100 0 2
118430 74140 118930 82100 1 2
118430 85900 118930 93860 0 2
118430 85900 118930 93860 1 2
119290 17020 119790 19940 0 2
119290 17020 119790 19940 1 2
119290 21220 119790 24140 0 2
119290 21220 119790 24140 1 2
119290 23740 119790 31700 0 2
119290 23740 119790 31700 1 2
119290 35500 119790 38420 0 2
119290 35500 119790 38420 1 2
119290 39700 119790 42620 0 2
119290 39700 119790 42620 1 2
119290 42220 119790 50180 0 2
119290 42220 119790 50180 1 2
119290 51460 119790 54380 0 2
119290 51460 119790 54380 1 2
119290 53980 119790 61940 0 2
119290 53980 119790 61940 1 2
119290 62380 119790 70340 0 2
119290 62380 119790 70340 1 2
119290 69940 119790 72860 0 2
119290 69940 119790 72860 1 2
119290 74140 119790 82100 0 2
119290 74140 119790 82100 1 2
119290 81700 119790 84620 0 2
119290 81700 119790 84620 1 2
119290 85900 119790 93860 0 2
119290 85900 119790 93860 1 2
119290 93460 119790 96380 0 2
119290 93460 119790 96380 1 2
120150 23740 120650 31700 0 2
120150 23740 120650 31700 1 2
120150 42220 120650 50180 0 2
120150 42220 120650 50180 1 2
120150 53980 120650 61940 0 2
120150 53980 120650 61940 1 2
120150 62380 120650 70340 0 2
120150 62380 120650 70340 1 2
120150 74140 120650 82100 0 2
120150 74140 120650 82100 1 2
120150 85900 120650 93860 0 2
120150 85900 120650 93860 1 2
121010 17020 121510 19940 0 2
121010 17020 121510 19940 1 2
121010 21220 121510 24140 0 2
121010 21220 121510 24140 1 2
121010 23740 121510 31700 0 2
121010 23740 121510 31700 1 2
121010 62380 121510 70340 0 2
121010 62380 121510 70340 1 2
121010 69940 121510 72860 0 2
121010 69940 121510 72860 1 2
121010 74140 121510 82100 0 2
121010 74140 121510 82100 1 2
121010 81700 121510 84620 0 2
121010 81700 121510 84620 1 2
121010 85900 121510 93860 0 2
121010 85900 121510 93860 1 2
121010 93460 121510 96380 0 2
121010 93460 121510 96380 1 2
121870 23740 122370 31700 0 2
121870 23740 122370 31700 1 2
121870 62380 122370 70340 0 2
121870 62380 122370 70340 1 2
121870 74140 122370 82100 0 2
121870 74140 122370 82100 1 2
121870 85900 122370 93860 0 2
121870 85900 122370 93860 1 2
122730 17020 123230 19940 0 2
122730 17020 123230 19940 1 2
122730 21220 123230 24140 0 2
122730 21220 123230 24140 1 2
122730 23740 123230 31700 0 2
122730 23740 123230 31700 1 2
122730 62380 123230 70340 0 2
122730 62380 123230 70340 1 2
122730 69940 123230 72860 0 2
122730 69940 123230 72860 1 2
122730 74140 123230 82100 0 2
122730 74140 123230 82100 1 2
122730 81700 123230 84620 0 2
122730 81700 123230 84620 1 2
122730 85900 123230 93860 0 2
122730 85900 123230 93860 1 2
122730 93460 123230 96380 0 2
122730 93460 123230 96380 1 2
123590 23740 124090 31700 0 2
123590 23740 124090 31700 1 2
123590 62380 124090 70340 0 2
123590 62380 124090 70340 1 2
123590 74140 124090 82100 0 2
123590 74140 124090 82100 1 2
123590 85900 124090 93860 0 2
123590 85900 124090 93860 1 2
124450 17020 124950 19940 0 2
124450 17020 124950 19940 1 2
124450 21220 124950 24140 0 2
124450 21220 124950 24140 1 2
124450 23740 124950 31700 0 2
124450 23740 124950 31700 1 2
124450 62380 124950 70340 0 2
124450 62380 124950 70340 1 2
124450 69940 124950 72860 0 2
124450 69940 124950 72860 1 2
124450 74140 124950 82100 0 2
124450 74140 124950 82100 1 2
124450 81700 124950 84620 0 2
124450 81700 124950 84620 1 2
124450 85900 124950 93860 0 2
124450 85900 124950 93860 1 2
124450 93460 124950 96380 0 2
124450 93460 124950 96380 1 2
125310 23740 125810 31700 0 2
125310 23740 125810 31700 1 2
125310 62380 125810 70340 0 2
125310 62380 125810 70340 1 2
125310 74140 125810 82100 0 2
125310 74140 125810 82100 1 2
125310 85900 125810 93860 0 2
125310 85900 125810 93860 1 2
126170 17020 126670 19940 0 2
126170 17020 126670 19940 1 2
126170 21220 126670 24140 0 2
126170 21220 126670 24140 1 2
126170 23740 126670 31700 0 2
126170 23740 126670 31700 1 2
126170 62380 126670 70340 0 2
126170 62380 126670 70340 1 2
126170 69940 126670 72860 0 2
126170 69940 126670 72860 1 2
126170 74140 126670 82100 0 2
126170 74140 126670 82100 1 2
126170 81700 126670 84620 0 2
126170 81700 126670 84620 1 2
126170 85900 126670 93860 0 2
126170 85900 126670 93860 1 2
126170 93460 126670 96380 0 2
126170 93460 126670 96380 1 2
126340 33320 133380 33880 1 2
126340 33320 133380 33880 2 2
126320 33320 133400 33880 0 2
126320 33320 133400 33880 1 2
126340 45080 133380 45640 1 2
126340 45080 133380 45640 2 2
126320 45080 133400 45640 0 2
126320 45080 133400 45640 1 2
127030 23740 127530 31700 0 2
127030 23740 127530 31700 1 2
127030 32140 127530 40100 0 2
127030 32140 127530 40100 1 2
127030 43900 127530 51860 0 2
127030 43900 127530 51860 1 2
127030 62380 127530 70340 0 2
127030 62380 127530 70340 1 2
127030 74140 127530 82100 0 2
127030 74140 127530 82100 1 2
127030 85900 127530 93860 0 2
127030 85900 127530 93860 1 2
127200 32480 132520 33040 1 2
127200 32480 132520 33040 2 2
127180 32480 132540 33040 0 2
127180 32480 132540 33040 1 2
127200 40880 132520 41440 1 2
127200 40880 132520 41440 2 2
127180 40880 132540 41440 0 2
127180 40880 132540 41440 1 2
127200 44240 132520 44800 1 2
127200 44240 132520 44800 2 2
127180 44240 132540 44800 0 2
127180 44240 132540 44800 1 2
127200 52640 132520 53200 1 2
127200 52640 132520 53200 2 2
127180 52640 132540 53200 0 2
127180 52640 132540 53200 1 2
127200 56840 132520 57400 1 2
127200 56840 132520 57400 2 2
127180 56840 132540 57400 0 2
127180 56840 132540 57400 1 2
127890 17020 128390 19940 0 2
127890 17020 128390 19940 1 2
127890 21220 128390 24140 0 2
127890 21220 128390 24140 1 2
127890 23740 128390 31700 0 2
127890 23740 128390 31700 1 2
127890 32140 128390 40100 0 2
127890 32140 128390 40100 1 2
127890 39700 128390 42620 0 2
127890 39700 128390 42620 1 2
127890 43900 128390 51860 0 2
127890 43900 128390 51860 1 2
127890 51460 128390 54380 0 2
127890 51460 128390 54380 1 2
127890 55660 128390 58580 0 2
127890 55660 128390 58580 1 2
127890 62380 128390 70340 0 2
127890 62380 128390 70340 1 2
127890 69940 128390 72860 0 2
127890 69940 128390 72860 1 2
127890 74140 128390 82100 0 2
127890 74140 128390 82100 1 2
127890 81700 128390 84620 0 2
127890 81700 128390 84620 1 2
127890 85900 128390 93860 0 2
127890 85900 128390 93860 1 2
127890 93460 128390 96380 0 2
127890 93460 128390 96380 1 2
128750 23740 129250 31700 0 2
128750 23740 129250 31700 1 2
128750 32140 129250 40100 0 2
128750 32140 129250 40100 1 2
128750 43900 129250 51860 0 2
128750 43900 129250 51860 1 2
128750 62380 129250 70340 0 2
128750 62380 129250 70340 1 2
128750 74140 129250 82100 0 2
128750 74140 129250 82100 1 2
128750 85900 129250 93860 0 2
128750 85900 129250 93860 1 2
128940 30800 130780 31360 1 2
128940 30800 130780 31360 2 2
128920 30800 130800 31360 0 2
128920 30800 130800 31360 1 2
129580 30110 130140 32050 2 2
129580 30110 130140 32050 3 2
129580 30160 130140 32000 1 2
129580 30160 130140 32000 2 2
129580 30430 130140 33410 2 2
129580 30430 130140 33410 3 2
129580 30480 130140 33360 1 2
129580 30480 130140 33360 2 2
129580 31790 130140 53890 2 2
129580 31790 130140 53890 3 2
129580 31840 130140 53840 1 2
129580 31840 130140 53840 2 2
129610 17020 130110 19940 0 2
129610 17020 130110 19940 1 2
129610 21220 130110 24140 0 2
129610 21220 130110 24140 1 2
129610 23740 130110 31700 0 2
129610 23740 130110 31700 1 2
129610 32140 130110 40100 0 2
129610 32140 130110 40100 1 2
129610 39700 130110 42620 0 2
129610 39700 130110 42620 1 2
129610 43900 130110 51860 0 2
129610 43900 130110 51860 1 2
129610 51460 130110 54380 0 2
129610 51460 130110 54380 1 2
129610 55660 130110 58580 0 2
129610 55660 130110 58580 1 2
129610 62380 130110 70340 0 2
129610 62380 130110 70340 1 2
129610 69940 130110 72860 0 2
129610 69940 130110 72860 1 2
129610 74140 130110 82100 0 2
129610 74140 130110 82100 1 2
129610 81700 130110 84620 0 2
129610 81700 130110 84620 1 2
129610 85900 130110 93860 0 2
129610 85900 130110 93860 1 2
129610 93460 130110 96380 0 2
129610 93460 130110 96380 1 2
129310 34480 132130 36080 3 2
129310 34480 132130 36080 4 2
129310 34480 132130 36080 2 2
129310 34480 132130 36080 3 2
129780 34480 131660 36080 3 2
129780 34480 131660 36080 4 2
129780 34480 131660 36080 2 2
129780 34480 131660 36080 3 2
130440 34260 131000 36300 2 2
130440 34260 131000 36300 3 2
130440 34310 131000 36250 1 2
130440 34310 131000 36250 2 2
130440 34350 131000 36210 2 2
130440 34350 131000 36210 3 2
130440 34400 131000 36160 1 2
130440 34400 131000 36160 2 2
130470 23740 130970 31700 0 2
130470 23740 130970 31700 1 2
130470 32140 130970 40100 0 2
130470 32140 130970 40100 1 2
130470 43900 130970 51860 0 2
130470 43900 130970 51860 1 2
130470 62380 130970 70340 0 2
130470 62380 130970 70340 1 2
130470 74140 130970 82100 0 2
130470 74140 130970 82100 1 2
130470 85900 130970 93860 0 2
130470 85900 130970 93860 1 2
131330 17020 131830 19940 0 2
131330 17020 131830 19940 1 2
131330 21220 131830 24140 0 2
131330 21220 131830 24140 1 2
131330 23740 131830 31700 0 2
131330 23740 131830 31700 1 2
131330 32140 131830 40100 0 2
131330 32140 131830 40100 1 2
131330 39700 131830 42620 0 2
131330 39700 131830 42620 1 2
131330 43900 131830 51860 0 2
131330 43900 131830 51860 1 2
131330 51460 131830 54380 0 2
131330 51460 131830 54380 1 2
131330 55660 131830 58580 0 2
131330 55660 131830 58580 1 2
131330 62380 131830 70340 0 2
131330 62380 131830 70340 1 2
131330 69940 131830 72860 0 2
131330 69940 131830 72860 1 2
131330 74140 131830 82100 0 2
131330 74140 131830 82100 1 2
131330 81700 131830 84620 0 2
131330 81700 131830 84620 1 2
131330 85900 131830 93860 0 2
131330 85900 131830 93860 1 2
131330 93460 131830 96380 0 2
131330 93460 131830 96380 1 2
132190 23740 132690 31700 0 2
132190 23740 132690 31700 1 2
132190 32140 132690 40100 0 2
132190 32140 132690 40100 1 2
132190 43900 132690 51860 0 2
132190 43900 132690 51860 1 2
132190 62380 132690 70340 0 2
132190 62380 132690 70340 1 2
132190 74140 132690 82100 0 2
132190 74140 132690 82100 1 2
132190 85900 132690 93860 0 2
132190 85900 132690 93860 1 2
