1000 29520 2440 30960 0 2
1000 32880 2440 34320 0 2
1000 44640 2440 46080 0 2
1000 63120 2440 64560 0 2
1000 74880 2440 76320 0 2
1000 86640 2440 88080 0 2
1000 98400 2440 99840 0 2
1860 17760 3300 19200 0 2
1860 21960 3300 23400 0 2
1860 30360 3300 31800 0 2
1860 32040 3300 33480 0 2
1860 40440 3300 41880 0 2
1860 43800 3300 45240 0 2
1860 52200 3300 53640 0 2
1860 56400 3300 57840 0 2
1860 62280 3300 63720 0 2
1860 70680 3300 72120 0 2
1860 74040 3300 75480 0 2
1860 82440 3300 83880 0 2
1860 85800 3300 87240 0 2
1860 94200 3300 95640 0 2
1860 97560 3300 99000 0 2
1860 105960 3300 107400 0 2
1860 110160 3300 111600 0 2
2720 29520 4160 30960 0 2
2720 32880 4160 34320 0 2
2720 44640 4160 46080 0 2
2720 63120 4160 64560 0 2
2720 74880 4160 76320 0 2
2720 86640 4160 88080 0 2
2720 98400 4160 99840 0 2
3580 17760 5020 19200 0 2
3580 21960 5020 23400 0 2
3580 30360 5020 31800 0 2
3580 32040 5020 33480 0 2
3580 40440 5020 41880 0 2
3580 43800 5020 45240 0 2
3580 52200 5020 53640 0 2
3580 56400 5020 57840 0 2
3580 62280 5020 63720 0 2
3580 70680 5020 72120 0 2
3580 74040 5020 75480 0 2
3580 82440 5020 83880 0 2
3580 85800 5020 87240 0 2
3580 94200 5020 95640 0 2
3580 97560 5020 99000 0 2
3580 105960 5020 107400 0 2
3580 110160 5020 111600 0 2
4440 29520 5880 30960 0 2
4440 32880 5880 34320 0 2
4440 44640 5880 46080 0 2
4440 63120 5880 64560 0 2
4440 74880 5880 76320 0 2
4440 86640 5880 88080 0 2
4440 98400 5880 99840 0 2
5300 17760 6740 19200 0 2
5300 21960 6740 23400 0 2
5300 30360 6740 31800 0 2
5300 32040 6740 33480 0 2
5300 40440 6740 41880 0 2
5300 43800 6740 45240 0 2
5300 52200 6740 53640 0 2
5300 56400 6740 57840 0 2
5300 62280 6740 63720 0 2
5300 70680 6740 72120 0 2
5300 74040 6740 75480 0 2
5300 82440 6740 83880 0 2
5300 85800 6740 87240 0 2
5300 94200 6740 95640 0 2
5300 97560 6740 99000 0 2
5300 105960 6740 107400 0 2
5300 110160 6740 111600 0 2
6160 29520 7600 30960 0 2
6160 32880 7600 34320 0 2
6160 44640 7600 46080 0 2
6160 63120 7600 64560 0 2
6160 74880 7600 76320 0 2
6160 86640 7600 88080 0 2
6160 98400 7600 99840 0 2
7020 17760 8460 19200 0 2
7020 21960 8460 23400 0 2
7020 30360 8460 31800 0 2
7020 62280 8460 63720 0 2
7020 70680 8460 72120 0 2
7020 74040 8460 75480 0 2
7020 82440 8460 83880 0 2
7020 85800 8460 87240 0 2
7020 94200 8460 95640 0 2
7020 97560 8460 99000 0 2
7020 105960 8460 107400 0 2
7020 110160 8460 111600 0 2
7880 29520 9320 30960 0 2
7880 63120 9320 64560 0 2
7880 74880 9320 76320 0 2
7880 86640 9320 88080 0 2
7880 98400 9320 99840 0 2
8740 17760 10180 19200 0 2
8740 21960 10180 23400 0 2
8740 30360 10180 31800 0 2
8740 62280 10180 63720 0 2
8740 70680 10180 72120 0 2
8740 74040 10180 75480 0 2
8740 82440 10180 83880 0 2
8740 85800 10180 87240 0 2
8740 94200 10180 95640 0 2
8740 97560 10180 99000 0 2
8740 105960 10180 107400 0 2
8740 110160 10180 111600 0 2
9600 29520 11040 30960 0 2
9600 63120 11040 64560 0 2
9600 74880 11040 76320 0 2
9600 86640 11040 88080 0 2
9600 98400 11040 99840 0 2
10460 17760 11900 19200 0 2
10460 21960 11900 23400 0 2
10460 30360 11900 31800 0 2
10460 62280 11900 63720 0 2
10460 70680 11900 72120 0 2
10460 74040 11900 75480 0 2
10460 82440 11900 83880 0 2
10460 85800 11900 87240 0 2
10460 94200 11900 95640 0 2
10460 97560 11900 99000 0 2
10460 105960 11900 107400 0 2
10460 110160 11900 111600 0 2
11320 29520 12760 30960 0 2
11320 63120 12760 64560 0 2
11320 74880 12760 76320 0 2
11320 86640 12760 88080 0 2
11320 98400 12760 99840 0 2
12180 17760 13620 19200 0 2
12180 21960 13620 23400 0 2
12180 30360 13620 31800 0 2
12180 62280 13620 63720 0 2
12180 70680 13620 72120 0 2
12180 74040 13620 75480 0 2
12180 82440 13620 83880 0 2
12180 85800 13620 87240 0 2
12180 94200 13620 95640 0 2
12180 97560 13620 99000 0 2
12180 105960 13620 107400 0 2
12180 110160 13620 111600 0 2
13040 29520 14480 30960 0 2
13040 48000 14480 49440 0 2
13040 59760 14480 61200 0 2
13040 63120 14480 64560 0 2
13040 74880 14480 76320 0 2
13040 86640 14480 88080 0 2
13040 98400 14480 99840 0 2
13900 17760 15340 19200 0 2
13900 21960 15340 23400 0 2
13900 30360 15340 31800 0 2
13900 36240 15340 37680 0 2
13900 40440 15340 41880 0 2
13900 48840 15340 50280 0 2
13900 52200 15340 53640 0 2
13900 60600 15340 62040 0 2
13900 62280 15340 63720 0 2
13900 70680 15340 72120 0 2
13900 74040 15340 75480 0 2
13900 82440 15340 83880 0 2
13900 85800 15340 87240 0 2
13900 94200 15340 95640 0 2
13900 97560 15340 99000 0 2
13900 105960 15340 107400 0 2
13900 110160 15340 111600 0 2
14760 29520 16200 30960 0 2
14760 48000 16200 49440 0 2
14760 59760 16200 61200 0 2
14760 63120 16200 64560 0 2
14760 74880 16200 76320 0 2
14760 86640 16200 88080 0 2
14760 98400 16200 99840 0 2
15620 17760 17060 19200 0 2
15620 21960 17060 23400 0 2
15620 30360 17060 31800 0 2
15620 36240 17060 37680 0 2
15620 40440 17060 41880 0 2
15620 48840 17060 50280 0 2
15620 52200 17060 53640 0 2
15620 60600 17060 62040 0 2
15620 62280 17060 63720 0 2
15620 70680 17060 72120 0 2
15620 74040 17060 75480 0 2
15620 82440 17060 83880 0 2
15620 85800 17060 87240 0 2
15620 94200 17060 95640 0 2
15620 97560 17060 99000 0 2
15620 105960 17060 107400 0 2
15620 110160 17060 111600 0 2
16480 29520 17920 30960 0 2
16480 48000 17920 49440 0 2
16480 59760 17920 61200 0 2
16480 63120 17920 64560 0 2
16480 74880 17920 76320 0 2
16480 86640 17920 88080 0 2
16480 98400 17920 99840 0 2
17340 17760 18780 19200 0 2
17340 21960 18780 23400 0 2
17340 30360 18780 31800 0 2
17340 36240 18780 37680 0 2
17340 40440 18780 41880 0 2
17340 48840 18780 50280 0 2
17340 52200 18780 53640 0 2
17340 60600 18780 62040 0 2
17340 62280 18780 63720 0 2
17340 70680 18780 72120 0 2
17340 74040 18780 75480 0 2
17340 82440 18780 83880 0 2
17340 85800 18780 87240 0 2
17340 94200 18780 95640 0 2
17340 97560 18780 99000 0 2
17340 105960 18780 107400 0 2
17340 110160 18780 111600 0 2
18200 29520 19640 30960 0 2
18200 48000 19640 49440 0 2
18200 59760 19640 61200 0 2
18200 63120 19640 64560 0 2
18200 74880 19640 76320 0 2
18200 86640 19640 88080 0 2
18200 98400 19640 99840 0 2
19060 17760 20500 19200 0 2
19060 21960 20500 23400 0 2
19060 30360 20500 31800 0 2
19060 36240 20500 37680 0 2
19060 40440 20500 41880 0 2
19060 48840 20500 50280 0 2
19060 52200 20500 53640 0 2
19060 60600 20500 62040 0 2
19060 62280 20500 63720 0 2
19060 70680 20500 72120 0 2
19060 74040 20500 75480 0 2
19060 82440 20500 83880 0 2
19060 85800 20500 87240 0 2
19060 94200 20500 95640 0 2
19060 97560 20500 99000 0 2
19060 105960 20500 107400 0 2
19060 110160 20500 111600 0 2
19920 29520 21360 30960 0 2
19920 48000 21360 49440 0 2
19920 59760 21360 61200 0 2
19920 63120 21360 64560 0 2
19920 74880 21360 76320 0 2
19920 86640 21360 88080 0 2
19920 98400 21360 99840 0 2
20780 17760 22220 19200 0 2
20780 21960 22220 23400 0 2
20780 30360 22220 31800 0 2
20780 36240 22220 37680 0 2
20780 40440 22220 41880 0 2
20780 48840 22220 50280 0 2
20780 52200 22220 53640 0 2
20780 60600 22220 62040 0 2
20780 62280 22220 63720 0 2
20780 70680 22220 72120 0 2
20780 74040 22220 75480 0 2
20780 82440 22220 83880 0 2
20780 85800 22220 87240 0 2
20780 94200 22220 95640 0 2
20780 97560 22220 99000 0 2
20780 105960 22220 107400 0 2
20780 110160 22220 111600 0 2
21640 29520 23080 30960 0 2
21640 48000 23080 49440 0 2
21640 59760 23080 61200 0 2
21640 63120 23080 64560 0 2
21640 74880 23080 76320 0 2
21640 86640 23080 88080 0 2
21640 98400 23080 99840 0 2
22500 17760 23940 19200 0 2
22500 21960 23940 23400 0 2
22500 30360 23940 31800 0 2
22500 36240 23940 37680 0 2
22500 40440 23940 41880 0 2
22500 48840 23940 50280 0 2
22500 52200 23940 53640 0 2
22500 60600 23940 62040 0 2
22500 62280 23940 63720 0 2
22500 70680 23940 72120 0 2
22500 74040 23940 75480 0 2
22500 82440 23940 83880 0 2
22500 85800 23940 87240 0 2
22500 94200 23940 95640 0 2
22500 97560 23940 99000 0 2
22500 105960 23940 107400 0 2
22500 110160 23940 111600 0 2
23360 29520 24800 30960 0 2
23360 48000 24800 49440 0 2
23360 59760 24800 61200 0 2
23360 63120 24800 64560 0 2
23360 74880 24800 76320 0 2
23360 86640 24800 88080 0 2
23360 98400 24800 99840 0 2
24220 17760 25660 19200 0 2
24220 21960 25660 23400 0 2
24220 30360 25660 31800 0 2
24220 36240 25660 37680 0 2
24220 40440 25660 41880 0 2
24220 48840 25660 50280 0 2
24220 52200 25660 53640 0 2
24220 60600 25660 62040 0 2
24220 62280 25660 63720 0 2
24220 70680 25660 72120 0 2
24220 74040 25660 75480 0 2
24220 82440 25660 83880 0 2
24220 85800 25660 87240 0 2
24220 94200 25660 95640 0 2
24220 97560 25660 99000 0 2
24220 105960 25660 107400 0 2
24220 110160 25660 111600 0 2
25080 29520 26520 30960 0 2
25080 48000 26520 49440 0 2
25080 59760 26520 61200 0 2
25080 63120 26520 64560 0 2
25080 74880 26520 76320 0 2
25080 86640 26520 88080 0 2
25080 98400 26520 99840 0 2
25940 17760 27380 19200 0 2
25940 21960 27380 23400 0 2
25940 30360 27380 31800 0 2
25940 36240 27380 37680 0 2
25940 40440 27380 41880 0 2
25940 48840 27380 50280 0 2
25940 52200 27380 53640 0 2
25940 60600 27380 62040 0 2
25940 62280 27380 63720 0 2
25940 70680 27380 72120 0 2
25940 74040 27380 75480 0 2
25940 82440 27380 83880 0 2
25940 85800 27380 87240 0 2
25940 94200 27380 95640 0 2
25940 97560 27380 99000 0 2
25940 105960 27380 107400 0 2
25940 110160 27380 111600 0 2
26800 29520 28240 30960 0 2
26800 48000 28240 49440 0 2
26800 59760 28240 61200 0 2
26800 63120 28240 64560 0 2
26800 74880 28240 76320 0 2
26800 86640 28240 88080 0 2
26800 98400 28240 99840 0 2
27660 17760 29100 19200 0 2
27660 21960 29100 23400 0 2
27660 30360 29100 31800 0 2
27660 36240 29100 37680 0 2
27660 40440 29100 41880 0 2
27660 48840 29100 50280 0 2
27660 52200 29100 53640 0 2
27660 60600 29100 62040 0 2
27660 62280 29100 63720 0 2
27660 70680 29100 72120 0 2
27660 74040 29100 75480 0 2
27660 82440 29100 83880 0 2
27660 85800 29100 87240 0 2
27660 94200 29100 95640 0 2
27660 97560 29100 99000 0 2
27660 105960 29100 107400 0 2
27660 110160 29100 111600 0 2
28520 29520 29960 30960 0 2
28520 48000 29960 49440 0 2
28520 59760 29960 61200 0 2
28520 63120 29960 64560 0 2
28520 74880 29960 76320 0 2
28520 86640 29960 88080 0 2
28520 98400 29960 99840 0 2
29380 17760 30820 19200 0 2
29380 21960 30820 23400 0 2
29380 30360 30820 31800 0 2
29380 36240 30820 37680 0 2
29380 40440 30820 41880 0 2
29380 48840 30820 50280 0 2
29380 52200 30820 53640 0 2
29380 60600 30820 62040 0 2
29380 62280 30820 63720 0 2
29380 70680 30820 72120 0 2
29380 74040 30820 75480 0 2
29380 82440 30820 83880 0 2
29380 85800 30820 87240 0 2
29380 94200 30820 95640 0 2
29380 97560 30820 99000 0 2
29380 105960 30820 107400 0 2
29380 110160 30820 111600 0 2
30240 29520 31680 30960 0 2
30240 48000 31680 49440 0 2
30240 59760 31680 61200 0 2
30240 63120 31680 64560 0 2
30240 74880 31680 76320 0 2
30240 86640 31680 88080 0 2
30240 98400 31680 99840 0 2
31100 17760 32540 19200 0 2
31100 21960 32540 23400 0 2
31100 30360 32540 31800 0 2
31100 36240 32540 37680 0 2
31100 40440 32540 41880 0 2
31100 48840 32540 50280 0 2
31100 52200 32540 53640 0 2
31100 60600 32540 62040 0 2
31100 62280 32540 63720 0 2
31100 70680 32540 72120 0 2
31100 74040 32540 75480 0 2
31100 82440 32540 83880 0 2
31100 85800 32540 87240 0 2
31100 94200 32540 95640 0 2
31100 97560 32540 99000 0 2
31100 105960 32540 107400 0 2
31100 110160 32540 111600 0 2
31960 29520 33400 30960 0 2
31960 48000 33400 49440 0 2
31960 59760 33400 61200 0 2
31960 63120 33400 64560 0 2
31960 74880 33400 76320 0 2
31960 86640 33400 88080 0 2
31960 98400 33400 99840 0 2
32820 17760 34260 19200 0 2
32820 21960 34260 23400 0 2
32820 30360 34260 31800 0 2
32820 36240 34260 37680 0 2
32820 40440 34260 41880 0 2
32820 48840 34260 50280 0 2
32820 52200 34260 53640 0 2
32820 60600 34260 62040 0 2
32820 62280 34260 63720 0 2
32820 70680 34260 72120 0 2
32820 74040 34260 75480 0 2
32820 82440 34260 83880 0 2
32820 85800 34260 87240 0 2
32820 94200 34260 95640 0 2
32820 97560 34260 99000 0 2
32820 105960 34260 107400 0 2
32820 110160 34260 111600 0 2
33680 29520 35120 30960 0 2
33680 48000 35120 49440 0 2
33680 59760 35120 61200 0 2
33680 63120 35120 64560 0 2
33680 74880 35120 76320 0 2
33680 86640 35120 88080 0 2
33680 98400 35120 99840 0 2
34540 17760 35980 19200 0 2
34540 21960 35980 23400 0 2
34540 30360 35980 31800 0 2
34540 36240 35980 37680 0 2
34540 40440 35980 41880 0 2
34540 48840 35980 50280 0 2
34540 52200 35980 53640 0 2
34540 60600 35980 62040 0 2
34540 62280 35980 63720 0 2
34540 70680 35980 72120 0 2
34540 74040 35980 75480 0 2
34540 82440 35980 83880 0 2
34540 85800 35980 87240 0 2
34540 94200 35980 95640 0 2
34540 97560 35980 99000 0 2
34540 105960 35980 107400 0 2
34540 110160 35980 111600 0 2
35400 29520 36840 30960 0 2
35400 48000 36840 49440 0 2
35400 59760 36840 61200 0 2
35400 63120 36840 64560 0 2
35400 74880 36840 76320 0 2
35400 86640 36840 88080 0 2
35400 98400 36840 99840 0 2
36260 17760 37700 19200 0 2
36260 21960 37700 23400 0 2
36260 30360 37700 31800 0 2
36260 36240 37700 37680 0 2
36260 40440 37700 41880 0 2
36260 48840 37700 50280 0 2
36260 52200 37700 53640 0 2
36260 60600 37700 62040 0 2
36260 62280 37700 63720 0 2
36260 70680 37700 72120 0 2
36260 74040 37700 75480 0 2
36260 82440 37700 83880 0 2
36260 85800 37700 87240 0 2
36260 94200 37700 95640 0 2
36260 97560 37700 99000 0 2
36260 105960 37700 107400 0 2
36260 110160 37700 111600 0 2
37120 29520 38560 30960 0 2
37120 48000 38560 49440 0 2
37120 59760 38560 61200 0 2
37120 63120 38560 64560 0 2
37120 74880 38560 76320 0 2
37120 86640 38560 88080 0 2
37120 98400 38560 99840 0 2
37980 17760 39420 19200 0 2
37980 21960 39420 23400 0 2
37980 30360 39420 31800 0 2
37980 36240 39420 37680 0 2
37980 40440 39420 41880 0 2
37980 48840 39420 50280 0 2
37980 52200 39420 53640 0 2
37980 60600 39420 62040 0 2
37980 62280 39420 63720 0 2
37980 70680 39420 72120 0 2
37980 74040 39420 75480 0 2
37980 82440 39420 83880 0 2
37980 85800 39420 87240 0 2
37980 94200 39420 95640 0 2
37980 97560 39420 99000 0 2
37980 105960 39420 107400 0 2
37980 110160 39420 111600 0 2
38840 29520 40280 30960 0 2
38840 48000 40280 49440 0 2
38840 59760 40280 61200 0 2
38840 63120 40280 64560 0 2
38840 74880 40280 76320 0 2
38840 86640 40280 88080 0 2
38840 98400 40280 99840 0 2
39700 17760 41140 19200 0 2
39700 21960 41140 23400 0 2
39700 30360 41140 31800 0 2
39700 36240 41140 37680 0 2
39700 40440 41140 41880 0 2
39700 48840 41140 50280 0 2
39700 52200 41140 53640 0 2
39700 60600 41140 62040 0 2
39700 62280 41140 63720 0 2
39700 70680 41140 72120 0 2
39700 74040 41140 75480 0 2
39700 82440 41140 83880 0 2
39700 85800 41140 87240 0 2
39700 94200 41140 95640 0 2
39700 97560 41140 99000 0 2
39700 105960 41140 107400 0 2
39700 110160 41140 111600 0 2
40560 29520 42000 30960 0 2
40560 48000 42000 49440 0 2
40560 59760 42000 61200 0 2
40560 63120 42000 64560 0 2
40560 74880 42000 76320 0 2
40560 86640 42000 88080 0 2
40560 98400 42000 99840 0 2
41420 17760 42860 19200 0 2
41420 21960 42860 23400 0 2
41420 30360 42860 31800 0 2
41420 36240 42860 37680 0 2
41420 40440 42860 41880 0 2
41420 48840 42860 50280 0 2
41420 52200 42860 53640 0 2
41420 60600 42860 62040 0 2
41420 62280 42860 63720 0 2
41420 70680 42860 72120 0 2
41420 74040 42860 75480 0 2
41420 82440 42860 83880 0 2
41420 85800 42860 87240 0 2
41420 94200 42860 95640 0 2
41420 97560 42860 99000 0 2
41420 105960 42860 107400 0 2
41420 110160 42860 111600 0 2
42280 29520 43720 30960 0 2
42280 48000 43720 49440 0 2
42280 59760 43720 61200 0 2
42280 63120 43720 64560 0 2
42280 74880 43720 76320 0 2
42280 86640 43720 88080 0 2
42280 98400 43720 99840 0 2
43140 17760 44580 19200 0 2
43140 21960 44580 23400 0 2
43140 30360 44580 31800 0 2
43140 36240 44580 37680 0 2
43140 40440 44580 41880 0 2
43140 48840 44580 50280 0 2
43140 52200 44580 53640 0 2
43140 60600 44580 62040 0 2
43140 62280 44580 63720 0 2
43140 70680 44580 72120 0 2
43140 74040 44580 75480 0 2
43140 82440 44580 83880 0 2
43140 85800 44580 87240 0 2
43140 94200 44580 95640 0 2
43140 97560 44580 99000 0 2
43140 105960 44580 107400 0 2
43140 110160 44580 111600 0 2
44000 29520 45440 30960 0 2
44000 48000 45440 49440 0 2
44000 59760 45440 61200 0 2
44000 63120 45440 64560 0 2
44000 74880 45440 76320 0 2
44000 86640 45440 88080 0 2
44000 98400 45440 99840 0 2
44860 62280 46300 63720 0 2
44860 70680 46300 72120 0 2
44860 74040 46300 75480 0 2
44860 82440 46300 83880 0 2
44860 85800 46300 87240 0 2
44860 94200 46300 95640 0 2
44860 97560 46300 99000 0 2
44860 105960 46300 107400 0 2
44860 110160 46300 111600 0 2
45720 63120 47160 64560 0 2
45720 74880 47160 76320 0 2
45720 86640 47160 88080 0 2
45720 98400 47160 99840 0 2
46580 62280 48020 63720 0 2
46580 70680 48020 72120 0 2
46580 74040 48020 75480 0 2
46580 82440 48020 83880 0 2
46580 85800 48020 87240 0 2
46580 94200 48020 95640 0 2
46580 97560 48020 99000 0 2
46580 105960 48020 107400 0 2
46580 110160 48020 111600 0 2
47440 960 48880 2400 0 2
47440 12720 48880 14160 0 2
47440 24480 48880 25920 0 2
47440 36240 48880 37680 0 2
47440 48000 48880 49440 0 2
47440 63120 48880 64560 0 2
47440 74880 48880 76320 0 2
47440 86640 48880 88080 0 2
47440 98400 48880 99840 0 2
48300 120 49740 1560 0 2
48300 8520 49740 9960 0 2
48300 11880 49740 13320 0 2
48300 20280 49740 21720 0 2
48300 23640 49740 25080 0 2
48300 32040 49740 33480 0 2
48300 35400 49740 36840 0 2
48300 43800 49740 45240 0 2
48300 47160 49740 48600 0 2
48300 55560 49740 57000 0 2
48300 59760 49740 61200 0 2
48300 62280 49740 63720 0 2
48300 70680 49740 72120 0 2
48300 74040 49740 75480 0 2
48300 82440 49740 83880 0 2
48300 85800 49740 87240 0 2
48300 94200 49740 95640 0 2
48300 97560 49740 99000 0 2
48300 105960 49740 107400 0 2
48300 110160 49740 111600 0 2
49160 960 50600 2400 0 2
49160 12720 50600 14160 0 2
49160 24480 50600 25920 0 2
49160 36240 50600 37680 0 2
49160 48000 50600 49440 0 2
49160 63120 50600 64560 0 2
49160 74880 50600 76320 0 2
49160 86640 50600 88080 0 2
49160 98400 50600 99840 0 2
50020 120 51460 1560 0 2
50020 8520 51460 9960 0 2
50020 11880 51460 13320 0 2
50020 20280 51460 21720 0 2
50020 23640 51460 25080 0 2
50020 32040 51460 33480 0 2
50020 35400 51460 36840 0 2
50020 43800 51460 45240 0 2
50020 47160 51460 48600 0 2
50020 55560 51460 57000 0 2
50020 59760 51460 61200 0 2
50020 62280 51460 63720 0 2
50020 70680 51460 72120 0 2
50020 74040 51460 75480 0 2
50020 82440 51460 83880 0 2
50020 85800 51460 87240 0 2
50020 94200 51460 95640 0 2
50020 97560 51460 99000 0 2
50020 105960 51460 107400 0 2
50020 110160 51460 111600 0 2
50880 960 52320 2400 0 2
50880 12720 52320 14160 0 2
50880 24480 52320 25920 0 2
50880 36240 52320 37680 0 2
50880 48000 52320 49440 0 2
50880 63120 52320 64560 0 2
50880 74880 52320 76320 0 2
50880 86640 52320 88080 0 2
50880 98400 52320 99840 0 2
51740 120 53180 1560 0 2
51740 8520 53180 9960 0 2
51740 11880 53180 13320 0 2
51740 20280 53180 21720 0 2
51740 23640 53180 25080 0 2
51740 32040 53180 33480 0 2
51740 35400 53180 36840 0 2
51740 43800 53180 45240 0 2
51740 47160 53180 48600 0 2
51740 55560 53180 57000 0 2
51740 59760 53180 61200 0 2
51740 62280 53180 63720 0 2
51740 70680 53180 72120 0 2
51740 74040 53180 75480 0 2
51740 82440 53180 83880 0 2
51740 85800 53180 87240 0 2
51740 94200 53180 95640 0 2
51740 97560 53180 99000 0 2
51740 105960 53180 107400 0 2
51740 110160 53180 111600 0 2
52600 960 54040 2400 0 2
52600 12720 54040 14160 0 2
52600 24480 54040 25920 0 2
52600 36240 54040 37680 0 2
52600 48000 54040 49440 0 2
52600 63120 54040 64560 0 2
52600 74880 54040 76320 0 2
52600 86640 54040 88080 0 2
52600 98400 54040 99840 0 2
53460 120 54900 1560 0 2
53460 8520 54900 9960 0 2
53460 11880 54900 13320 0 2
53460 20280 54900 21720 0 2
53460 23640 54900 25080 0 2
53460 32040 54900 33480 0 2
53460 35400 54900 36840 0 2
53460 43800 54900 45240 0 2
53460 47160 54900 48600 0 2
53460 55560 54900 57000 0 2
53460 59760 54900 61200 0 2
53460 62280 54900 63720 0 2
53460 70680 54900 72120 0 2
53460 74040 54900 75480 0 2
53460 82440 54900 83880 0 2
53460 85800 54900 87240 0 2
53460 94200 54900 95640 0 2
53460 97560 54900 99000 0 2
53460 105960 54900 107400 0 2
53460 110160 54900 111600 0 2
54320 960 55760 2400 0 2
54320 12720 55760 14160 0 2
54320 24480 55760 25920 0 2
54320 36240 55760 37680 0 2
54320 48000 55760 49440 0 2
54320 63120 55760 64560 0 2
54320 74880 55760 76320 0 2
54320 86640 55760 88080 0 2
54320 98400 55760 99840 0 2
55180 120 56620 1560 0 2
55180 8520 56620 9960 0 2
55180 11880 56620 13320 0 2
55180 20280 56620 21720 0 2
55180 23640 56620 25080 0 2
55180 32040 56620 33480 0 2
55180 35400 56620 36840 0 2
55180 43800 56620 45240 0 2
55180 47160 56620 48600 0 2
55180 55560 56620 57000 0 2
55180 59760 56620 61200 0 2
55180 62280 56620 63720 0 2
55180 70680 56620 72120 0 2
55180 74040 56620 75480 0 2
55180 82440 56620 83880 0 2
55180 85800 56620 87240 0 2
55180 94200 56620 95640 0 2
55180 97560 56620 99000 0 2
55180 105960 56620 107400 0 2
55180 110160 56620 111600 0 2
56040 960 57480 2400 0 2
56040 12720 57480 14160 0 2
56040 24480 57480 25920 0 2
56040 36240 57480 37680 0 2
56040 48000 57480 49440 0 2
56040 63120 57480 64560 0 2
56040 74880 57480 76320 0 2
56040 86640 57480 88080 0 2
56040 98400 57480 99840 0 2
56900 120 58340 1560 0 2
56900 8520 58340 9960 0 2
56900 11880 58340 13320 0 2
56900 20280 58340 21720 0 2
56900 23640 58340 25080 0 2
56900 32040 58340 33480 0 2
56900 35400 58340 36840 0 2
56900 43800 58340 45240 0 2
56900 47160 58340 48600 0 2
56900 55560 58340 57000 0 2
56900 59760 58340 61200 0 2
56900 62280 58340 63720 0 2
56900 70680 58340 72120 0 2
56900 74040 58340 75480 0 2
56900 82440 58340 83880 0 2
56900 85800 58340 87240 0 2
56900 94200 58340 95640 0 2
56900 97560 58340 99000 0 2
56900 105960 58340 107400 0 2
56900 110160 58340 111600 0 2
57760 960 59200 2400 0 2
57760 12720 59200 14160 0 2
57760 24480 59200 25920 0 2
57760 36240 59200 37680 0 2
57760 48000 59200 49440 0 2
57760 63120 59200 64560 0 2
57760 74880 59200 76320 0 2
57760 86640 59200 88080 0 2
57760 98400 59200 99840 0 2
58620 120 60060 1560 0 2
58620 8520 60060 9960 0 2
58620 11880 60060 13320 0 2
58620 20280 60060 21720 0 2
58620 23640 60060 25080 0 2
58620 32040 60060 33480 0 2
58620 35400 60060 36840 0 2
58620 43800 60060 45240 0 2
58620 47160 60060 48600 0 2
58620 55560 60060 57000 0 2
58620 59760 60060 61200 0 2
58620 62280 60060 63720 0 2
58620 70680 60060 72120 0 2
58620 74040 60060 75480 0 2
58620 82440 60060 83880 0 2
58620 85800 60060 87240 0 2
58620 94200 60060 95640 0 2
58620 97560 60060 99000 0 2
58620 105960 60060 107400 0 2
58620 110160 60060 111600 0 2
59480 960 60920 2400 0 2
59480 12720 60920 14160 0 2
59480 24480 60920 25920 0 2
59480 36240 60920 37680 0 2
59480 48000 60920 49440 0 2
59480 63120 60920 64560 0 2
59480 74880 60920 76320 0 2
59480 86640 60920 88080 0 2
59480 98400 60920 99840 0 2
60340 120 61780 1560 0 2
60340 8520 61780 9960 0 2
60340 11880 61780 13320 0 2
60340 20280 61780 21720 0 2
60340 23640 61780 25080 0 2
60340 32040 61780 33480 0 2
60340 35400 61780 36840 0 2
60340 43800 61780 45240 0 2
60340 47160 61780 48600 0 2
60340 55560 61780 57000 0 2
60340 59760 61780 61200 0 2
60340 62280 61780 63720 0 2
60340 70680 61780 72120 0 2
60340 74040 61780 75480 0 2
60340 82440 61780 83880 0 2
60340 85800 61780 87240 0 2
60340 94200 61780 95640 0 2
60340 97560 61780 99000 0 2
60340 105960 61780 107400 0 2
60340 110160 61780 111600 0 2
61200 960 62640 2400 0 2
61200 12720 62640 14160 0 2
61200 24480 62640 25920 0 2
61200 36240 62640 37680 0 2
61200 48000 62640 49440 0 2
61200 63120 62640 64560 0 2
61200 74880 62640 76320 0 2
61200 86640 62640 88080 0 2
61200 98400 62640 99840 0 2
62060 120 63500 1560 0 2
62060 8520 63500 9960 0 2
62060 11880 63500 13320 0 2
62060 20280 63500 21720 0 2
62060 23640 63500 25080 0 2
62060 32040 63500 33480 0 2
62060 35400 63500 36840 0 2
62060 43800 63500 45240 0 2
62060 47160 63500 48600 0 2
62060 55560 63500 57000 0 2
62060 59760 63500 61200 0 2
62060 62280 63500 63720 0 2
62060 70680 63500 72120 0 2
62060 74040 63500 75480 0 2
62060 82440 63500 83880 0 2
62060 85800 63500 87240 0 2
62060 94200 63500 95640 0 2
62060 97560 63500 99000 0 2
62060 105960 63500 107400 0 2
62060 110160 63500 111600 0 2
62920 960 64360 2400 0 2
62920 12720 64360 14160 0 2
62920 24480 64360 25920 0 2
62920 36240 64360 37680 0 2
62920 48000 64360 49440 0 2
62920 63120 64360 64560 0 2
62920 74880 64360 76320 0 2
62920 86640 64360 88080 0 2
62920 98400 64360 99840 0 2
63780 120 65220 1560 0 2
63780 8520 65220 9960 0 2
63780 11880 65220 13320 0 2
63780 20280 65220 21720 0 2
63780 23640 65220 25080 0 2
63780 32040 65220 33480 0 2
63780 35400 65220 36840 0 2
63780 43800 65220 45240 0 2
63780 47160 65220 48600 0 2
63780 55560 65220 57000 0 2
63780 59760 65220 61200 0 2
63780 62280 65220 63720 0 2
63780 70680 65220 72120 0 2
63780 74040 65220 75480 0 2
63780 82440 65220 83880 0 2
63780 85800 65220 87240 0 2
63780 94200 65220 95640 0 2
63780 97560 65220 99000 0 2
63780 105960 65220 107400 0 2
63780 110160 65220 111600 0 2
64640 960 66080 2400 0 2
64640 12720 66080 14160 0 2
64640 24480 66080 25920 0 2
64640 36240 66080 37680 0 2
64640 48000 66080 49440 0 2
64640 63120 66080 64560 0 2
64640 74880 66080 76320 0 2
64640 86640 66080 88080 0 2
64640 98400 66080 99840 0 2
68080 960 69520 2400 0 2
68080 12720 69520 14160 0 2
68080 24480 69520 25920 0 2
68080 36240 69520 37680 0 2
68080 48000 69520 49440 0 2
68080 63120 69520 64560 0 2
68080 74880 69520 76320 0 2
68080 86640 69520 88080 0 2
68080 98400 69520 99840 0 2
68940 120 70380 1560 0 2
68940 8520 70380 9960 0 2
68940 11880 70380 13320 0 2
68940 20280 70380 21720 0 2
68940 23640 70380 25080 0 2
68940 32040 70380 33480 0 2
68940 35400 70380 36840 0 2
68940 43800 70380 45240 0 2
68940 47160 70380 48600 0 2
68940 55560 70380 57000 0 2
68940 59760 70380 61200 0 2
68940 62280 70380 63720 0 2
68940 70680 70380 72120 0 2
68940 74040 70380 75480 0 2
68940 82440 70380 83880 0 2
68940 85800 70380 87240 0 2
68940 94200 70380 95640 0 2
68940 97560 70380 99000 0 2
68940 105960 70380 107400 0 2
68940 110160 70380 111600 0 2
69800 960 71240 2400 0 2
69800 12720 71240 14160 0 2
69800 24480 71240 25920 0 2
69800 36240 71240 37680 0 2
69800 48000 71240 49440 0 2
69800 63120 71240 64560 0 2
69800 74880 71240 76320 0 2
69800 86640 71240 88080 0 2
69800 98400 71240 99840 0 2
70660 120 72100 1560 0 2
70660 8520 72100 9960 0 2
70660 11880 72100 13320 0 2
70660 20280 72100 21720 0 2
70660 23640 72100 25080 0 2
70660 32040 72100 33480 0 2
70660 35400 72100 36840 0 2
70660 43800 72100 45240 0 2
70660 47160 72100 48600 0 2
70660 55560 72100 57000 0 2
70660 59760 72100 61200 0 2
70660 62280 72100 63720 0 2
70660 70680 72100 72120 0 2
70660 74040 72100 75480 0 2
70660 82440 72100 83880 0 2
70660 85800 72100 87240 0 2
70660 94200 72100 95640 0 2
70660 97560 72100 99000 0 2
70660 105960 72100 107400 0 2
70660 110160 72100 111600 0 2
71520 960 72960 2400 0 2
71520 12720 72960 14160 0 2
71520 24480 72960 25920 0 2
71520 36240 72960 37680 0 2
71520 48000 72960 49440 0 2
71520 63120 72960 64560 0 2
71520 74880 72960 76320 0 2
71520 86640 72960 88080 0 2
71520 98400 72960 99840 0 2
72380 120 73820 1560 0 2
72380 8520 73820 9960 0 2
72380 11880 73820 13320 0 2
72380 20280 73820 21720 0 2
72380 23640 73820 25080 0 2
72380 32040 73820 33480 0 2
72380 35400 73820 36840 0 2
72380 43800 73820 45240 0 2
72380 47160 73820 48600 0 2
72380 55560 73820 57000 0 2
72380 59760 73820 61200 0 2
72380 62280 73820 63720 0 2
72380 70680 73820 72120 0 2
72380 74040 73820 75480 0 2
72380 82440 73820 83880 0 2
72380 85800 73820 87240 0 2
72380 94200 73820 95640 0 2
72380 97560 73820 99000 0 2
72380 105960 73820 107400 0 2
72380 110160 73820 111600 0 2
73240 960 74680 2400 0 2
73240 12720 74680 14160 0 2
73240 24480 74680 25920 0 2
73240 36240 74680 37680 0 2
73240 48000 74680 49440 0 2
73240 63120 74680 64560 0 2
73240 74880 74680 76320 0 2
73240 86640 74680 88080 0 2
73240 98400 74680 99840 0 2
74100 120 75540 1560 0 2
74100 8520 75540 9960 0 2
74100 11880 75540 13320 0 2
74100 20280 75540 21720 0 2
74100 23640 75540 25080 0 2
74100 32040 75540 33480 0 2
74100 35400 75540 36840 0 2
74100 43800 75540 45240 0 2
74100 47160 75540 48600 0 2
74100 55560 75540 57000 0 2
74100 59760 75540 61200 0 2
74100 62280 75540 63720 0 2
74100 70680 75540 72120 0 2
74100 74040 75540 75480 0 2
74100 82440 75540 83880 0 2
74100 85800 75540 87240 0 2
74100 94200 75540 95640 0 2
74100 97560 75540 99000 0 2
74100 105960 75540 107400 0 2
74100 110160 75540 111600 0 2
74960 960 76400 2400 0 2
74960 12720 76400 14160 0 2
74960 24480 76400 25920 0 2
74960 36240 76400 37680 0 2
74960 48000 76400 49440 0 2
74960 63120 76400 64560 0 2
74960 74880 76400 76320 0 2
74960 86640 76400 88080 0 2
74960 98400 76400 99840 0 2
75820 120 77260 1560 0 2
75820 8520 77260 9960 0 2
75820 11880 77260 13320 0 2
75820 20280 77260 21720 0 2
75820 23640 77260 25080 0 2
75820 32040 77260 33480 0 2
75820 35400 77260 36840 0 2
75820 43800 77260 45240 0 2
75820 47160 77260 48600 0 2
75820 55560 77260 57000 0 2
75820 59760 77260 61200 0 2
75820 62280 77260 63720 0 2
75820 70680 77260 72120 0 2
75820 74040 77260 75480 0 2
75820 82440 77260 83880 0 2
75820 85800 77260 87240 0 2
75820 94200 77260 95640 0 2
75820 97560 77260 99000 0 2
75820 105960 77260 107400 0 2
75820 110160 77260 111600 0 2
76680 960 78120 2400 0 2
76680 12720 78120 14160 0 2
76680 24480 78120 25920 0 2
76680 36240 78120 37680 0 2
76680 48000 78120 49440 0 2
76680 63120 78120 64560 0 2
76680 74880 78120 76320 0 2
76680 86640 78120 88080 0 2
76680 98400 78120 99840 0 2
77540 120 78980 1560 0 2
77540 8520 78980 9960 0 2
77540 11880 78980 13320 0 2
77540 20280 78980 21720 0 2
77540 23640 78980 25080 0 2
77540 32040 78980 33480 0 2
77540 35400 78980 36840 0 2
77540 43800 78980 45240 0 2
77540 47160 78980 48600 0 2
77540 55560 78980 57000 0 2
77540 59760 78980 61200 0 2
77540 62280 78980 63720 0 2
77540 70680 78980 72120 0 2
77540 74040 78980 75480 0 2
77540 82440 78980 83880 0 2
77540 85800 78980 87240 0 2
77540 94200 78980 95640 0 2
77540 97560 78980 99000 0 2
77540 105960 78980 107400 0 2
77540 110160 78980 111600 0 2
78400 960 79840 2400 0 2
78400 12720 79840 14160 0 2
78400 24480 79840 25920 0 2
78400 36240 79840 37680 0 2
78400 48000 79840 49440 0 2
78400 63120 79840 64560 0 2
78400 74880 79840 76320 0 2
78400 86640 79840 88080 0 2
78400 98400 79840 99840 0 2
79260 120 80700 1560 0 2
79260 8520 80700 9960 0 2
79260 11880 80700 13320 0 2
79260 20280 80700 21720 0 2
79260 23640 80700 25080 0 2
79260 32040 80700 33480 0 2
79260 35400 80700 36840 0 2
79260 43800 80700 45240 0 2
79260 47160 80700 48600 0 2
79260 55560 80700 57000 0 2
79260 59760 80700 61200 0 2
79260 62280 80700 63720 0 2
79260 70680 80700 72120 0 2
79260 74040 80700 75480 0 2
79260 82440 80700 83880 0 2
79260 85800 80700 87240 0 2
79260 94200 80700 95640 0 2
79260 97560 80700 99000 0 2
79260 105960 80700 107400 0 2
79260 110160 80700 111600 0 2
80120 960 81560 2400 0 2
80120 12720 81560 14160 0 2
80120 24480 81560 25920 0 2
80120 36240 81560 37680 0 2
80120 48000 81560 49440 0 2
80120 63120 81560 64560 0 2
80120 74880 81560 76320 0 2
80120 86640 81560 88080 0 2
80120 98400 81560 99840 0 2
80980 120 82420 1560 0 2
80980 8520 82420 9960 0 2
80980 11880 82420 13320 0 2
80980 20280 82420 21720 0 2
80980 23640 82420 25080 0 2
80980 32040 82420 33480 0 2
80980 35400 82420 36840 0 2
80980 43800 82420 45240 0 2
80980 47160 82420 48600 0 2
80980 55560 82420 57000 0 2
80980 59760 82420 61200 0 2
80980 62280 82420 63720 0 2
80980 70680 82420 72120 0 2
80980 74040 82420 75480 0 2
80980 82440 82420 83880 0 2
80980 85800 82420 87240 0 2
80980 94200 82420 95640 0 2
80980 97560 82420 99000 0 2
80980 105960 82420 107400 0 2
80980 110160 82420 111600 0 2
81840 960 83280 2400 0 2
81840 12720 83280 14160 0 2
81840 24480 83280 25920 0 2
81840 36240 83280 37680 0 2
81840 48000 83280 49440 0 2
81840 63120 83280 64560 0 2
81840 74880 83280 76320 0 2
81840 86640 83280 88080 0 2
81840 98400 83280 99840 0 2
82700 120 84140 1560 0 2
82700 8520 84140 9960 0 2
82700 11880 84140 13320 0 2
82700 20280 84140 21720 0 2
82700 23640 84140 25080 0 2
82700 32040 84140 33480 0 2
82700 35400 84140 36840 0 2
82700 43800 84140 45240 0 2
82700 47160 84140 48600 0 2
82700 55560 84140 57000 0 2
82700 59760 84140 61200 0 2
82700 62280 84140 63720 0 2
82700 70680 84140 72120 0 2
82700 74040 84140 75480 0 2
82700 82440 84140 83880 0 2
82700 85800 84140 87240 0 2
82700 94200 84140 95640 0 2
82700 97560 84140 99000 0 2
82700 105960 84140 107400 0 2
82700 110160 84140 111600 0 2
83560 960 85000 2400 0 2
83560 12720 85000 14160 0 2
83560 24480 85000 25920 0 2
83560 36240 85000 37680 0 2
83560 48000 85000 49440 0 2
83560 63120 85000 64560 0 2
83560 74880 85000 76320 0 2
83560 86640 85000 88080 0 2
83560 98400 85000 99840 0 2
84420 120 85860 1560 0 2
84420 8520 85860 9960 0 2
84420 11880 85860 13320 0 2
84420 20280 85860 21720 0 2
84420 23640 85860 25080 0 2
84420 32040 85860 33480 0 2
84420 35400 85860 36840 0 2
84420 43800 85860 45240 0 2
84420 47160 85860 48600 0 2
84420 55560 85860 57000 0 2
84420 59760 85860 61200 0 2
84420 62280 85860 63720 0 2
84420 70680 85860 72120 0 2
84420 74040 85860 75480 0 2
84420 82440 85860 83880 0 2
84420 85800 85860 87240 0 2
84420 94200 85860 95640 0 2
84420 97560 85860 99000 0 2
84420 105960 85860 107400 0 2
84420 110160 85860 111600 0 2
85280 960 86720 2400 0 2
85280 12720 86720 14160 0 2
85280 24480 86720 25920 0 2
85280 36240 86720 37680 0 2
85280 48000 86720 49440 0 2
85280 63120 86720 64560 0 2
85280 74880 86720 76320 0 2
85280 86640 86720 88080 0 2
85280 98400 86720 99840 0 2
86140 62280 87580 63720 0 2
86140 70680 87580 72120 0 2
86140 74040 87580 75480 0 2
86140 82440 87580 83880 0 2
86140 85800 87580 87240 0 2
86140 94200 87580 95640 0 2
86140 97560 87580 99000 0 2
86140 105960 87580 107400 0 2
86140 110160 87580 111600 0 2
87000 63120 88440 64560 0 2
87000 74880 88440 76320 0 2
87000 86640 88440 88080 0 2
87000 98400 88440 99840 0 2
87860 62280 89300 63720 0 2
87860 70680 89300 72120 0 2
87860 74040 89300 75480 0 2
87860 82440 89300 83880 0 2
87860 85800 89300 87240 0 2
87860 94200 89300 95640 0 2
87860 97560 89300 99000 0 2
87860 105960 89300 107400 0 2
87860 110160 89300 111600 0 2
88720 29520 90160 30960 0 2
88720 48000 90160 49440 0 2
88720 59760 90160 61200 0 2
88720 63120 90160 64560 0 2
88720 74880 90160 76320 0 2
88720 86640 90160 88080 0 2
88720 98400 90160 99840 0 2
89580 17760 91020 19200 0 2
89580 21960 91020 23400 0 2
89580 30360 91020 31800 0 2
89580 36240 91020 37680 0 2
89580 40440 91020 41880 0 2
89580 48840 91020 50280 0 2
89580 52200 91020 53640 0 2
89580 60600 91020 62040 0 2
89580 62280 91020 63720 0 2
89580 70680 91020 72120 0 2
89580 74040 91020 75480 0 2
89580 82440 91020 83880 0 2
89580 85800 91020 87240 0 2
89580 94200 91020 95640 0 2
89580 97560 91020 99000 0 2
89580 105960 91020 107400 0 2
89580 110160 91020 111600 0 2
90440 29520 91880 30960 0 2
90440 48000 91880 49440 0 2
90440 59760 91880 61200 0 2
90440 63120 91880 64560 0 2
90440 74880 91880 76320 0 2
90440 86640 91880 88080 0 2
90440 98400 91880 99840 0 2
91300 17760 92740 19200 0 2
91300 21960 92740 23400 0 2
91300 30360 92740 31800 0 2
91300 36240 92740 37680 0 2
91300 40440 92740 41880 0 2
91300 48840 92740 50280 0 2
91300 52200 92740 53640 0 2
91300 60600 92740 62040 0 2
91300 62280 92740 63720 0 2
91300 70680 92740 72120 0 2
91300 74040 92740 75480 0 2
91300 82440 92740 83880 0 2
91300 85800 92740 87240 0 2
91300 94200 92740 95640 0 2
91300 97560 92740 99000 0 2
91300 105960 92740 107400 0 2
91300 110160 92740 111600 0 2
92160 29520 93600 30960 0 2
92160 48000 93600 49440 0 2
92160 59760 93600 61200 0 2
92160 63120 93600 64560 0 2
92160 74880 93600 76320 0 2
92160 86640 93600 88080 0 2
92160 98400 93600 99840 0 2
93020 17760 94460 19200 0 2
93020 21960 94460 23400 0 2
93020 30360 94460 31800 0 2
93020 36240 94460 37680 0 2
93020 40440 94460 41880 0 2
93020 48840 94460 50280 0 2
93020 52200 94460 53640 0 2
93020 60600 94460 62040 0 2
93020 62280 94460 63720 0 2
93020 70680 94460 72120 0 2
93020 74040 94460 75480 0 2
93020 82440 94460 83880 0 2
93020 85800 94460 87240 0 2
93020 94200 94460 95640 0 2
93020 97560 94460 99000 0 2
93020 105960 94460 107400 0 2
93020 110160 94460 111600 0 2
93880 29520 95320 30960 0 2
93880 48000 95320 49440 0 2
93880 59760 95320 61200 0 2
93880 63120 95320 64560 0 2
93880 74880 95320 76320 0 2
93880 86640 95320 88080 0 2
93880 98400 95320 99840 0 2
94740 17760 96180 19200 0 2
94740 21960 96180 23400 0 2
94740 30360 96180 31800 0 2
94740 36240 96180 37680 0 2
94740 40440 96180 41880 0 2
94740 48840 96180 50280 0 2
94740 52200 96180 53640 0 2
94740 60600 96180 62040 0 2
94740 62280 96180 63720 0 2
94740 70680 96180 72120 0 2
94740 74040 96180 75480 0 2
94740 82440 96180 83880 0 2
94740 85800 96180 87240 0 2
94740 94200 96180 95640 0 2
94740 97560 96180 99000 0 2
94740 105960 96180 107400 0 2
94740 110160 96180 111600 0 2
95600 29520 97040 30960 0 2
95600 48000 97040 49440 0 2
95600 59760 97040 61200 0 2
95600 63120 97040 64560 0 2
95600 74880 97040 76320 0 2
95600 86640 97040 88080 0 2
95600 98400 97040 99840 0 2
96460 17760 97900 19200 0 2
96460 21960 97900 23400 0 2
96460 30360 97900 31800 0 2
96460 36240 97900 37680 0 2
96460 40440 97900 41880 0 2
96460 48840 97900 50280 0 2
96460 52200 97900 53640 0 2
96460 60600 97900 62040 0 2
96460 62280 97900 63720 0 2
96460 70680 97900 72120 0 2
96460 74040 97900 75480 0 2
96460 82440 97900 83880 0 2
96460 85800 97900 87240 0 2
96460 94200 97900 95640 0 2
96460 97560 97900 99000 0 2
96460 105960 97900 107400 0 2
96460 110160 97900 111600 0 2
97320 29520 98760 30960 0 2
97320 48000 98760 49440 0 2
97320 59760 98760 61200 0 2
97320 63120 98760 64560 0 2
97320 74880 98760 76320 0 2
97320 86640 98760 88080 0 2
97320 98400 98760 99840 0 2
98180 17760 99620 19200 0 2
98180 21960 99620 23400 0 2
98180 30360 99620 31800 0 2
98180 36240 99620 37680 0 2
98180 40440 99620 41880 0 2
98180 48840 99620 50280 0 2
98180 52200 99620 53640 0 2
98180 60600 99620 62040 0 2
98180 62280 99620 63720 0 2
98180 70680 99620 72120 0 2
98180 74040 99620 75480 0 2
98180 82440 99620 83880 0 2
98180 85800 99620 87240 0 2
98180 94200 99620 95640 0 2
98180 97560 99620 99000 0 2
98180 105960 99620 107400 0 2
98180 110160 99620 111600 0 2
99040 29520 100480 30960 0 2
99040 48000 100480 49440 0 2
99040 59760 100480 61200 0 2
99040 63120 100480 64560 0 2
99040 74880 100480 76320 0 2
99040 86640 100480 88080 0 2
99040 98400 100480 99840 0 2
99900 17760 101340 19200 0 2
99900 21960 101340 23400 0 2
99900 30360 101340 31800 0 2
99900 36240 101340 37680 0 2
99900 40440 101340 41880 0 2
99900 48840 101340 50280 0 2
99900 52200 101340 53640 0 2
99900 60600 101340 62040 0 2
99900 62280 101340 63720 0 2
99900 70680 101340 72120 0 2
99900 74040 101340 75480 0 2
99900 82440 101340 83880 0 2
99900 85800 101340 87240 0 2
99900 94200 101340 95640 0 2
99900 97560 101340 99000 0 2
99900 105960 101340 107400 0 2
99900 110160 101340 111600 0 2
100760 29520 102200 30960 0 2
100760 48000 102200 49440 0 2
100760 59760 102200 61200 0 2
100760 63120 102200 64560 0 2
100760 74880 102200 76320 0 2
100760 86640 102200 88080 0 2
100760 98400 102200 99840 0 2
101620 17760 103060 19200 0 2
101620 21960 103060 23400 0 2
101620 30360 103060 31800 0 2
101620 36240 103060 37680 0 2
101620 40440 103060 41880 0 2
101620 48840 103060 50280 0 2
101620 52200 103060 53640 0 2
101620 60600 103060 62040 0 2
101620 62280 103060 63720 0 2
101620 70680 103060 72120 0 2
101620 74040 103060 75480 0 2
101620 82440 103060 83880 0 2
101620 85800 103060 87240 0 2
101620 94200 103060 95640 0 2
101620 97560 103060 99000 0 2
101620 105960 103060 107400 0 2
101620 110160 103060 111600 0 2
102480 29520 103920 30960 0 2
102480 48000 103920 49440 0 2
102480 59760 103920 61200 0 2
102480 63120 103920 64560 0 2
102480 74880 103920 76320 0 2
102480 86640 103920 88080 0 2
102480 98400 103920 99840 0 2
103340 17760 104780 19200 0 2
103340 21960 104780 23400 0 2
103340 30360 104780 31800 0 2
103340 36240 104780 37680 0 2
103340 40440 104780 41880 0 2
103340 48840 104780 50280 0 2
103340 52200 104780 53640 0 2
103340 60600 104780 62040 0 2
103340 62280 104780 63720 0 2
103340 70680 104780 72120 0 2
103340 74040 104780 75480 0 2
103340 82440 104780 83880 0 2
103340 85800 104780 87240 0 2
103340 94200 104780 95640 0 2
103340 97560 104780 99000 0 2
103340 105960 104780 107400 0 2
103340 110160 104780 111600 0 2
104200 29520 105640 30960 0 2
104200 48000 105640 49440 0 2
104200 59760 105640 61200 0 2
104200 63120 105640 64560 0 2
104200 74880 105640 76320 0 2
104200 86640 105640 88080 0 2
104200 98400 105640 99840 0 2
105060 17760 106500 19200 0 2
105060 21960 106500 23400 0 2
105060 30360 106500 31800 0 2
105060 36240 106500 37680 0 2
105060 40440 106500 41880 0 2
105060 48840 106500 50280 0 2
105060 52200 106500 53640 0 2
105060 60600 106500 62040 0 2
105060 62280 106500 63720 0 2
105060 70680 106500 72120 0 2
105060 74040 106500 75480 0 2
105060 82440 106500 83880 0 2
105060 85800 106500 87240 0 2
105060 94200 106500 95640 0 2
105060 97560 106500 99000 0 2
105060 105960 106500 107400 0 2
105060 110160 106500 111600 0 2
105920 29520 107360 30960 0 2
105920 48000 107360 49440 0 2
105920 59760 107360 61200 0 2
105920 63120 107360 64560 0 2
105920 74880 107360 76320 0 2
105920 86640 107360 88080 0 2
105920 98400 107360 99840 0 2
106780 17760 108220 19200 0 2
106780 21960 108220 23400 0 2
106780 30360 108220 31800 0 2
106780 36240 108220 37680 0 2
106780 40440 108220 41880 0 2
106780 48840 108220 50280 0 2
106780 52200 108220 53640 0 2
106780 60600 108220 62040 0 2
106780 62280 108220 63720 0 2
106780 70680 108220 72120 0 2
106780 74040 108220 75480 0 2
106780 82440 108220 83880 0 2
106780 85800 108220 87240 0 2
106780 94200 108220 95640 0 2
106780 97560 108220 99000 0 2
106780 105960 108220 107400 0 2
106780 110160 108220 111600 0 2
107640 29520 109080 30960 0 2
107640 48000 109080 49440 0 2
107640 59760 109080 61200 0 2
107640 63120 109080 64560 0 2
107640 74880 109080 76320 0 2
107640 86640 109080 88080 0 2
107640 98400 109080 99840 0 2
108500 17760 109940 19200 0 2
108500 21960 109940 23400 0 2
108500 30360 109940 31800 0 2
108500 36240 109940 37680 0 2
108500 40440 109940 41880 0 2
108500 48840 109940 50280 0 2
108500 52200 109940 53640 0 2
108500 60600 109940 62040 0 2
108500 62280 109940 63720 0 2
108500 70680 109940 72120 0 2
108500 74040 109940 75480 0 2
108500 82440 109940 83880 0 2
108500 85800 109940 87240 0 2
108500 94200 109940 95640 0 2
108500 97560 109940 99000 0 2
108500 105960 109940 107400 0 2
108500 110160 109940 111600 0 2
109360 29520 110800 30960 0 2
109360 48000 110800 49440 0 2
109360 59760 110800 61200 0 2
109360 63120 110800 64560 0 2
109360 74880 110800 76320 0 2
109360 86640 110800 88080 0 2
109360 98400 110800 99840 0 2
110220 17760 111660 19200 0 2
110220 21960 111660 23400 0 2
110220 30360 111660 31800 0 2
110220 36240 111660 37680 0 2
110220 40440 111660 41880 0 2
110220 48840 111660 50280 0 2
110220 52200 111660 53640 0 2
110220 60600 111660 62040 0 2
110220 62280 111660 63720 0 2
110220 70680 111660 72120 0 2
110220 74040 111660 75480 0 2
110220 82440 111660 83880 0 2
110220 85800 111660 87240 0 2
110220 94200 111660 95640 0 2
110220 97560 111660 99000 0 2
110220 105960 111660 107400 0 2
110220 110160 111660 111600 0 2
111080 29520 112520 30960 0 2
111080 48000 112520 49440 0 2
111080 59760 112520 61200 0 2
111080 63120 112520 64560 0 2
111080 74880 112520 76320 0 2
111080 86640 112520 88080 0 2
111080 98400 112520 99840 0 2
111940 17760 113380 19200 0 2
111940 21960 113380 23400 0 2
111940 30360 113380 31800 0 2
111940 36240 113380 37680 0 2
111940 40440 113380 41880 0 2
111940 48840 113380 50280 0 2
111940 52200 113380 53640 0 2
111940 60600 113380 62040 0 2
111940 62280 113380 63720 0 2
111940 70680 113380 72120 0 2
111940 74040 113380 75480 0 2
111940 82440 113380 83880 0 2
111940 85800 113380 87240 0 2
111940 94200 113380 95640 0 2
111940 97560 113380 99000 0 2
111940 105960 113380 107400 0 2
111940 110160 113380 111600 0 2
112800 29520 114240 30960 0 2
112800 48000 114240 49440 0 2
112800 59760 114240 61200 0 2
112800 63120 114240 64560 0 2
112800 74880 114240 76320 0 2
112800 86640 114240 88080 0 2
112800 98400 114240 99840 0 2
113660 17760 115100 19200 0 2
113660 21960 115100 23400 0 2
113660 30360 115100 31800 0 2
113660 36240 115100 37680 0 2
113660 40440 115100 41880 0 2
113660 48840 115100 50280 0 2
113660 52200 115100 53640 0 2
113660 60600 115100 62040 0 2
113660 62280 115100 63720 0 2
113660 70680 115100 72120 0 2
113660 74040 115100 75480 0 2
113660 82440 115100 83880 0 2
113660 85800 115100 87240 0 2
113660 94200 115100 95640 0 2
113660 97560 115100 99000 0 2
113660 105960 115100 107400 0 2
113660 110160 115100 111600 0 2
114520 29520 115960 30960 0 2
114520 48000 115960 49440 0 2
114520 59760 115960 61200 0 2
114520 63120 115960 64560 0 2
114520 74880 115960 76320 0 2
114520 86640 115960 88080 0 2
114520 98400 115960 99840 0 2
115380 17760 116820 19200 0 2
115380 21960 116820 23400 0 2
115380 30360 116820 31800 0 2
115380 36240 116820 37680 0 2
115380 40440 116820 41880 0 2
115380 48840 116820 50280 0 2
115380 52200 116820 53640 0 2
115380 60600 116820 62040 0 2
115380 62280 116820 63720 0 2
115380 70680 116820 72120 0 2
115380 74040 116820 75480 0 2
115380 82440 116820 83880 0 2
115380 85800 116820 87240 0 2
115380 94200 116820 95640 0 2
115380 97560 116820 99000 0 2
115380 105960 116820 107400 0 2
115380 110160 116820 111600 0 2
116240 29520 117680 30960 0 2
116240 48000 117680 49440 0 2
116240 59760 117680 61200 0 2
116240 63120 117680 64560 0 2
116240 74880 117680 76320 0 2
116240 86640 117680 88080 0 2
116240 98400 117680 99840 0 2
117100 17760 118540 19200 0 2
117100 21960 118540 23400 0 2
117100 30360 118540 31800 0 2
117100 36240 118540 37680 0 2
117100 40440 118540 41880 0 2
117100 48840 118540 50280 0 2
117100 52200 118540 53640 0 2
117100 60600 118540 62040 0 2
117100 62280 118540 63720 0 2
117100 70680 118540 72120 0 2
117100 74040 118540 75480 0 2
117100 82440 118540 83880 0 2
117100 85800 118540 87240 0 2
117100 94200 118540 95640 0 2
117100 97560 118540 99000 0 2
117100 105960 118540 107400 0 2
117100 110160 118540 111600 0 2
117960 29520 119400 30960 0 2
117960 48000 119400 49440 0 2
117960 59760 119400 61200 0 2
117960 63120 119400 64560 0 2
117960 74880 119400 76320 0 2
117960 86640 119400 88080 0 2
117960 98400 119400 99840 0 2
118820 17760 120260 19200 0 2
118820 21960 120260 23400 0 2
118820 30360 120260 31800 0 2
118820 36240 120260 37680 0 2
118820 40440 120260 41880 0 2
118820 48840 120260 50280 0 2
118820 52200 120260 53640 0 2
118820 60600 120260 62040 0 2
118820 62280 120260 63720 0 2
118820 70680 120260 72120 0 2
118820 74040 120260 75480 0 2
118820 82440 120260 83880 0 2
118820 85800 120260 87240 0 2
118820 94200 120260 95640 0 2
118820 97560 120260 99000 0 2
118820 105960 120260 107400 0 2
118820 110160 120260 111600 0 2
119680 29520 121120 30960 0 2
119680 48000 121120 49440 0 2
119680 59760 121120 61200 0 2
119680 63120 121120 64560 0 2
119680 74880 121120 76320 0 2
119680 86640 121120 88080 0 2
119680 98400 121120 99840 0 2
120540 17760 121980 19200 0 2
120540 21960 121980 23400 0 2
120540 30360 121980 31800 0 2
120540 62280 121980 63720 0 2
120540 70680 121980 72120 0 2
120540 74040 121980 75480 0 2
120540 82440 121980 83880 0 2
120540 85800 121980 87240 0 2
120540 94200 121980 95640 0 2
120540 97560 121980 99000 0 2
120540 105960 121980 107400 0 2
120540 110160 121980 111600 0 2
121400 29520 122840 30960 0 2
121400 63120 122840 64560 0 2
121400 74880 122840 76320 0 2
121400 86640 122840 88080 0 2
121400 98400 122840 99840 0 2
122260 17760 123700 19200 0 2
122260 21960 123700 23400 0 2
122260 30360 123700 31800 0 2
122260 62280 123700 63720 0 2
122260 70680 123700 72120 0 2
122260 74040 123700 75480 0 2
122260 82440 123700 83880 0 2
122260 85800 123700 87240 0 2
122260 94200 123700 95640 0 2
122260 97560 123700 99000 0 2
122260 105960 123700 107400 0 2
122260 110160 123700 111600 0 2
123120 29520 124560 30960 0 2
123120 63120 124560 64560 0 2
123120 74880 124560 76320 0 2
123120 86640 124560 88080 0 2
123120 98400 124560 99840 0 2
123980 17760 125420 19200 0 2
123980 21960 125420 23400 0 2
123980 30360 125420 31800 0 2
123980 62280 125420 63720 0 2
123980 70680 125420 72120 0 2
123980 74040 125420 75480 0 2
123980 82440 125420 83880 0 2
123980 85800 125420 87240 0 2
123980 94200 125420 95640 0 2
123980 97560 125420 99000 0 2
123980 105960 125420 107400 0 2
123980 110160 125420 111600 0 2
124840 29520 126280 30960 0 2
124840 63120 126280 64560 0 2
124840 74880 126280 76320 0 2
124840 86640 126280 88080 0 2
124840 98400 126280 99840 0 2
125700 17760 127140 19200 0 2
125700 21960 127140 23400 0 2
125700 30360 127140 31800 0 2
125700 62280 127140 63720 0 2
125700 70680 127140 72120 0 2
125700 74040 127140 75480 0 2
125700 82440 127140 83880 0 2
125700 85800 127140 87240 0 2
125700 94200 127140 95640 0 2
125700 97560 127140 99000 0 2
125700 105960 127140 107400 0 2
125700 110160 127140 111600 0 2
126560 29520 128000 30960 0 2
126560 32880 128000 34320 0 2
126560 44640 128000 46080 0 2
126560 63120 128000 64560 0 2
126560 74880 128000 76320 0 2
126560 86640 128000 88080 0 2
126560 98400 128000 99840 0 2
127420 17760 128860 19200 0 2
127420 21960 128860 23400 0 2
127420 30360 128860 31800 0 2
127420 32040 128860 33480 0 2
127420 40440 128860 41880 0 2
127420 43800 128860 45240 0 2
127420 52200 128860 53640 0 2
127420 56400 128860 57840 0 2
127420 62280 128860 63720 0 2
127420 70680 128860 72120 0 2
127420 74040 128860 75480 0 2
127420 82440 128860 83880 0 2
127420 85800 128860 87240 0 2
127420 94200 128860 95640 0 2
127420 97560 128860 99000 0 2
127420 105960 128860 107400 0 2
127420 110160 128860 111600 0 2
128280 29520 129720 30960 0 2
128280 32880 129720 34320 0 2
128280 44640 129720 46080 0 2
128280 63120 129720 64560 0 2
128280 74880 129720 76320 0 2
128280 86640 129720 88080 0 2
128280 98400 129720 99840 0 2
129140 17760 130580 19200 0 2
129140 21960 130580 23400 0 2
129140 30360 130580 31800 0 2
129140 32040 130580 33480 0 2
129140 40440 130580 41880 0 2
129140 43800 130580 45240 0 2
129140 52200 130580 53640 0 2
129140 56400 130580 57840 0 2
129140 62280 130580 63720 0 2
129140 70680 130580 72120 0 2
129140 74040 130580 75480 0 2
129140 82440 130580 83880 0 2
129140 85800 130580 87240 0 2
129140 94200 130580 95640 0 2
129140 97560 130580 99000 0 2
129140 105960 130580 107400 0 2
129140 110160 130580 111600 0 2
130000 29520 131440 30960 0 2
130000 32880 131440 34320 0 2
130000 44640 131440 46080 0 2
130000 63120 131440 64560 0 2
130000 74880 131440 76320 0 2
130000 86640 131440 88080 0 2
130000 98400 131440 99840 0 2
130860 17760 132300 19200 0 2
130860 21960 132300 23400 0 2
130860 30360 132300 31800 0 2
130860 32040 132300 33480 0 2
130860 40440 132300 41880 0 2
130860 43800 132300 45240 0 2
130860 52200 132300 53640 0 2
130860 56400 132300 57840 0 2
130860 62280 132300 63720 0 2
130860 70680 132300 72120 0 2
130860 74040 132300 75480 0 2
130860 82440 132300 83880 0 2
130860 85800 132300 87240 0 2
130860 94200 132300 95640 0 2
130860 97560 132300 99000 0 2
130860 105960 132300 107400 0 2
130860 110160 132300 111600 0 2
131720 29520 133160 30960 0 2
131720 32880 133160 34320 0 2
131720 44640 133160 46080 0 2
131720 63120 133160 64560 0 2
131720 74880 133160 76320 0 2
131720 86640 133160 88080 0 2
131720 98400 133160 99840 0 2
2800 32960 4080 34240 1 2
2800 44720 4080 46000 1 2
2800 56480 4080 57760 1 2
3660 30440 4940 31720 1 2
3660 32120 4940 33400 1 2
3660 40520 4940 41800 1 2
3660 41360 4940 42640 1 2
3660 43880 4940 45160 1 2
3660 52280 4940 53560 1 2
27740 36320 29020 37600 1 2
27740 48080 29020 49360 1 2
27740 59840 29020 61120 1 2
28600 40520 29880 41800 1 2
28600 41360 29880 42640 1 2
28600 52280 29880 53560 1 2
29460 48920 30740 50200 1 2
29460 60680 30740 61960 1 2
32900 62360 34180 63640 1 2
32900 70760 34180 72040 1 2
32900 74120 34180 75400 1 2
32900 82520 34180 83800 1 2
32900 85880 34180 87160 1 2
32900 94280 34180 95560 1 2
32900 97640 34180 98920 1 2
32900 106040 34180 107320 1 2
33760 63200 35040 64480 1 2
33760 74960 35040 76240 1 2
33760 86720 35040 88000 1 2
33760 98480 35040 99760 1 2
33760 110240 35040 111520 1 2
50960 28760 52240 30040 1 2
50960 29600 52240 30880 1 2
55260 1040 56540 2320 1 2
55260 12800 56540 14080 1 2
55260 24560 56540 25840 1 2
55260 36320 56540 37600 1 2
55260 48080 56540 49360 1 2
55260 59840 56540 61120 1 2
56120 200 57400 1480 1 2
56120 8600 57400 9880 1 2
56120 11960 57400 13240 1 2
56120 20360 57400 21640 1 2
56120 23720 57400 25000 1 2
56120 29600 57400 30880 1 2
56120 32120 57400 33400 1 2
56120 35480 57400 36760 1 2
56120 43880 57400 45160 1 2
56120 47240 57400 48520 1 2
56120 55640 57400 56920 1 2
75900 200 77180 1480 1 2
75900 11960 77180 13240 1 2
75900 23720 77180 25000 1 2
75900 28760 77180 30040 1 2
75900 35480 77180 36760 1 2
75900 47240 77180 48520 1 2
76760 8600 78040 9880 1 2
76760 20360 78040 21640 1 2
76760 29600 78040 30880 1 2
76760 32120 78040 33400 1 2
76760 43880 78040 45160 1 2
76760 55640 78040 56920 1 2
77620 1040 78900 2320 1 2
77620 12800 78900 14080 1 2
77620 24560 78900 25840 1 2
77620 36320 78900 37600 1 2
77620 48080 78900 49360 1 2
77620 59840 78900 61120 1 2
99120 63200 100400 64480 1 2
99120 74960 100400 76240 1 2
99120 86720 100400 88000 1 2
99120 98480 100400 99760 1 2
99120 110240 100400 111520 1 2
99980 70760 101260 72040 1 2
99980 82520 101260 83800 1 2
99980 94280 101260 95560 1 2
99980 106040 101260 107320 1 2
100840 62360 102120 63640 1 2
100840 74120 102120 75400 1 2
100840 85880 102120 87160 1 2
100840 97640 102120 98920 1 2
103420 48920 104700 50200 1 2
103420 60680 104700 61960 1 2
104280 30440 105560 31720 1 2
104280 40520 105560 41800 1 2
104280 52280 105560 53560 1 2
105140 36320 106420 37600 1 2
105140 48080 106420 49360 1 2
105140 59840 106420 61120 1 2
129220 30440 130500 31720 1 2
129220 32120 130500 33400 1 2
129220 40520 130500 41800 1 2
129220 43880 130500 45160 1 2
129220 52280 130500 53560 1 2
130080 32960 131360 34240 1 2
130080 44720 131360 46000 1 2
130080 56480 131360 57760 1 2
29300 62200 30900 63800 2 2
32740 62200 34340 63800 2 2
32740 74800 34340 76400 2 2
99820 74800 101420 76400 2 2
100680 62200 102280 63800 2 2
103260 62200 104860 63800 2 2
