780 33320 7820 33880 1 2
780 33320 7820 33880 2 2
760 33320 7840 33880 0 2
760 33320 7840 33880 1 2
780 45080 7820 45640 1 2
780 45080 7820 45640 2 2
760 45080 7840 45640 0 2
760 45080 7840 45640 1 2
1470 23740 1970 31700 0 2
1470 23740 1970 31700 1 2
1470 32140 1970 40100 0 2
1470 32140 1970 40100 1 2
1470 43900 1970 51860 0 2
1470 43900 1970 51860 1 2
1640 18200 44800 18760 1 2
1640 18200 44800 18760 2 2
1620 18200 44820 18760 0 2
1620 18200 44820 18760 1 2
1640 22400 44800 22960 1 2
1640 22400 44800 22960 2 2
1620 22400 44820 22960 0 2
1620 22400 44820 22960 1 2
1640 30800 44800 31360 1 2
1640 30800 44800 31360 2 2
1620 30800 44820 31360 0 2
1620 30800 44820 31360 1 2
1640 32480 6960 33040 1 2
1640 32480 6960 33040 2 2
1620 32480 6980 33040 0 2
1620 32480 6980 33040 1 2
1640 40880 6960 41440 1 2
1640 40880 6960 41440 2 2
1620 40880 6980 41440 0 2
1620 40880 6980 41440 1 2
1640 44240 6960 44800 1 2
1640 44240 6960 44800 2 2
1620 44240 6980 44800 0 2
1620 44240 6980 44800 1 2
2330 17020 2830 19940 0 2
2330 17020 2830 19940 1 2
2330 21220 2830 24140 0 2
2330 21220 2830 24140 1 2
2330 23740 2830 31700 0 2
2330 23740 2830 31700 1 2
2330 32140 2830 40100 0 2
2330 32140 2830 40100 1 2
2330 39700 2830 42620 0 2
2330 39700 2830 42620 1 2
2330 43900 2830 51860 0 2
2330 43900 2830 51860 1 2
3160 32630 3720 58090 2 2
3160 32630 3720 58090 3 2
3160 32680 3720 58040 1 2
3160 32680 3720 58040 2 2
3190 23740 3690 31700 0 2
3190 23740 3690 31700 1 2
3190 32140 3690 40100 0 2
3190 32140 3690 40100 1 2
3190 43900 3690 51860 0 2
3190 43900 3690 51860 1 2
3380 30800 5220 31360 1 2
3380 30800 5220 31360 2 2
3360 30800 5240 31360 0 2
3360 30800 5240 31360 1 2
3380 41720 5220 42280 1 2
3380 41720 5220 42280 2 2
3360 41720 5240 42280 0 2
3360 41720 5240 42280 1 2
4020 30110 4580 32050 2 2
4020 30110 4580 32050 3 2
4020 30160 4580 32000 1 2
4020 30160 4580 32000 2 2
4020 30430 4580 33410 2 2
4020 30430 4580 33410 3 2
4020 30480 4580 33360 1 2
4020 30480 4580 33360 2 2
4020 31790 4580 53890 2 2
4020 31790 4580 53890 3 2
4020 31840 4580 53840 1 2
4020 31840 4580 53840 2 2
4020 40980 4580 43020 2 2
4020 40980 4580 43020 3 2
4020 41030 4580 42970 1 2
4020 41030 4580 42970 2 2
4020 41030 4580 42970 2 2
4020 41030 4580 42970 3 2
4020 41080 4580 42920 1 2
4020 41080 4580 42920 2 2
4050 17020 4550 19940 0 2
4050 17020 4550 19940 1 2
4050 21220 4550 24140 0 2
4050 21220 4550 24140 1 2
4050 23740 4550 31700 0 2
4050 23740 4550 31700 1 2
4050 32140 4550 40100 0 2
4050 32140 4550 40100 1 2
4050 39700 4550 42620 0 2
4050 39700 4550 42620 1 2
4050 43900 4550 51860 0 2
4050 43900 4550 51860 1 2
3700 41720 29840 42280 1 2
3700 41720 29840 42280 2 2
3680 41720 29860 42280 0 2
3680 41720 29860 42280 1 2
4910 23740 5410 31700 0 2
4910 23740 5410 31700 1 2
4910 32140 5410 40100 0 2
4910 32140 5410 40100 1 2
4910 43900 5410 51860 0 2
4910 43900 5410 51860 1 2
5770 17020 6270 19940 0 2
5770 17020 6270 19940 1 2
5770 21220 6270 24140 0 2
5770 21220 6270 24140 1 2
5770 23740 6270 31700 0 2
5770 23740 6270 31700 1 2
5770 32140 6270 40100 0 2
5770 32140 6270 40100 1 2
5770 39700 6270 42620 0 2
5770 39700 6270 42620 1 2
5770 43900 6270 51860 0 2
5770 43900 6270 51860 1 2
6630 23740 7130 31700 0 2
6630 23740 7130 31700 1 2
6630 32140 7130 40100 0 2
6630 32140 7130 40100 1 2
6630 43900 7130 51860 0 2
6630 43900 7130 51860 1 2
7490 17020 7990 19940 0 2
7490 17020 7990 19940 1 2
7490 21220 7990 24140 0 2
7490 21220 7990 24140 1 2
7490 23740 7990 31700 0 2
7490 23740 7990 31700 1 2
8350 23740 8850 31700 0 2
8350 23740 8850 31700 1 2
9210 17020 9710 19940 0 2
9210 17020 9710 19940 1 2
9210 21220 9710 24140 0 2
9210 21220 9710 24140 1 2
9210 23740 9710 31700 0 2
9210 23740 9710 31700 1 2
10070 23740 10570 31700 0 2
10070 23740 10570 31700 1 2
10930 17020 11430 19940 0 2
10930 17020 11430 19940 1 2
10930 21220 11430 24140 0 2
10930 21220 11430 24140 1 2
10930 23740 11430 31700 0 2
10930 23740 11430 31700 1 2
11790 23740 12290 31700 0 2
11790 23740 12290 31700 1 2
12650 17020 13150 19940 0 2
12650 17020 13150 19940 1 2
12650 21220 13150 24140 0 2
12650 21220 13150 24140 1 2
12650 23740 13150 31700 0 2
12650 23740 13150 31700 1 2
12820 48440 45660 49000 1 2
12820 48440 45660 49000 2 2
12800 48440 45680 49000 0 2
12800 48440 45680 49000 1 2
13510 23740 14010 31700 0 2
13510 23740 14010 31700 1 2
13510 42220 14010 50180 0 2
13510 42220 14010 50180 1 2
13680 36680 44800 37240 1 2
13680 36680 44800 37240 2 2
13660 36680 44820 37240 0 2
13660 36680 44820 37240 1 2
13680 40880 44800 41440 1 2
13680 40880 44800 41440 2 2
13660 40880 44820 41440 0 2
13660 40880 44820 41440 1 2
13680 49280 44800 49840 1 2
13680 49280 44800 49840 2 2
13660 49280 44820 49840 0 2
13660 49280 44820 49840 1 2
14370 17020 14870 19940 0 2
14370 17020 14870 19940 1 2
14370 21220 14870 24140 0 2
14370 21220 14870 24140 1 2
14370 23740 14870 31700 0 2
14370 23740 14870 31700 1 2
14370 35500 14870 38420 0 2
14370 35500 14870 38420 1 2
14370 39700 14870 42620 0 2
14370 39700 14870 42620 1 2
14370 42220 14870 50180 0 2
14370 42220 14870 50180 1 2
15230 23740 15730 31700 0 2
15230 23740 15730 31700 1 2
15230 42220 15730 50180 0 2
15230 42220 15730 50180 1 2
16090 17020 16590 19940 0 2
16090 17020 16590 19940 1 2
16090 21220 16590 24140 0 2
16090 21220 16590 24140 1 2
16090 23740 16590 31700 0 2
16090 23740 16590 31700 1 2
16090 35500 16590 38420 0 2
16090 35500 16590 38420 1 2
16090 39700 16590 42620 0 2
16090 39700 16590 42620 1 2
16090 42220 16590 50180 0 2
16090 42220 16590 50180 1 2
16950 23740 17450 31700 0 2
16950 23740 17450 31700 1 2
16950 42220 17450 50180 0 2
16950 42220 17450 50180 1 2
17810 17020 18310 19940 0 2
17810 17020 18310 19940 1 2
17810 21220 18310 24140 0 2
17810 21220 18310 24140 1 2
17810 23740 18310 31700 0 2
17810 23740 18310 31700 1 2
17810 35500 18310 38420 0 2
17810 35500 18310 38420 1 2
17810 39700 18310 42620 0 2
17810 39700 18310 42620 1 2
17810 42220 18310 50180 0 2
17810 42220 18310 50180 1 2
18670 23740 19170 31700 0 2
18670 23740 19170 31700 1 2
18670 42220 19170 50180 0 2
18670 42220 19170 50180 1 2
19530 17020 20030 19940 0 2
19530 17020 20030 19940 1 2
19530 21220 20030 24140 0 2
19530 21220 20030 24140 1 2
19530 23740 20030 31700 0 2
19530 23740 20030 31700 1 2
19530 35500 20030 38420 0 2
19530 35500 20030 38420 1 2
19530 39700 20030 42620 0 2
19530 39700 20030 42620 1 2
19530 42220 20030 50180 0 2
19530 42220 20030 50180 1 2
20390 23740 20890 31700 0 2
20390 23740 20890 31700 1 2
20390 42220 20890 50180 0 2
20390 42220 20890 50180 1 2
21250 17020 21750 19940 0 2
21250 17020 21750 19940 1 2
21250 21220 21750 24140 0 2
21250 21220 21750 24140 1 2
21250 23740 21750 31700 0 2
21250 23740 21750 31700 1 2
21250 35500 21750 38420 0 2
21250 35500 21750 38420 1 2
21250 39700 21750 42620 0 2
21250 39700 21750 42620 1 2
21250 42220 21750 50180 0 2
21250 42220 21750 50180 1 2
22110 23740 22610 31700 0 2
22110 23740 22610 31700 1 2
22110 42220 22610 50180 0 2
22110 42220 22610 50180 1 2
22970 17020 23470 19940 0 2
22970 17020 23470 19940 1 2
22970 21220 23470 24140 0 2
22970 21220 23470 24140 1 2
22970 23740 23470 31700 0 2
22970 23740 23470 31700 1 2
22970 35500 23470 38420 0 2
22970 35500 23470 38420 1 2
22970 39700 23470 42620 0 2
22970 39700 23470 42620 1 2
22970 42220 23470 50180 0 2
22970 42220 23470 50180 1 2
23830 23740 24330 31700 0 2
23830 23740 24330 31700 1 2
23830 42220 24330 50180 0 2
23830 42220 24330 50180 1 2
24690 17020 25190 19940 0 2
24690 17020 25190 19940 1 2
24690 21220 25190 24140 0 2
24690 21220 25190 24140 1 2
24690 23740 25190 31700 0 2
24690 23740 25190 31700 1 2
24690 35500 25190 38420 0 2
24690 35500 25190 38420 1 2
24690 39700 25190 42620 0 2
24690 39700 25190 42620 1 2
24690 42220 25190 50180 0 2
24690 42220 25190 50180 1 2
25550 23740 26050 31700 0 2
25550 23740 26050 31700 1 2
25550 42220 26050 50180 0 2
25550 42220 26050 50180 1 2
26410 17020 26910 19940 0 2
26410 17020 26910 19940 1 2
26410 21220 26910 24140 0 2
26410 21220 26910 24140 1 2
26410 23740 26910 31700 0 2
26410 23740 26910 31700 1 2
26410 35500 26910 38420 0 2
26410 35500 26910 38420 1 2
26410 39700 26910 42620 0 2
26410 39700 26910 42620 1 2
26410 42220 26910 50180 0 2
26410 42220 26910 50180 1 2
27270 23740 27770 31700 0 2
27270 23740 27770 31700 1 2
27270 42220 27770 50180 0 2
27270 42220 27770 50180 1 2
28100 35990 28660 61450 2 2
28100 35990 28660 61450 3 2
28100 36040 28660 61400 1 2
28100 36040 28660 61400 2 2
28130 17020 28630 19940 0 2
28130 17020 28630 19940 1 2
28130 21220 28630 24140 0 2
28130 21220 28630 24140 1 2
28130 23740 28630 31700 0 2
28130 23740 28630 31700 1 2
28130 35500 28630 38420 0 2
28130 35500 28630 38420 1 2
28130 39700 28630 42620 0 2
28130 39700 28630 42620 1 2
28130 42220 28630 50180 0 2
28130 42220 28630 50180 1 2
28320 41720 30160 42280 1 2
28320 41720 30160 42280 2 2
28300 41720 30180 42280 0 2
28300 41720 30180 42280 1 2
28960 40190 29520 53890 2 2
28960 40190 29520 53890 3 2
28960 40240 29520 53840 1 2
28960 40240 29520 53840 2 2
28960 40980 29520 43020 2 2
28960 40980 29520 43020 3 2
28960 41030 29520 42970 1 2
28960 41030 29520 42970 2 2
28960 41030 29520 42970 2 2
28960 41030 29520 42970 3 2
28960 41080 29520 42920 1 2
28960 41080 29520 42920 2 2
28990 23740 29490 31700 0 2
28990 23740 29490 31700 1 2
28990 42220 29490 50180 0 2
28990 42220 29490 50180 1 2
29820 48590 30380 62290 2 2
29820 48590 30380 62290 3 2
29820 48640 30380 62240 1 2
29820 48640 30380 62240 2 2
29850 17020 30350 19940 0 2
29850 17020 30350 19940 1 2
29850 21220 30350 24140 0 2
29850 21220 30350 24140 1 2
29850 23740 30350 31700 0 2
29850 23740 30350 31700 1 2
29850 35500 30350 38420 0 2
29850 35500 30350 38420 1 2
29850 39700 30350 42620 0 2
29850 39700 30350 42620 1 2
29850 42220 30350 50180 0 2
29850 42220 30350 50180 1 2
30710 23740 31210 31700 0 2
30710 23740 31210 31700 1 2
30710 42220 31210 50180 0 2
30710 42220 31210 50180 1 2
31570 17020 32070 19940 0 2
31570 17020 32070 19940 1 2
31570 21220 32070 24140 0 2
31570 21220 32070 24140 1 2
31570 23740 32070 31700 0 2
31570 23740 32070 31700 1 2
31570 35500 32070 38420 0 2
31570 35500 32070 38420 1 2
31570 39700 32070 42620 0 2
31570 39700 32070 42620 1 2
31570 42220 32070 50180 0 2
31570 42220 32070 50180 1 2
32430 23740 32930 31700 0 2
32430 23740 32930 31700 1 2
32430 42220 32930 50180 0 2
32430 42220 32930 50180 1 2
33290 17020 33790 19940 0 2
33290 17020 33790 19940 1 2
33290 21220 33790 24140 0 2
33290 21220 33790 24140 1 2
33290 23740 33790 31700 0 2
33290 23740 33790 31700 1 2
33290 35500 33790 38420 0 2
33290 35500 33790 38420 1 2
33290 39700 33790 42620 0 2
33290 39700 33790 42620 1 2
33290 42220 33790 50180 0 2
33290 42220 33790 50180 1 2
34150 23740 34650 31700 0 2
34150 23740 34650 31700 1 2
34150 42220 34650 50180 0 2
34150 42220 34650 50180 1 2
35010 17020 35510 19940 0 2
35010 17020 35510 19940 1 2
35010 21220 35510 24140 0 2
35010 21220 35510 24140 1 2
35010 23740 35510 31700 0 2
35010 23740 35510 31700 1 2
35010 35500 35510 38420 0 2
35010 35500 35510 38420 1 2
35010 39700 35510 42620 0 2
35010 39700 35510 42620 1 2
35010 42220 35510 50180 0 2
35010 42220 35510 50180 1 2
35870 23740 36370 31700 0 2
35870 23740 36370 31700 1 2
35870 42220 36370 50180 0 2
35870 42220 36370 50180 1 2
36730 17020 37230 19940 0 2
36730 17020 37230 19940 1 2
36730 21220 37230 24140 0 2
36730 21220 37230 24140 1 2
36730 23740 37230 31700 0 2
36730 23740 37230 31700 1 2
36730 35500 37230 38420 0 2
36730 35500 37230 38420 1 2
36730 39700 37230 42620 0 2
36730 39700 37230 42620 1 2
36730 42220 37230 50180 0 2
36730 42220 37230 50180 1 2
37590 23740 38090 31700 0 2
37590 23740 38090 31700 1 2
37590 42220 38090 50180 0 2
37590 42220 38090 50180 1 2
38450 17020 38950 19940 0 2
38450 17020 38950 19940 1 2
38450 21220 38950 24140 0 2
38450 21220 38950 24140 1 2
38450 23740 38950 31700 0 2
38450 23740 38950 31700 1 2
38450 35500 38950 38420 0 2
38450 35500 38950 38420 1 2
38450 39700 38950 42620 0 2
38450 39700 38950 42620 1 2
38450 42220 38950 50180 0 2
38450 42220 38950 50180 1 2
39310 23740 39810 31700 0 2
39310 23740 39810 31700 1 2
39310 42220 39810 50180 0 2
39310 42220 39810 50180 1 2
40170 17020 40670 19940 0 2
40170 17020 40670 19940 1 2
40170 21220 40670 24140 0 2
40170 21220 40670 24140 1 2
40170 23740 40670 31700 0 2
40170 23740 40670 31700 1 2
40170 35500 40670 38420 0 2
40170 35500 40670 38420 1 2
40170 39700 40670 42620 0 2
40170 39700 40670 42620 1 2
40170 42220 40670 50180 0 2
40170 42220 40670 50180 1 2
41030 23740 41530 31700 0 2
41030 23740 41530 31700 1 2
41030 42220 41530 50180 0 2
41030 42220 41530 50180 1 2
41890 17020 42390 19940 0 2
41890 17020 42390 19940 1 2
41890 21220 42390 24140 0 2
41890 21220 42390 24140 1 2
41890 23740 42390 31700 0 2
41890 23740 42390 31700 1 2
41890 35500 42390 38420 0 2
41890 35500 42390 38420 1 2
41890 39700 42390 42620 0 2
41890 39700 42390 42620 1 2
41890 42220 42390 50180 0 2
41890 42220 42390 50180 1 2
42750 23740 43250 31700 0 2
42750 23740 43250 31700 1 2
42750 42220 43250 50180 0 2
42750 42220 43250 50180 1 2
43610 17020 44110 19940 0 2
43610 17020 44110 19940 1 2
43610 21220 44110 24140 0 2
43610 21220 44110 24140 1 2
43610 23740 44110 31700 0 2
43610 23740 44110 31700 1 2
43610 35500 44110 38420 0 2
43610 35500 44110 38420 1 2
43610 39700 44110 42620 0 2
43610 39700 44110 42620 1 2
43610 42220 44110 50180 0 2
43610 42220 44110 50180 1 2
44470 23740 44970 31700 0 2
44470 23740 44970 31700 1 2
44470 42220 44970 50180 0 2
44470 42220 44970 50180 1 2
47220 1400 66300 1960 1 2
47220 1400 66300 1960 2 2
47200 1400 66320 1960 0 2
47200 1400 66320 1960 1 2
47220 13160 66300 13720 1 2
47220 13160 66300 13720 2 2
47200 13160 66320 13720 0 2
47200 13160 66320 13720 1 2
47220 24920 66300 25480 1 2
47220 24920 66300 25480 2 2
47200 24920 66320 25480 0 2
47200 24920 66320 25480 1 2
47220 36680 66300 37240 1 2
47220 36680 66300 37240 2 2
47200 36680 66320 37240 0 2
47200 36680 66320 37240 1 2
47220 48440 66300 49000 1 2
47220 48440 66300 49000 2 2
47200 48440 66320 49000 0 2
47200 48440 66320 49000 1 2
47910 220 48410 8180 0 2
47910 220 48410 8180 1 2
47910 11980 48410 19940 0 2
47910 11980 48410 19940 1 2
47910 23740 48410 31700 0 2
47910 23740 48410 31700 1 2
47910 35500 48410 43460 0 2
47910 35500 48410 43460 1 2
47910 47260 48410 55220 0 2
47910 47260 48410 55220 1 2
48080 560 65440 1120 1 2
48080 560 65440 1120 2 2
48060 560 65460 1120 0 2
48060 560 65460 1120 1 2
48080 8960 65440 9520 1 2
48080 8960 65440 9520 2 2
48060 8960 65460 9520 0 2
48060 8960 65460 9520 1 2
48080 12320 65440 12880 1 2
48080 12320 65440 12880 2 2
48060 12320 65460 12880 0 2
48060 12320 65460 12880 1 2
48080 20720 65440 21280 1 2
48080 20720 65440 21280 2 2
48060 20720 65460 21280 0 2
48060 20720 65460 21280 1 2
48080 24080 65440 24640 1 2
48080 24080 65440 24640 2 2
48060 24080 65460 24640 0 2
48060 24080 65460 24640 1 2
48080 32480 65440 33040 1 2
48080 32480 65440 33040 2 2
48060 32480 65460 33040 0 2
48060 32480 65460 33040 1 2
48080 35840 65440 36400 1 2
48080 35840 65440 36400 2 2
48060 35840 65460 36400 0 2
48060 35840 65460 36400 1 2
48080 44240 65440 44800 1 2
48080 44240 65440 44800 2 2
48060 44240 65460 44800 0 2
48060 44240 65460 44800 1 2
48080 47600 65440 48160 1 2
48080 47600 65440 48160 2 2
48060 47600 65460 48160 0 2
48060 47600 65460 48160 1 2
48770 220 49270 8180 0 2
48770 220 49270 8180 1 2
48770 7780 49270 10700 0 2
48770 7780 49270 10700 1 2
48770 11980 49270 19940 0 2
48770 11980 49270 19940 1 2
48770 19540 49270 22460 0 2
48770 19540 49270 22460 1 2
48770 23740 49270 31700 0 2
48770 23740 49270 31700 1 2
48770 31300 49270 34220 0 2
48770 31300 49270 34220 1 2
48770 35500 49270 43460 0 2
48770 35500 49270 43460 1 2
48770 43060 49270 45980 0 2
48770 43060 49270 45980 1 2
48770 47260 49270 55220 0 2
48770 47260 49270 55220 1 2
49630 220 50130 8180 0 2
49630 220 50130 8180 1 2
49630 11980 50130 19940 0 2
49630 11980 50130 19940 1 2
49630 23740 50130 31700 0 2
49630 23740 50130 31700 1 2
49630 35500 50130 43460 0 2
49630 35500 50130 43460 1 2
49630 47260 50130 55220 0 2
49630 47260 50130 55220 1 2
50490 220 50990 8180 0 2
50490 220 50990 8180 1 2
50490 7780 50990 10700 0 2
50490 7780 50990 10700 1 2
50490 11980 50990 19940 0 2
50490 11980 50990 19940 1 2
50490 19540 50990 22460 0 2
50490 19540 50990 22460 1 2
50490 23740 50990 31700 0 2
50490 23740 50990 31700 1 2
50490 31300 50990 34220 0 2
50490 31300 50990 34220 1 2
50490 35500 50990 43460 0 2
50490 35500 50990 43460 1 2
50490 43060 50990 45980 0 2
50490 43060 50990 45980 1 2
50490 47260 50990 55220 0 2
50490 47260 50990 55220 1 2
51350 220 51850 8180 0 2
51350 220 51850 8180 1 2
51350 11980 51850 19940 0 2
51350 11980 51850 19940 1 2
51350 23740 51850 31700 0 2
51350 23740 51850 31700 1 2
51350 35500 51850 43460 0 2
51350 35500 51850 43460 1 2
51350 47260 51850 55220 0 2
51350 47260 51850 55220 1 2
52210 220 52710 8180 0 2
52210 220 52710 8180 1 2
52210 7780 52710 10700 0 2
52210 7780 52710 10700 1 2
52210 11980 52710 19940 0 2
52210 11980 52710 19940 1 2
52210 19540 52710 22460 0 2
52210 19540 52710 22460 1 2
52210 23740 52710 31700 0 2
52210 23740 52710 31700 1 2
52210 31300 52710 34220 0 2
52210 31300 52710 34220 1 2
52210 35500 52710 43460 0 2
52210 35500 52710 43460 1 2
52210 43060 52710 45980 0 2
52210 43060 52710 45980 1 2
52210 47260 52710 55220 0 2
52210 47260 52710 55220 1 2
53070 220 53570 8180 0 2
53070 220 53570 8180 1 2
53070 11980 53570 19940 0 2
53070 11980 53570 19940 1 2
53070 23740 53570 31700 0 2
53070 23740 53570 31700 1 2
53070 35500 53570 43460 0 2
53070 35500 53570 43460 1 2
53070 47260 53570 55220 0 2
53070 47260 53570 55220 1 2
53930 220 54430 8180 0 2
53930 220 54430 8180 1 2
53930 7780 54430 10700 0 2
53930 7780 54430 10700 1 2
53930 11980 54430 19940 0 2
53930 11980 54430 19940 1 2
53930 19540 54430 22460 0 2
53930 19540 54430 22460 1 2
53930 23740 54430 31700 0 2
53930 23740 54430 31700 1 2
53930 31300 54430 34220 0 2
53930 31300 54430 34220 1 2
53930 35500 54430 43460 0 2
53930 35500 54430 43460 1 2
53930 43060 54430 45980 0 2
53930 43060 54430 45980 1 2
53930 47260 54430 55220 0 2
53930 47260 54430 55220 1 2
54790 220 55290 8180 0 2
54790 220 55290 8180 1 2
54790 11980 55290 19940 0 2
54790 11980 55290 19940 1 2
54790 23740 55290 31700 0 2
54790 23740 55290 31700 1 2
54790 35500 55290 43460 0 2
54790 35500 55290 43460 1 2
54790 47260 55290 55220 0 2
54790 47260 55290 55220 1 2
55620 710 56180 61450 2 2
55620 710 56180 61450 3 2
55620 760 56180 61400 1 2
55620 760 56180 61400 2 2
55650 220 56150 8180 0 2
55650 220 56150 8180 1 2
55650 7780 56150 10700 0 2
55650 7780 56150 10700 1 2
55650 11980 56150 19940 0 2
55650 11980 56150 19940 1 2
55650 19540 56150 22460 0 2
55650 19540 56150 22460 1 2
55650 23740 56150 31700 0 2
55650 23740 56150 31700 1 2
55650 31300 56150 34220 0 2
55650 31300 56150 34220 1 2
55650 35500 56150 43460 0 2
55650 35500 56150 43460 1 2
55650 43060 56150 45980 0 2
55650 43060 56150 45980 1 2
55650 47260 56150 55220 0 2
55650 47260 56150 55220 1 2
55840 29960 57680 30520 1 2
55840 29960 57680 30520 2 2
55820 29960 57700 30520 0 2
55820 29960 57700 30520 1 2
56480 -130 57040 57250 2 2
56480 -130 57040 57250 3 2
56480 -80 57040 57200 1 2
56480 -80 57040 57200 2 2
56480 29220 57040 31260 2 2
56480 29220 57040 31260 3 2
56480 29270 57040 31210 1 2
56480 29270 57040 31210 2 2
56480 29270 57040 31210 2 2
56480 29270 57040 31210 3 2
56480 29320 57040 31160 1 2
56480 29320 57040 31160 2 2
56510 220 57010 8180 0 2
56510 220 57010 8180 1 2
56510 11980 57010 19940 0 2
56510 11980 57010 19940 1 2
56510 23740 57010 31700 0 2
56510 23740 57010 31700 1 2
56510 35500 57010 43460 0 2
56510 35500 57010 43460 1 2
56510 47260 57010 55220 0 2
56510 47260 57010 55220 1 2
56160 29960 78000 30520 1 2
56160 29960 78000 30520 2 2
56140 29960 78020 30520 0 2
56140 29960 78020 30520 1 2
57370 220 57870 8180 0 2
57370 220 57870 8180 1 2
57370 7780 57870 10700 0 2
57370 7780 57870 10700 1 2
57370 11980 57870 19940 0 2
57370 11980 57870 19940 1 2
57370 19540 57870 22460 0 2
57370 19540 57870 22460 1 2
57370 23740 57870 31700 0 2
57370 23740 57870 31700 1 2
57370 31300 57870 34220 0 2
57370 31300 57870 34220 1 2
57370 35500 57870 43460 0 2
57370 35500 57870 43460 1 2
57370 43060 57870 45980 0 2
57370 43060 57870 45980 1 2
57370 47260 57870 55220 0 2
57370 47260 57870 55220 1 2
58230 220 58730 8180 0 2
58230 220 58730 8180 1 2
58230 11980 58730 19940 0 2
58230 11980 58730 19940 1 2
58230 23740 58730 31700 0 2
58230 23740 58730 31700 1 2
58230 35500 58730 43460 0 2
58230 35500 58730 43460 1 2
58230 47260 58730 55220 0 2
58230 47260 58730 55220 1 2
59090 220 59590 8180 0 2
59090 220 59590 8180 1 2
59090 7780 59590 10700 0 2
59090 7780 59590 10700 1 2
59090 11980 59590 19940 0 2
59090 11980 59590 19940 1 2
59090 19540 59590 22460 0 2
59090 19540 59590 22460 1 2
59090 23740 59590 31700 0 2
59090 23740 59590 31700 1 2
59090 31300 59590 34220 0 2
59090 31300 59590 34220 1 2
59090 35500 59590 43460 0 2
59090 35500 59590 43460 1 2
59090 43060 59590 45980 0 2
59090 43060 59590 45980 1 2
59090 47260 59590 55220 0 2
59090 47260 59590 55220 1 2
59950 220 60450 8180 0 2
59950 220 60450 8180 1 2
59950 11980 60450 19940 0 2
59950 11980 60450 19940 1 2
59950 23740 60450 31700 0 2
59950 23740 60450 31700 1 2
59950 35500 60450 43460 0 2
59950 35500 60450 43460 1 2
59950 47260 60450 55220 0 2
59950 47260 60450 55220 1 2
60810 220 61310 8180 0 2
60810 220 61310 8180 1 2
60810 7780 61310 10700 0 2
60810 7780 61310 10700 1 2
60810 11980 61310 19940 0 2
60810 11980 61310 19940 1 2
60810 19540 61310 22460 0 2
60810 19540 61310 22460 1 2
60810 23740 61310 31700 0 2
60810 23740 61310 31700 1 2
60810 31300 61310 34220 0 2
60810 31300 61310 34220 1 2
60810 35500 61310 43460 0 2
60810 35500 61310 43460 1 2
60810 43060 61310 45980 0 2
60810 43060 61310 45980 1 2
60810 47260 61310 55220 0 2
60810 47260 61310 55220 1 2
61670 220 62170 8180 0 2
61670 220 62170 8180 1 2
61670 11980 62170 19940 0 2
61670 11980 62170 19940 1 2
61670 23740 62170 31700 0 2
61670 23740 62170 31700 1 2
61670 35500 62170 43460 0 2
61670 35500 62170 43460 1 2
61670 47260 62170 55220 0 2
61670 47260 62170 55220 1 2
62530 220 63030 8180 0 2
62530 220 63030 8180 1 2
62530 7780 63030 10700 0 2
62530 7780 63030 10700 1 2
62530 11980 63030 19940 0 2
62530 11980 63030 19940 1 2
62530 19540 63030 22460 0 2
62530 19540 63030 22460 1 2
62530 23740 63030 31700 0 2
62530 23740 63030 31700 1 2
62530 31300 63030 34220 0 2
62530 31300 63030 34220 1 2
62530 35500 63030 43460 0 2
62530 35500 63030 43460 1 2
62530 43060 63030 45980 0 2
62530 43060 63030 45980 1 2
62530 47260 63030 55220 0 2
62530 47260 63030 55220 1 2
63390 220 63890 8180 0 2
63390 220 63890 8180 1 2
63390 11980 63890 19940 0 2
63390 11980 63890 19940 1 2
63390 23740 63890 31700 0 2
63390 23740 63890 31700 1 2
63390 35500 63890 43460 0 2
63390 35500 63890 43460 1 2
63390 47260 63890 55220 0 2
63390 47260 63890 55220 1 2
64250 220 64750 8180 0 2
64250 220 64750 8180 1 2
64250 7780 64750 10700 0 2
64250 7780 64750 10700 1 2
64250 11980 64750 19940 0 2
64250 11980 64750 19940 1 2
64250 19540 64750 22460 0 2
64250 19540 64750 22460 1 2
64250 23740 64750 31700 0 2
64250 23740 64750 31700 1 2
64250 31300 64750 34220 0 2
64250 31300 64750 34220 1 2
64250 35500 64750 43460 0 2
64250 35500 64750 43460 1 2
64250 43060 64750 45980 0 2
64250 43060 64750 45980 1 2
64250 47260 64750 55220 0 2
64250 47260 64750 55220 1 2
65110 220 65610 8180 0 2
65110 220 65610 8180 1 2
65110 11980 65610 19940 0 2
65110 11980 65610 19940 1 2
65110 23740 65610 31700 0 2
65110 23740 65610 31700 1 2
65110 35500 65610 43460 0 2
65110 35500 65610 43460 1 2
65110 47260 65610 55220 0 2
65110 47260 65610 55220 1 2
67860 1400 86940 1960 1 2
67860 1400 86940 1960 2 2
67840 1400 86960 1960 0 2
67840 1400 86960 1960 1 2
67860 13160 86940 13720 1 2
67860 13160 86940 13720 2 2
67840 13160 86960 13720 0 2
67840 13160 86960 13720 1 2
67860 24920 86940 25480 1 2
67860 24920 86940 25480 2 2
67840 24920 86960 25480 0 2
67840 24920 86960 25480 1 2
67860 36680 86940 37240 1 2
67860 36680 86940 37240 2 2
67840 36680 86960 37240 0 2
67840 36680 86960 37240 1 2
67860 48440 86940 49000 1 2
67860 48440 86940 49000 2 2
67840 48440 86960 49000 0 2
67840 48440 86960 49000 1 2
68550 220 69050 8180 0 2
68550 220 69050 8180 1 2
68550 11980 69050 19940 0 2
68550 11980 69050 19940 1 2
68550 23740 69050 31700 0 2
68550 23740 69050 31700 1 2
68550 35500 69050 43460 0 2
68550 35500 69050 43460 1 2
68550 47260 69050 55220 0 2
68550 47260 69050 55220 1 2
68720 560 86080 1120 1 2
68720 560 86080 1120 2 2
68700 560 86100 1120 0 2
68700 560 86100 1120 1 2
68720 8960 86080 9520 1 2
68720 8960 86080 9520 2 2
68700 8960 86100 9520 0 2
68700 8960 86100 9520 1 2
68720 12320 86080 12880 1 2
68720 12320 86080 12880 2 2
68700 12320 86100 12880 0 2
68700 12320 86100 12880 1 2
68720 20720 86080 21280 1 2
68720 20720 86080 21280 2 2
68700 20720 86100 21280 0 2
68700 20720 86100 21280 1 2
68720 24080 86080 24640 1 2
68720 24080 86080 24640 2 2
68700 24080 86100 24640 0 2
68700 24080 86100 24640 1 2
68720 32480 86080 33040 1 2
68720 32480 86080 33040 2 2
68700 32480 86100 33040 0 2
68700 32480 86100 33040 1 2
68720 35840 86080 36400 1 2
68720 35840 86080 36400 2 2
68700 35840 86100 36400 0 2
68700 35840 86100 36400 1 2
68720 44240 86080 44800 1 2
68720 44240 86080 44800 2 2
68700 44240 86100 44800 0 2
68700 44240 86100 44800 1 2
68720 47600 86080 48160 1 2
68720 47600 86080 48160 2 2
68700 47600 86100 48160 0 2
68700 47600 86100 48160 1 2
69410 220 69910 8180 0 2
69410 220 69910 8180 1 2
69410 7780 69910 10700 0 2
69410 7780 69910 10700 1 2
69410 11980 69910 19940 0 2
69410 11980 69910 19940 1 2
69410 19540 69910 22460 0 2
69410 19540 69910 22460 1 2
69410 23740 69910 31700 0 2
69410 23740 69910 31700 1 2
69410 31300 69910 34220 0 2
69410 31300 69910 34220 1 2
69410 35500 69910 43460 0 2
69410 35500 69910 43460 1 2
69410 43060 69910 45980 0 2
69410 43060 69910 45980 1 2
69410 47260 69910 55220 0 2
69410 47260 69910 55220 1 2
70270 220 70770 8180 0 2
70270 220 70770 8180 1 2
70270 11980 70770 19940 0 2
70270 11980 70770 19940 1 2
70270 23740 70770 31700 0 2
70270 23740 70770 31700 1 2
70270 35500 70770 43460 0 2
70270 35500 70770 43460 1 2
70270 47260 70770 55220 0 2
70270 47260 70770 55220 1 2
71130 220 71630 8180 0 2
71130 220 71630 8180 1 2
71130 7780 71630 10700 0 2
71130 7780 71630 10700 1 2
71130 11980 71630 19940 0 2
71130 11980 71630 19940 1 2
71130 19540 71630 22460 0 2
71130 19540 71630 22460 1 2
71130 23740 71630 31700 0 2
71130 23740 71630 31700 1 2
71130 31300 71630 34220 0 2
71130 31300 71630 34220 1 2
71130 35500 71630 43460 0 2
71130 35500 71630 43460 1 2
71130 43060 71630 45980 0 2
71130 43060 71630 45980 1 2
71130 47260 71630 55220 0 2
71130 47260 71630 55220 1 2
71990 220 72490 8180 0 2
71990 220 72490 8180 1 2
71990 11980 72490 19940 0 2
71990 11980 72490 19940 1 2
71990 23740 72490 31700 0 2
71990 23740 72490 31700 1 2
71990 35500 72490 43460 0 2
71990 35500 72490 43460 1 2
71990 47260 72490 55220 0 2
71990 47260 72490 55220 1 2
72850 220 73350 8180 0 2
72850 220 73350 8180 1 2
72850 7780 73350 10700 0 2
72850 7780 73350 10700 1 2
72850 11980 73350 19940 0 2
72850 11980 73350 19940 1 2
72850 19540 73350 22460 0 2
72850 19540 73350 22460 1 2
72850 23740 73350 31700 0 2
72850 23740 73350 31700 1 2
72850 31300 73350 34220 0 2
72850 31300 73350 34220 1 2
72850 35500 73350 43460 0 2
72850 35500 73350 43460 1 2
72850 43060 73350 45980 0 2
72850 43060 73350 45980 1 2
72850 47260 73350 55220 0 2
72850 47260 73350 55220 1 2
73710 220 74210 8180 0 2
73710 220 74210 8180 1 2
73710 11980 74210 19940 0 2
73710 11980 74210 19940 1 2
73710 23740 74210 31700 0 2
73710 23740 74210 31700 1 2
73710 35500 74210 43460 0 2
73710 35500 74210 43460 1 2
73710 47260 74210 55220 0 2
73710 47260 74210 55220 1 2
74570 220 75070 8180 0 2
74570 220 75070 8180 1 2
74570 7780 75070 10700 0 2
74570 7780 75070 10700 1 2
74570 11980 75070 19940 0 2
74570 11980 75070 19940 1 2
74570 19540 75070 22460 0 2
74570 19540 75070 22460 1 2
74570 23740 75070 31700 0 2
74570 23740 75070 31700 1 2
74570 31300 75070 34220 0 2
74570 31300 75070 34220 1 2
74570 35500 75070 43460 0 2
74570 35500 75070 43460 1 2
74570 43060 75070 45980 0 2
74570 43060 75070 45980 1 2
74570 47260 75070 55220 0 2
74570 47260 75070 55220 1 2
75430 220 75930 8180 0 2
75430 220 75930 8180 1 2
75430 11980 75930 19940 0 2
75430 11980 75930 19940 1 2
75430 23740 75930 31700 0 2
75430 23740 75930 31700 1 2
75430 35500 75930 43460 0 2
75430 35500 75930 43460 1 2
75430 47260 75930 55220 0 2
75430 47260 75930 55220 1 2
76290 220 76790 8180 0 2
76290 220 76790 8180 1 2
76290 7780 76790 10700 0 2
76290 7780 76790 10700 1 2
76290 11980 76790 19940 0 2
76290 11980 76790 19940 1 2
76290 19540 76790 22460 0 2
76290 19540 76790 22460 1 2
76290 23740 76790 31700 0 2
76290 23740 76790 31700 1 2
76290 31300 76790 34220 0 2
76290 31300 76790 34220 1 2
76290 35500 76790 43460 0 2
76290 35500 76790 43460 1 2
76290 43060 76790 45980 0 2
76290 43060 76790 45980 1 2
76290 47260 76790 55220 0 2
76290 47260 76790 55220 1 2
76480 29960 78320 30520 1 2
76480 29960 78320 30520 2 2
76460 29960 78340 30520 0 2
76460 29960 78340 30520 1 2
77120 8270 77680 57250 2 2
77120 8270 77680 57250 3 2
77120 8320 77680 57200 1 2
77120 8320 77680 57200 2 2
77120 29220 77680 31260 2 2
77120 29220 77680 31260 3 2
77120 29270 77680 31210 1 2
77120 29270 77680 31210 2 2
77120 29270 77680 31210 2 2
77120 29270 77680 31210 3 2
77120 29320 77680 31160 1 2
77120 29320 77680 31160 2 2
77150 220 77650 8180 0 2
77150 220 77650 8180 1 2
77150 11980 77650 19940 0 2
77150 11980 77650 19940 1 2
77150 23740 77650 31700 0 2
77150 23740 77650 31700 1 2
77150 35500 77650 43460 0 2
77150 35500 77650 43460 1 2
77150 47260 77650 55220 0 2
77150 47260 77650 55220 1 2
77980 710 78540 61450 2 2
77980 710 78540 61450 3 2
77980 760 78540 61400 1 2
77980 760 78540 61400 2 2
78010 220 78510 8180 0 2
78010 220 78510 8180 1 2
78010 7780 78510 10700 0 2
78010 7780 78510 10700 1 2
78010 11980 78510 19940 0 2
78010 11980 78510 19940 1 2
78010 19540 78510 22460 0 2
78010 19540 78510 22460 1 2
78010 23740 78510 31700 0 2
78010 23740 78510 31700 1 2
78010 31300 78510 34220 0 2
78010 31300 78510 34220 1 2
78010 35500 78510 43460 0 2
78010 35500 78510 43460 1 2
78010 43060 78510 45980 0 2
78010 43060 78510 45980 1 2
78010 47260 78510 55220 0 2
78010 47260 78510 55220 1 2
78870 220 79370 8180 0 2
78870 220 79370 8180 1 2
78870 11980 79370 19940 0 2
78870 11980 79370 19940 1 2
78870 23740 79370 31700 0 2
78870 23740 79370 31700 1 2
78870 35500 79370 43460 0 2
78870 35500 79370 43460 1 2
78870 47260 79370 55220 0 2
78870 47260 79370 55220 1 2
79730 220 80230 8180 0 2
79730 220 80230 8180 1 2
79730 7780 80230 10700 0 2
79730 7780 80230 10700 1 2
79730 11980 80230 19940 0 2
79730 11980 80230 19940 1 2
79730 19540 80230 22460 0 2
79730 19540 80230 22460 1 2
79730 23740 80230 31700 0 2
79730 23740 80230 31700 1 2
79730 31300 80230 34220 0 2
79730 31300 80230 34220 1 2
79730 35500 80230 43460 0 2
79730 35500 80230 43460 1 2
79730 43060 80230 45980 0 2
79730 43060 80230 45980 1 2
79730 47260 80230 55220 0 2
79730 47260 80230 55220 1 2
80590 220 81090 8180 0 2
80590 220 81090 8180 1 2
80590 11980 81090 19940 0 2
80590 11980 81090 19940 1 2
80590 23740 81090 31700 0 2
80590 23740 81090 31700 1 2
80590 35500 81090 43460 0 2
80590 35500 81090 43460 1 2
80590 47260 81090 55220 0 2
80590 47260 81090 55220 1 2
81450 220 81950 8180 0 2
81450 220 81950 8180 1 2
81450 7780 81950 10700 0 2
81450 7780 81950 10700 1 2
81450 11980 81950 19940 0 2
81450 11980 81950 19940 1 2
81450 19540 81950 22460 0 2
81450 19540 81950 22460 1 2
81450 23740 81950 31700 0 2
81450 23740 81950 31700 1 2
81450 31300 81950 34220 0 2
81450 31300 81950 34220 1 2
81450 35500 81950 43460 0 2
81450 35500 81950 43460 1 2
81450 43060 81950 45980 0 2
81450 43060 81950 45980 1 2
81450 47260 81950 55220 0 2
81450 47260 81950 55220 1 2
82310 220 82810 8180 0 2
82310 220 82810 8180 1 2
82310 11980 82810 19940 0 2
82310 11980 82810 19940 1 2
82310 23740 82810 31700 0 2
82310 23740 82810 31700 1 2
82310 35500 82810 43460 0 2
82310 35500 82810 43460 1 2
82310 47260 82810 55220 0 2
82310 47260 82810 55220 1 2
83170 220 83670 8180 0 2
83170 220 83670 8180 1 2
83170 7780 83670 10700 0 2
83170 7780 83670 10700 1 2
83170 11980 83670 19940 0 2
83170 11980 83670 19940 1 2
83170 19540 83670 22460 0 2
83170 19540 83670 22460 1 2
83170 23740 83670 31700 0 2
83170 23740 83670 31700 1 2
83170 31300 83670 34220 0 2
83170 31300 83670 34220 1 2
83170 35500 83670 43460 0 2
83170 35500 83670 43460 1 2
83170 43060 83670 45980 0 2
83170 43060 83670 45980 1 2
83170 47260 83670 55220 0 2
83170 47260 83670 55220 1 2
84030 220 84530 8180 0 2
84030 220 84530 8180 1 2
84030 11980 84530 19940 0 2
84030 11980 84530 19940 1 2
84030 23740 84530 31700 0 2
84030 23740 84530 31700 1 2
84030 35500 84530 43460 0 2
84030 35500 84530 43460 1 2
84030 47260 84530 55220 0 2
84030 47260 84530 55220 1 2
84890 220 85390 8180 0 2
84890 220 85390 8180 1 2
84890 7780 85390 10700 0 2
84890 7780 85390 10700 1 2
84890 11980 85390 19940 0 2
84890 11980 85390 19940 1 2
84890 19540 85390 22460 0 2
84890 19540 85390 22460 1 2
84890 23740 85390 31700 0 2
84890 23740 85390 31700 1 2
84890 31300 85390 34220 0 2
84890 31300 85390 34220 1 2
84890 35500 85390 43460 0 2
84890 35500 85390 43460 1 2
84890 43060 85390 45980 0 2
84890 43060 85390 45980 1 2
84890 47260 85390 55220 0 2
84890 47260 85390 55220 1 2
85750 220 86250 8180 0 2
85750 220 86250 8180 1 2
85750 11980 86250 19940 0 2
85750 11980 86250 19940 1 2
85750 23740 86250 31700 0 2
85750 23740 86250 31700 1 2
85750 35500 86250 43460 0 2
85750 35500 86250 43460 1 2
85750 47260 86250 55220 0 2
85750 47260 86250 55220 1 2
88500 48440 121340 49000 1 2
88500 48440 121340 49000 2 2
88480 48440 121360 49000 0 2
88480 48440 121360 49000 1 2
89190 23740 89690 31700 0 2
89190 23740 89690 31700 1 2
89190 42220 89690 50180 0 2
89190 42220 89690 50180 1 2
89360 18200 132520 18760 1 2
89360 18200 132520 18760 2 2
89340 18200 132540 18760 0 2
89340 18200 132540 18760 1 2
89360 22400 132520 22960 1 2
89360 22400 132520 22960 2 2
89340 22400 132540 22960 0 2
89340 22400 132540 22960 1 2
89360 30800 132520 31360 1 2
89360 30800 132520 31360 2 2
89340 30800 132540 31360 0 2
89340 30800 132540 31360 1 2
89360 36680 120480 37240 1 2
89360 36680 120480 37240 2 2
89340 36680 120500 37240 0 2
89340 36680 120500 37240 1 2
89360 40880 120480 41440 1 2
89360 40880 120480 41440 2 2
89340 40880 120500 41440 0 2
89340 40880 120500 41440 1 2
89360 49280 120480 49840 1 2
89360 49280 120480 49840 2 2
89340 49280 120500 49840 0 2
89340 49280 120500 49840 1 2
90050 17020 90550 19940 0 2
90050 17020 90550 19940 1 2
90050 21220 90550 24140 0 2
90050 21220 90550 24140 1 2
90050 23740 90550 31700 0 2
90050 23740 90550 31700 1 2
90050 35500 90550 38420 0 2
90050 35500 90550 38420 1 2
90050 39700 90550 42620 0 2
90050 39700 90550 42620 1 2
90050 42220 90550 50180 0 2
90050 42220 90550 50180 1 2
90910 23740 91410 31700 0 2
90910 23740 91410 31700 1 2
90910 42220 91410 50180 0 2
90910 42220 91410 50180 1 2
91770 17020 92270 19940 0 2
91770 17020 92270 19940 1 2
91770 21220 92270 24140 0 2
91770 21220 92270 24140 1 2
91770 23740 92270 31700 0 2
91770 23740 92270 31700 1 2
91770 35500 92270 38420 0 2
91770 35500 92270 38420 1 2
91770 39700 92270 42620 0 2
91770 39700 92270 42620 1 2
91770 42220 92270 50180 0 2
91770 42220 92270 50180 1 2
92630 23740 93130 31700 0 2
92630 23740 93130 31700 1 2
92630 42220 93130 50180 0 2
92630 42220 93130 50180 1 2
93490 17020 93990 19940 0 2
93490 17020 93990 19940 1 2
93490 21220 93990 24140 0 2
93490 21220 93990 24140 1 2
93490 23740 93990 31700 0 2
93490 23740 93990 31700 1 2
93490 35500 93990 38420 0 2
93490 35500 93990 38420 1 2
93490 39700 93990 42620 0 2
93490 39700 93990 42620 1 2
93490 42220 93990 50180 0 2
93490 42220 93990 50180 1 2
94350 23740 94850 31700 0 2
94350 23740 94850 31700 1 2
94350 42220 94850 50180 0 2
94350 42220 94850 50180 1 2
95210 17020 95710 19940 0 2
95210 17020 95710 19940 1 2
95210 21220 95710 24140 0 2
95210 21220 95710 24140 1 2
95210 23740 95710 31700 0 2
95210 23740 95710 31700 1 2
95210 35500 95710 38420 0 2
95210 35500 95710 38420 1 2
95210 39700 95710 42620 0 2
95210 39700 95710 42620 1 2
95210 42220 95710 50180 0 2
95210 42220 95710 50180 1 2
96070 23740 96570 31700 0 2
96070 23740 96570 31700 1 2
96070 42220 96570 50180 0 2
96070 42220 96570 50180 1 2
96930 17020 97430 19940 0 2
96930 17020 97430 19940 1 2
96930 21220 97430 24140 0 2
96930 21220 97430 24140 1 2
96930 23740 97430 31700 0 2
96930 23740 97430 31700 1 2
96930 35500 97430 38420 0 2
96930 35500 97430 38420 1 2
96930 39700 97430 42620 0 2
96930 39700 97430 42620 1 2
96930 42220 97430 50180 0 2
96930 42220 97430 50180 1 2
97790 23740 98290 31700 0 2
97790 23740 98290 31700 1 2
97790 42220 98290 50180 0 2
97790 42220 98290 50180 1 2
98650 17020 99150 19940 0 2
98650 17020 99150 19940 1 2
98650 21220 99150 24140 0 2
98650 21220 99150 24140 1 2
98650 23740 99150 31700 0 2
98650 23740 99150 31700 1 2
98650 35500 99150 38420 0 2
98650 35500 99150 38420 1 2
98650 39700 99150 42620 0 2
98650 39700 99150 42620 1 2
98650 42220 99150 50180 0 2
98650 42220 99150 50180 1 2
99510 23740 100010 31700 0 2
99510 23740 100010 31700 1 2
99510 42220 100010 50180 0 2
99510 42220 100010 50180 1 2
100370 17020 100870 19940 0 2
100370 17020 100870 19940 1 2
100370 21220 100870 24140 0 2
100370 21220 100870 24140 1 2
100370 23740 100870 31700 0 2
100370 23740 100870 31700 1 2
100370 35500 100870 38420 0 2
100370 35500 100870 38420 1 2
100370 39700 100870 42620 0 2
100370 39700 100870 42620 1 2
100370 42220 100870 50180 0 2
100370 42220 100870 50180 1 2
101230 23740 101730 31700 0 2
101230 23740 101730 31700 1 2
101230 42220 101730 50180 0 2
101230 42220 101730 50180 1 2
102090 17020 102590 19940 0 2
102090 17020 102590 19940 1 2
102090 21220 102590 24140 0 2
102090 21220 102590 24140 1 2
102090 23740 102590 31700 0 2
102090 23740 102590 31700 1 2
102090 35500 102590 38420 0 2
102090 35500 102590 38420 1 2
102090 39700 102590 42620 0 2
102090 39700 102590 42620 1 2
102090 42220 102590 50180 0 2
102090 42220 102590 50180 1 2
102950 23740 103450 31700 0 2
102950 23740 103450 31700 1 2
102950 42220 103450 50180 0 2
102950 42220 103450 50180 1 2
103780 48590 104340 62290 2 2
103780 48590 104340 62290 3 2
103780 48640 104340 62240 1 2
103780 48640 104340 62240 2 2
103810 17020 104310 19940 0 2
103810 17020 104310 19940 1 2
103810 21220 104310 24140 0 2
103810 21220 104310 24140 1 2
103810 23740 104310 31700 0 2
103810 23740 104310 31700 1 2
103810 35500 104310 38420 0 2
103810 35500 104310 38420 1 2
103810 39700 104310 42620 0 2
103810 39700 104310 42620 1 2
103810 42220 104310 50180 0 2
103810 42220 104310 50180 1 2
104000 30800 105840 31360 1 2
104000 30800 105840 31360 2 2
103980 30800 105860 31360 0 2
103980 30800 105860 31360 1 2
104640 30110 105200 32050 2 2
104640 30110 105200 32050 3 2
104640 30160 105200 32000 1 2
104640 30160 105200 32000 2 2
104640 30430 105200 41810 2 2
104640 30430 105200 41810 3 2
104640 30480 105200 41760 1 2
104640 30480 105200 41760 2 2
104640 40190 105200 53890 2 2
104640 40190 105200 53890 3 2
104640 40240 105200 53840 1 2
104640 40240 105200 53840 2 2
104670 23740 105170 31700 0 2
104670 23740 105170 31700 1 2
104670 42220 105170 50180 0 2
104670 42220 105170 50180 1 2
105500 35990 106060 61450 2 2
105500 35990 106060 61450 3 2
105500 36040 106060 61400 1 2
105500 36040 106060 61400 2 2
105530 17020 106030 19940 0 2
105530 17020 106030 19940 1 2
105530 21220 106030 24140 0 2
105530 21220 106030 24140 1 2
105530 23740 106030 31700 0 2
105530 23740 106030 31700 1 2
105530 35500 106030 38420 0 2
105530 35500 106030 38420 1 2
105530 39700 106030 42620 0 2
105530 39700 106030 42620 1 2
105530 42220 106030 50180 0 2
105530 42220 106030 50180 1 2
106390 23740 106890 31700 0 2
106390 23740 106890 31700 1 2
106390 42220 106890 50180 0 2
106390 42220 106890 50180 1 2
107250 17020 107750 19940 0 2
107250 17020 107750 19940 1 2
107250 21220 107750 24140 0 2
107250 21220 107750 24140 1 2
107250 23740 107750 31700 0 2
107250 23740 107750 31700 1 2
107250 35500 107750 38420 0 2
107250 35500 107750 38420 1 2
107250 39700 107750 42620 0 2
107250 39700 107750 42620 1 2
107250 42220 107750 50180 0 2
107250 42220 107750 50180 1 2
108110 23740 108610 31700 0 2
108110 23740 108610 31700 1 2
108110 42220 108610 50180 0 2
108110 42220 108610 50180 1 2
108970 17020 109470 19940 0 2
108970 17020 109470 19940 1 2
108970 21220 109470 24140 0 2
108970 21220 109470 24140 1 2
108970 23740 109470 31700 0 2
108970 23740 109470 31700 1 2
108970 35500 109470 38420 0 2
108970 35500 109470 38420 1 2
108970 39700 109470 42620 0 2
108970 39700 109470 42620 1 2
108970 42220 109470 50180 0 2
108970 42220 109470 50180 1 2
109830 23740 110330 31700 0 2
109830 23740 110330 31700 1 2
109830 42220 110330 50180 0 2
109830 42220 110330 50180 1 2
110690 17020 111190 19940 0 2
110690 17020 111190 19940 1 2
110690 21220 111190 24140 0 2
110690 21220 111190 24140 1 2
110690 23740 111190 31700 0 2
110690 23740 111190 31700 1 2
110690 35500 111190 38420 0 2
110690 35500 111190 38420 1 2
110690 39700 111190 42620 0 2
110690 39700 111190 42620 1 2
110690 42220 111190 50180 0 2
110690 42220 111190 50180 1 2
111550 23740 112050 31700 0 2
111550 23740 112050 31700 1 2
111550 42220 112050 50180 0 2
111550 42220 112050 50180 1 2
112410 17020 112910 19940 0 2
112410 17020 112910 19940 1 2
112410 21220 112910 24140 0 2
112410 21220 112910 24140 1 2
112410 23740 112910 31700 0 2
112410 23740 112910 31700 1 2
112410 35500 112910 38420 0 2
112410 35500 112910 38420 1 2
112410 39700 112910 42620 0 2
112410 39700 112910 42620 1 2
112410 42220 112910 50180 0 2
112410 42220 112910 50180 1 2
113270 23740 113770 31700 0 2
113270 23740 113770 31700 1 2
113270 42220 113770 50180 0 2
113270 42220 113770 50180 1 2
114130 17020 114630 19940 0 2
114130 17020 114630 19940 1 2
114130 21220 114630 24140 0 2
114130 21220 114630 24140 1 2
114130 23740 114630 31700 0 2
114130 23740 114630 31700 1 2
114130 35500 114630 38420 0 2
114130 35500 114630 38420 1 2
114130 39700 114630 42620 0 2
114130 39700 114630 42620 1 2
114130 42220 114630 50180 0 2
114130 42220 114630 50180 1 2
114990 23740 115490 31700 0 2
114990 23740 115490 31700 1 2
114990 42220 115490 50180 0 2
114990 42220 115490 50180 1 2
115850 17020 116350 19940 0 2
115850 17020 116350 19940 1 2
115850 21220 116350 24140 0 2
115850 21220 116350 24140 1 2
115850 23740 116350 31700 0 2
115850 23740 116350 31700 1 2
115850 35500 116350 38420 0 2
115850 35500 116350 38420 1 2
115850 39700 116350 42620 0 2
115850 39700 116350 42620 1 2
115850 42220 116350 50180 0 2
115850 42220 116350 50180 1 2
116710 23740 117210 31700 0 2
116710 23740 117210 31700 1 2
116710 42220 117210 50180 0 2
116710 42220 117210 50180 1 2
117570 17020 118070 19940 0 2
117570 17020 118070 19940 1 2
117570 21220 118070 24140 0 2
117570 21220 118070 24140 1 2
117570 23740 118070 31700 0 2
117570 23740 118070 31700 1 2
117570 35500 118070 38420 0 2
117570 35500 118070 38420 1 2
117570 39700 118070 42620 0 2
117570 39700 118070 42620 1 2
117570 42220 118070 50180 0 2
117570 42220 118070 50180 1 2
118430 23740 118930 31700 0 2
118430 23740 118930 31700 1 2
118430 42220 118930 50180 0 2
118430 42220 118930 50180 1 2
119290 17020 119790 19940 0 2
119290 17020 119790 19940 1 2
119290 21220 119790 24140 0 2
119290 21220 119790 24140 1 2
119290 23740 119790 31700 0 2
119290 23740 119790 31700 1 2
119290 35500 119790 38420 0 2
119290 35500 119790 38420 1 2
119290 39700 119790 42620 0 2
119290 39700 119790 42620 1 2
119290 42220 119790 50180 0 2
119290 42220 119790 50180 1 2
120150 23740 120650 31700 0 2
120150 23740 120650 31700 1 2
120150 42220 120650 50180 0 2
120150 42220 120650 50180 1 2
121010 17020 121510 19940 0 2
121010 17020 121510 19940 1 2
121010 21220 121510 24140 0 2
121010 21220 121510 24140 1 2
121010 23740 121510 31700 0 2
121010 23740 121510 31700 1 2
121870 23740 122370 31700 0 2
121870 23740 122370 31700 1 2
122730 17020 123230 19940 0 2
122730 17020 123230 19940 1 2
122730 21220 123230 24140 0 2
122730 21220 123230 24140 1 2
122730 23740 123230 31700 0 2
122730 23740 123230 31700 1 2
123590 23740 124090 31700 0 2
123590 23740 124090 31700 1 2
124450 17020 124950 19940 0 2
124450 17020 124950 19940 1 2
124450 21220 124950 24140 0 2
124450 21220 124950 24140 1 2
124450 23740 124950 31700 0 2
124450 23740 124950 31700 1 2
125310 23740 125810 31700 0 2
125310 23740 125810 31700 1 2
126170 17020 126670 19940 0 2
126170 17020 126670 19940 1 2
126170 21220 126670 24140 0 2
126170 21220 126670 24140 1 2
126170 23740 126670 31700 0 2
126170 23740 126670 31700 1 2
126340 33320 133380 33880 1 2
126340 33320 133380 33880 2 2
126320 33320 133400 33880 0 2
126320 33320 133400 33880 1 2
126340 45080 133380 45640 1 2
126340 45080 133380 45640 2 2
126320 45080 133400 45640 0 2
126320 45080 133400 45640 1 2
127030 23740 127530 31700 0 2
127030 23740 127530 31700 1 2
127030 32140 127530 40100 0 2
127030 32140 127530 40100 1 2
127030 43900 127530 51860 0 2
127030 43900 127530 51860 1 2
127200 32480 132520 33040 1 2
127200 32480 132520 33040 2 2
127180 32480 132540 33040 0 2
127180 32480 132540 33040 1 2
127200 40880 132520 41440 1 2
127200 40880 132520 41440 2 2
127180 40880 132540 41440 0 2
127180 40880 132540 41440 1 2
127200 44240 132520 44800 1 2
127200 44240 132520 44800 2 2
127180 44240 132540 44800 0 2
127180 44240 132540 44800 1 2
127890 17020 128390 19940 0 2
127890 17020 128390 19940 1 2
127890 21220 128390 24140 0 2
127890 21220 128390 24140 1 2
127890 23740 128390 31700 0 2
127890 23740 128390 31700 1 2
127890 32140 128390 40100 0 2
127890 32140 128390 40100 1 2
127890 39700 128390 42620 0 2
127890 39700 128390 42620 1 2
127890 43900 128390 51860 0 2
127890 43900 128390 51860 1 2
128750 23740 129250 31700 0 2
128750 23740 129250 31700 1 2
128750 32140 129250 40100 0 2
128750 32140 129250 40100 1 2
128750 43900 129250 51860 0 2
128750 43900 129250 51860 1 2
128940 30800 130780 31360 1 2
128940 30800 130780 31360 2 2
128920 30800 130800 31360 0 2
128920 30800 130800 31360 1 2
129580 30110 130140 32050 2 2
129580 30110 130140 32050 3 2
129580 30160 130140 32000 1 2
129580 30160 130140 32000 2 2
129580 30430 130140 33410 2 2
129580 30430 130140 33410 3 2
129580 30480 130140 33360 1 2
129580 30480 130140 33360 2 2
129580 31790 130140 53890 2 2
129580 31790 130140 53890 3 2
129580 31840 130140 53840 1 2
129580 31840 130140 53840 2 2
129610 17020 130110 19940 0 2
129610 17020 130110 19940 1 2
129610 21220 130110 24140 0 2
129610 21220 130110 24140 1 2
129610 23740 130110 31700 0 2
129610 23740 130110 31700 1 2
129610 32140 130110 40100 0 2
129610 32140 130110 40100 1 2
129610 39700 130110 42620 0 2
129610 39700 130110 42620 1 2
129610 43900 130110 51860 0 2
129610 43900 130110 51860 1 2
130440 32630 131000 58090 2 2
130440 32630 131000 58090 3 2
130440 32680 131000 58040 1 2
130440 32680 131000 58040 2 2
130470 23740 130970 31700 0 2
130470 23740 130970 31700 1 2
130470 32140 130970 40100 0 2
130470 32140 130970 40100 1 2
130470 43900 130970 51860 0 2
130470 43900 130970 51860 1 2
131330 17020 131830 19940 0 2
131330 17020 131830 19940 1 2
131330 21220 131830 24140 0 2
131330 21220 131830 24140 1 2
131330 23740 131830 31700 0 2
131330 23740 131830 31700 1 2
131330 32140 131830 40100 0 2
131330 32140 131830 40100 1 2
131330 39700 131830 42620 0 2
131330 39700 131830 42620 1 2
131330 43900 131830 51860 0 2
131330 43900 131830 51860 1 2
132190 23740 132690 31700 0 2
132190 23740 132690 31700 1 2
132190 32140 132690 40100 0 2
132190 32140 132690 40100 1 2
132190 43900 132690 51860 0 2
132190 43900 132690 51860 1 2
